% # columns="iteration, evaluation, min max(neg(.)) min(pos(.)) max correlation, correlation matrix principal axes lengths  (sorted square roots of eigenvalues of correlation matrix)", seed=1, Fri Feb 20 03:15:06 2026
1 32 -0.08501561231856698 -0.05221670637474095 0.07612000170964243 0.08609999846061085 0.9239741869173579 1.0228268563947809 1.048855053736205
2 64 -0.20042450813679433 -0.18425306421060123 -0.07545808527852221 -0.05536453622735561 0.8544835904624749 1.025186578890592 1.1040155216721197
3 96 -0.09651329722023749 -0.08369176851778484 -0.027032741005107754 -0.020967927203334718 0.9403818212559985 1.0078939966282279 1.0487286216233587
4 128 -0.23790765710298978 -0.22264249332165925 0.020364945710653552 0.08610226160676061 0.8604829955808302 0.9582417653781196 1.158163085839497
5 160 -0.35094866229373434 -0.30638935408643997 0.2397539005562726 0.3772423438965491 0.7506608914599313 0.9098724504969367 1.2683218636683988
6 192 -0.4659211916367769 -0.4550224045239565 0.34950233197950553 0.6067784570345057 0.624418119869052 0.7803998982699917 1.4145946452462572
7 224 -0.5094795534980955 -0.46992483642394023 0.39631904378672234 0.6455122867827879 0.5682921475269447 0.814467161989185 1.4190444944047722
8 256 -0.47022630235822954 -0.4613448975899761 0.42725280808276966 0.7145706385387649 0.5328801682059486 0.7910709586729059 1.44576812272132
9 288 -0.18414766086587334 -0.17604303866718085 0.35581249696810996 0.5249930533145144 0.6884000887304186 0.9537065896929312 1.271435825597278
10 320 -0.1695860384674752 -0.1544576310704246 0.32897687318874236 0.4749933005447474 0.7216862278569552 0.9658529009417852 1.243501975174924
11 352 0.00947425521030099 0.07037660447924628 0.44629283687767385 0.5106958984082044 0.6586055901445044 0.9962238447659882 1.254502581802876
12 384 0.013179942653541764 0.09807397573597143 0.43477244867956144 0.4621112399116618 0.6518802216844 0.9936230901527181 1.2600656059475872
13 416 -0.06297657646896739 -0.013496340499038764 0.40374710675290815 0.49334801986696186 0.6852378907977313 1.0157237400094483 1.2242362178094122
14 448 -0.22775710500713664 -0.18944207872684035 0.410079198609905 0.5716045981085238 0.6381070284536751 0.974251082301869 1.2820507980854963
15 480 -0.17953046790717914 -0.09691528660262609 0.5289265725446491 0.6549253442891878 0.5198306923475016 1.0364287369215774 1.2866979150432554
16 512 0.0011869001403057044 0.0880512258956395 0.46888680372966984 0.5089676705856795 0.6193741975456077 0.9994464752387477 1.271802793890459
17 544 -0.06764292997990211 0.049588117708145266 0.4315193585176962 0.44159872443283243 0.6071777295530558 1.0331147152420572 1.2506035302545404
18 576 -0.004812925065886563 0.08476514922509942 0.3587254870044053 0.3604675253065213 0.7019354499167604 1.0024031165625449 1.2257547128426032
19 608 -0.05769969585827474 0.006283762191715156 0.33471087609977207 0.38020312268580114 0.7387600016877753 1.0232407517506907 1.1862596780903243
20 640 0.1236171067121791 0.18837517489276007 0.48166237159833697 0.514666702319615 0.6433531923384357 0.9391544842611754 1.3054062680254255
21 672 0.011934911703315112 0.12355819738083978 0.5665859443917942 0.6026385743845877 0.49853493563502954 0.9942324743588161 1.3277668111839984
22 704 -0.2759362698762228 -0.14314033439246832 0.4049753512557053 0.454884644321342 0.5774188192571293 1.1004503723883812 1.2064810338658356
23 736 -0.30393095121220437 -0.16902703789234255 0.4292526793885926 0.49377533849570915 0.5460708531423284 1.0961072166688208 1.2248900329886518
24 768 -0.15247946191188164 -0.07148539475995674 0.4314114215610241 0.5180496265160928 0.6286175325024 1.0423069704049714 1.2322484235233588
25 800 -0.3064007903437552 -0.2088068434704572 0.3853739738300758 0.4858402993902887 0.6208557076231617 1.037048353877739 1.2405921578146526
26 832 -0.3225788033977113 -0.21849369252078815 0.3439458290842988 0.42734055874240473 0.6458056339696793 1.044007917282191 1.2218766516245094
27 864 -0.2591044171376976 -0.16156843036680135 0.42774515404383984 0.5266470287431573 0.5951575182038412 1.0496666690263337 1.2425729002600234
28 896 -0.35366508807764274 -0.29637016382719694 0.3721316887531785 0.5376707153628578 0.6393237188580256 0.9414893487167894 1.305704020350087
29 928 -0.604179983577171 -0.5613371374500661 0.27805285806386926 0.5150066771080762 0.6183130182291423 0.7614784470573198 1.427529189248171
30 960 -0.5461503480687755 -0.5346831642112067 0.3613525147518287 0.6485638905486051 0.5889913223951647 0.721630997508364 1.460252692371522
31 992 -0.6582005907460446 -0.6403843419598076 0.3006538153146584 0.5965169522865768 0.5843263226317944 0.6559269005759156 1.4927567282650167
32 1024 -0.4288400133056297 -0.4204050741993836 0.2102966574540051 0.41209562889888857 0.7539439778848773 0.7793529734187493 1.3506211241626873
33 1056 -0.47218603783460733 -0.40267264071335607 0.34469646627715694 0.52430610481941 0.6196406248734794 0.8983950470356735 1.3449653658991274
34 1088 -0.40248958068336604 -0.3728281685252676 0.35934605431831024 0.5737427164414044 0.6389033768250331 0.8602078872186213 1.36082506805557
35 1120 -0.2994635290122621 -0.2948168134897511 0.3406643670978793 0.547844711771245 0.6720993959856145 0.8837102093775947 1.32941290341172
36 1152 -0.38695662844070805 -0.34633629302199137 0.24657103650760165 0.40358647759874927 0.7360223107409224 0.8808050232307656 1.2970943177514282
37 1184 -0.5682304129151468 -0.4271105518649345 0.2248175279928475 0.3010070268952293 0.598760027428297 0.9984472157926872 1.282415528145966
38 1216 -0.546648990139053 -0.4634398812292877 0.28294111115598974 0.4485256663746502 0.6230219985214114 0.8894870082752246 1.3493170314896261
39 1248 -0.4523443163370998 -0.35646315892257563 0.32275550484884996 0.4532805686914676 0.6269865178227958 0.9649769240275303 1.2944911906084222
40 1280 -0.4398753814796637 -0.37018212181828825 0.2331880694757184 0.36461820691234514 0.7079672700300621 0.9177157355960168 1.2870820382577186
41 1312 -0.318329223248357 -0.27829455253720037 0.26270782996110886 0.4030072867493886 0.7454362282686036 0.9203569041489996 1.2638306842967326
42 1344 -0.5969584729323689 -0.4735982845489337 0.18494749541957245 0.2811025670256393 0.612455460374616 0.9596953506516407 1.3053287490111223
43 1376 -0.3552900775953205 -0.2546541807993159 0.17023887862219225 0.211234001633357 0.7515447860360922 1.0204841883837101 1.1805898762232396
44 1408 -0.4293044054664344 -0.28744612739237624 0.3565168748468914 0.4293129308525891 0.5655845957783857 1.0668311519633356 1.2417670305732804
45 1440 -0.34713825871828985 -0.22384716102122984 0.49682401139458043 0.6137566378361239 0.47549464255637797 1.06002258591337 1.284623276394179
46 1472 -0.26445974560991786 -0.15271862248129334 0.4400002304531442 0.5258320583026654 0.5704961230653168 1.0682019427663378 1.238337103957426
47 1504 -0.29891252653948464 -0.22714115178956532 0.48321556848249875 0.6482297671566007 0.539085628610475 0.9954929647411553 1.3108701088118968
48 1536 -0.26690697322816126 -0.20717002599547898 0.30105148615515576 0.4107217096393517 0.7229389753638285 0.9871498183869548 1.2259259659369728
49 1568 -0.19314364483294588 -0.13933444154388677 0.26017892566528894 0.3395408447792884 0.7743403742587248 1.0094425089298764 1.1753394428667039
50 1600 -0.37144069175421546 -0.350290847041917 0.19126433956720945 0.3506328903912865 0.7821254194286855 0.8452414424641629 1.2937722876242956
51 1632 -0.42101975066075836 -0.3944223344637291 0.1346501102128523 0.28441017557468345 0.7594817857507667 0.8599722143645884 1.2975496937049054
52 1664 -0.5836883949792648 -0.5017280591510949 0.2403573514158257 0.40575881910996253 0.6244807267188589 0.8746002225702169 1.3583439448964365
53 1696 -0.6019212779467449 -0.5502720167091215 0.21256753507009077 0.41519812442553816 0.6304600864001696 0.808816552604676 1.395828020813803
54 1728 -0.42859332964397545 -0.4252989027078148 0.016280451962195755 0.16017914324937194 0.6912302902510222 0.9164671611216193 1.2970306967937064
55 1760 -0.5059171191693377 -0.44713300306486925 0.15121954486985867 0.2918862780769662 0.7024577576983342 0.8843536660512994 1.3131914148329848
56 1792 -0.5250202731468994 -0.35696942033782453 0.3300977904126133 0.3910693411870177 0.5195310489888777 1.0678859820702 1.2608358411920564
57 1824 -0.6367565044470362 -0.47810332291564417 0.31334129241055186 0.41850298265455843 0.4888858265933656 0.9990155687718905 1.3277644903775283
58 1856 -0.591907145063704 -0.42551417071482817 0.31701316471805924 0.39812930218014586 0.5012290906140635 1.033500704428822 1.2963971971071704
59 1888 -0.6750593644981999 -0.5410178750529637 0.3436426054803773 0.504487942879588 0.4691790558078047 0.9311827926751074 1.3830291465537103
60 1920 -0.6654139782338174 -0.5329265307796048 0.33454197911520783 0.49121070162593283 0.4836973647887768 0.9331995045351127 1.3766537487806485
61 1952 -0.7223500699728653 -0.5617791244516853 0.3054309062264348 0.4339299709312948 0.43705726576887444 0.9640829434776393 1.3709577034081422
62 1984 -0.7388113219727828 -0.5423155383575577 0.2523899086736538 0.3207959407354993 0.4201348063931591 1.0170600749079168 1.3375632876560593
63 2016 -0.8067870863696289 -0.5721425311667299 0.19041503729436374 0.20995633824516244 0.3553039498528721 1.0310326483056322 1.3456339700478812
64 2048 -0.805753857699878 -0.5881521220953576 0.2116567333967912 0.26065794962298705 0.3639191687160125 1.018686505481763 1.3527160242232663
65 2080 -0.8718762942990423 -0.6946503879578889 0.3084781926838719 0.46562847988997197 0.26858688207697273 0.9304462610268305 1.436012131605218
66 2112 -0.8547485037572591 -0.7105744686425094 0.35416028832240065 0.5648978388626209 0.29569042442598265 0.8645565973778798 1.471430957548863
67 2144 -0.8340168992109958 -0.6402924749299485 0.24399110270917948 0.34502787097450804 0.3421357698811223 0.9789399634617838 1.3873066218054657
68 2176 -0.8861636986382772 -0.7115036358365374 0.19239422932139674 0.31903345490563517 0.3214817965327028 0.9398425945859487 1.4189240120246245
69 2208 -0.9042251891664885 -0.7058121494724229 0.1429147271885925 0.227410646381532 0.2966870403628878 0.9737860203452006 1.4013270805422144
70 2240 -0.9227409677621358 -0.7638067104612983 0.26501151566824666 0.4490166670772576 0.24642636432744425 0.8839308826435093 1.4689929345212742
71 2272 -0.9141028433683741 -0.728712421949313 0.20454558734989176 0.33024116903056544 0.2672783906590177 0.9443478661306733 1.4271542907552668
72 2304 -0.9355570891871692 -0.8001241561486815 0.23141861355650492 0.43983327041974596 0.25106646625382867 0.8464977196255254 1.490103097168649
73 2336 -0.9106473143920488 -0.6892735377452863 0.10873055815975878 0.15335814681467805 0.2834273334210218 0.9958752615153096 1.3884888945078615
74 2368 -0.8944923489832923 -0.6768269813364034 0.0888813591827334 0.12645210504222354 0.31562376129782727 0.9966937521711144 1.3809356269165036
75 2400 -0.8285973724948403 -0.6679784784411542 0.15753323351757403 0.2720849101167975 0.4081734796560348 0.9449480373364209 1.3930066824102214
76 2432 -0.6643028352894541 -0.5785334233674434 0.2640840467737697 0.45918712489883 0.561229637617153 0.8410564577591277 1.406287783037948
77 2464 -0.8517382951988044 -0.7231264107899105 0.28851640042595583 0.4971187864223505 0.35939184414409625 0.8461602508548293 1.4679408476624654
78 2496 -0.8923487528793305 -0.7822910949081272 0.25117284901544146 0.4856031723520944 0.32677932663100306 0.8048451675285534 1.498479071589765
79 2528 -0.9030668145267572 -0.8058293247948962 0.2702301717851625 0.5316791809133211 0.31092830529566606 0.7650676224889932 1.52249634547509
80 2560 -0.8677708242184533 -0.7062218382870258 0.1681901084537732 0.2981117714359453 0.3585240327212989 0.9320945270072404 1.4151538116700975
81 2592 -0.7871998873540952 -0.630189458904609 0.12894524182970082 0.2249797136249846 0.4581330691648001 0.9582122064004835 1.3681898473686895
82 2624 -0.8239352911647926 -0.6549952743092434 0.055803094577351164 0.12379586735066675 0.4191588043471441 0.9786141510909835 1.3662431116103557
83 2656 -0.8179362643206463 -0.6321608334270725 0.042105324221207385 0.08108527921039366 0.426661028328309 0.9926849192371933 1.353712309918498
84 2688 -0.7946275376461795 -0.6080765102353846 -0.02643318064532979 -0.019103098192773234 0.450014022299086 1.0011584789834116 1.3398391991928806
85 2720 -0.7362528441190421 -0.5917469466682009 -0.06412283790801566 -0.032754032438795086 0.48948583598172457 1.0066954686975953 1.3217291135769844
86 2752 -0.6407132561937517 -0.5204424118260088 0.08646661167070857 0.16849877513520484 0.5993505329778351 0.9616995628068129 1.3099285818380977
87 2784 -0.5220730792140593 -0.42589069648819844 0.18045179211878673 0.2863835722619209 0.6737139318345339 0.941309365704089 1.2884278078688847
88 2816 -0.4015974599903277 -0.31782916387172816 0.2968101401145954 0.41792161199143707 0.6728107484106755 0.9661935209266668 1.2703526191347019
89 2848 -0.2835006320771898 -0.2777389133814118 0.39639066339168244 0.6153388036202693 0.6197785455834758 0.9031178318298905 1.3417349724387861
90 2880 -0.2828219154875745 -0.24022537621132573 0.37264029603608145 0.5343323141756351 0.6604572953878559 0.9529312519673303 1.2867471352184685
91 2912 -0.5223978240022082 -0.44412056136035744 0.4786550476677641 0.7079696547019538 0.46000717602802055 0.8950487261344792 1.4097096069218549
92 2944 -0.49563781979848776 -0.45919067247374723 0.4005917540208753 0.6507387488610089 0.5684956218243868 0.8179923432775845 1.4169337508527875
93 2976 -0.4198342130454875 -0.35663754637042655 0.4197893624642454 0.6154016654007418 0.5705564965751008 0.9195625490389665 1.35235720230304
94 3008 -0.45088943715631036 -0.4301665948402613 0.4277531453050758 0.6930035497041391 0.5472894547242122 0.8238245828651833 1.4218956745889204
95 3040 -0.4701291080963538 -0.42732506243364904 0.48037386733333204 0.7401361315929542 0.48386691114004027 0.8580286574589842 1.4246612352706627
96 3072 -0.5395876305414891 -0.49193241029554896 0.4210226776224476 0.6776858200158397 0.5298218729314135 0.814757305636919 1.4336873145406281
97 3104 -0.6167503538822531 -0.5086179858105835 0.36753879217655094 0.5514586834339261 0.5087381967065955 0.9039088984043374 1.3871316269904521
98 3136 -0.6670890913261054 -0.534496410794489 0.3868584267059753 0.5613840253411804 0.43876059761934494 0.9302648416078553 1.3935912106658204
99 3168 -0.6717381826912652 -0.5420817734887933 0.39350826232052605 0.5757151983878273 0.43284349835896785 0.9213055211994983 1.401371700347802
100 3200 -0.6422707922393316 -0.5320312959113065 0.45502655484720705 0.6738063421053531 0.40520057306412766 0.8938355699979976 1.427189710373102
101 3232 -0.6438099848950887 -0.5587515615311224 0.41478594447761064 0.6542400231165553 0.47052683687430147 0.8345501058127194 1.4429589795517557
102 3264 -0.677302164778619 -0.6422630580181035 0.41669966889235177 0.7346481377686547 0.47981542502262303 0.6833602106372542 1.5174966162822794
103 3296 -0.6135157587721554 -0.5197347016713424 0.25363633121558343 0.4176456184104124 0.5939449096499655 0.8842377008748278 1.3657793133052258
104 3328 -0.5605613031351719 -0.44613588868065973 0.12605942548366636 0.20236578241726288 0.6558010956932596 0.9671931372418916 1.2784609333725094
105 3360 -0.606251121244582 -0.49359551391895823 0.08315637753779992 0.16275140069776214 0.6274583191997795 0.9620741717292609 1.296421746870379
106 3392 -0.4828420225455839 -0.39553938281448364 0.1379265124914758 0.228445837862362 0.7117672255881752 0.9483708046923407 1.2625293000107813
107 3424 -0.32100846983218456 -0.2480175647848826 0.03822752819894383 0.06065165414625067 0.8230507480763319 0.994723605788423 1.1546048736161947
