% # columns="iteration, evaluation, sigma, void, void,  stds==sigma*sqrt(diag(C))", seed=1, Fri Feb 20 03:15:06 2026, <python>{}</python>
1 32 0.1522178743887454 0 0 0.16471579116287344 0.1295268969887256 0.1172708881030295
2 64 0.16811524680548762 0 0 0.17224324501574684 0.11580913154109405 0.12324513456160825
3 96 0.17627278050503695 0 0 0.15608007615483466 0.14629062563302478 0.12508732096519665
4 128 0.14316446759331825 0 0 0.11327692915338723 0.12328112872797335 0.09020686618604755
5 160 0.14547093231637478 0 0 0.10739200340155686 0.11202977749914983 0.09351977237386255
6 192 0.13664257912762362 0 0 0.10365216369275722 0.09197081057291683 0.10536743874849629
7 224 0.12783851821073813 0 0 0.09974535173383917 0.07662062032990472 0.0895623829825155
8 256 0.12677836985062285 0 0 0.08939483365206222 0.06943212990646627 0.08971910977809232
9 288 0.1165203524541825 0 0 0.06964400095557723 0.0657680021999265 0.07066677384772947
10 320 0.11024185925486198 0 0 0.0638570333018763 0.05972223272675117 0.056016574961298554
11 352 0.1049883349724411 0 0 0.06089588944640799 0.06450036808916584 0.047792793353314315
12 384 0.08913038427590936 0 0 0.0415316676547054 0.0492620841254304 0.03691527006012461
13 416 0.09289319474155233 0 0 0.03752527965662413 0.04937656062431005 0.03980690489445181
14 448 0.09209118189600822 0 0 0.03377092783708956 0.04565157125063081 0.038464587884805466
15 480 0.1224047401044704 0 0 0.043551059125575275 0.07404835860854717 0.05739276036011192
16 512 0.1547885362997733 0 0 0.04910249185978045 0.08268243907081665 0.06465438053300247
17 544 0.16690935362885462 0 0 0.04519240372310167 0.07885214736207119 0.07834638191006205
18 576 0.13495028613517876 0 0 0.03808506788091056 0.0652264610884868 0.058525773646382166
19 608 0.11918633911030248 0 0 0.030026364106498935 0.05125632985038017 0.048430473346257476
20 640 0.11438309548306935 0 0 0.027827835075556886 0.05154507974111865 0.043505932766826974
21 672 0.12048290745282868 0 0 0.026042193766922194 0.055681067103402884 0.04672154258830082
22 704 0.11601213173498988 0 0 0.020199768771208704 0.04893334640772623 0.04051442715484647
23 736 0.10369818659994798 0 0 0.016881051367667935 0.03631849250744205 0.03582972750662368
24 768 0.08985274246736503 0 0 0.016313893365781748 0.03054645409584819 0.027549728435386125
25 800 0.07574093614214886 0 0 0.01289033874573506 0.025024701626035865 0.024107521341134617
26 832 0.07013093180162526 0 0 0.01108917345972749 0.021633528624771386 0.020912602619072688
27 864 0.07858640558752265 0 0 0.014833527659920671 0.022157975581787306 0.021801519664059656
28 896 0.08361283428552951 0 0 0.015058448561417912 0.022918308043418715 0.02198504722174388
29 928 0.07746974888905583 0 0 0.013485128060365342 0.022642481319618477 0.015586289446113049
30 960 0.07261569764059794 0 0 0.010872020755316037 0.016992768536147066 0.01397862667270044
31 992 0.061001803436372806 0 0 0.009716993382284139 0.013248033192091353 0.010636094148203577
32 1024 0.07884390320478288 0 0 0.011320041019072788 0.01704756052956906 0.014758006651019846
33 1056 0.09089258877703846 0 0 0.013197879988566209 0.01918657607307572 0.016611332843516763
34 1088 0.08801468877964548 0 0 0.010994009453471766 0.020460528035946682 0.01392923250895283
35 1120 0.07640052815808686 0 0 0.008887980073091781 0.015422929508789146 0.010276063541143866
36 1152 0.06790969429712233 0 0 0.00807212897185345 0.01292214716005175 0.00803014629021613
37 1184 0.08161552843714277 0 0 0.011135732505404894 0.01595756598511148 0.00972592932180081
38 1216 0.0677327053947839 0 0 0.00823858324908752 0.01132725234035838 0.0070542664879499955
39 1248 0.06592784158641152 0 0 0.007458334415783211 0.009576073117374054 0.0064202058204217505
40 1280 0.05932191885349325 0 0 0.005864684277572114 0.0070545260785595506 0.004833289906599634
41 1312 0.06207717655919836 0 0 0.006168990814717406 0.008397743635282253 0.004274616749273989
42 1344 0.0741948945316458 0 0 0.007416626633326764 0.011899705521511207 0.005090041123583708
43 1376 0.07184056715896733 0 0 0.006505263221737251 0.011101728712106575 0.0046929816824303
44 1408 0.08690139156930579 0 0 0.008643675497435043 0.013648549476257306 0.006204159562296252
45 1440 0.08710664270525269 0 0 0.009726222571051163 0.012885660399290913 0.008532485906204024
46 1472 0.08348974591227391 0 0 0.008851343683668291 0.012881836790819421 0.007728904065734641
47 1504 0.0942304965288838 0 0 0.009559729491097384 0.015549370914329326 0.009471865358813404
48 1536 0.09733398340626798 0 0 0.008848457013095359 0.016426229932757986 0.009016788863219142
49 1568 0.07919104212942145 0 0 0.006040187037312787 0.011469612951892702 0.005768333150601876
50 1600 0.07602534711775964 0 0 0.005264706354505016 0.009792472976404867 0.005459673488266653
51 1632 0.07245327557559007 0 0 0.004970848326994978 0.008088471034771226 0.004651950891922171
52 1664 0.08268307171057082 0 0 0.006694306974389919 0.009035321938548533 0.0051239621823645515
53 1696 0.08334823577405562 0 0 0.0051612892233312245 0.008669649990630503 0.005033450128040188
54 1728 0.09506080945106328 0 0 0.005497438036922239 0.009547742258091168 0.005590657576399522
55 1760 0.10306695055432792 0 0 0.005743973602753065 0.008641602366119688 0.005820076253391182
56 1792 0.12364181150547891 0 0 0.007808523184205877 0.01398184089197883 0.007687561477184165
57 1824 0.14222853881203906 0 0 0.009371587290830563 0.01584030467915544 0.009804994361949497
58 1856 0.1210248032425484 0 0 0.006814153007826101 0.012585499758987997 0.007962812790449579
59 1888 0.1320180857917367 0 0 0.007219902542243355 0.012167291570535832 0.00851212111553573
60 1920 0.12561406399022854 0 0 0.0056761694304217 0.009474634424958703 0.008103589148503941
61 1952 0.11421253031242076 0 0 0.004852518355051131 0.007852552651738887 0.006278304660000506
62 1984 0.12541393137473586 0 0 0.0057722916681722195 0.00960470916095413 0.006502436592939673
63 2016 0.1128497818594179 0 0 0.005319286583643171 0.009504889548739135 0.005347302365605721
64 2048 0.11349758971708729 0 0 0.004587665434592182 0.008624568090371045 0.005187917828261991
65 2080 0.10908968339442951 0 0 0.004490651291085777 0.008759359501309304 0.005479959755652324
66 2112 0.10386095556633765 0 0 0.003678830368997952 0.006739866308391875 0.004992077951534717
67 2144 0.09096600646309971 0 0 0.002925678423983396 0.005555098425347828 0.0037325707247101002
68 2176 0.0991025653086206 0 0 0.0030019473283324815 0.006183215634575107 0.0038174700215569484
69 2208 0.0873922538598203 0 0 0.0025002706624913788 0.005278876485582192 0.0032515392782766026
70 2240 0.083731085003331 0 0 0.0028121492887939028 0.005065422822053336 0.003469279038436367
71 2272 0.08359071990433124 0 0 0.0028505283735788763 0.00508673893417443 0.0029723482789711007
72 2304 0.09561027246203935 0 0 0.0032095178367264076 0.006440307292458017 0.002893798010725346
73 2336 0.11455678293483902 0 0 0.0038726707455325666 0.008888085169607521 0.003366111680885278
74 2368 0.10148336700761673 0 0 0.002819944215411421 0.007398198786803218 0.0029908579430524508
75 2400 0.10611515329233825 0 0 0.0024586298734117847 0.0064377043592815444 0.0032341354546896388
76 2432 0.12929406345418554 0 0 0.003356495481436146 0.007670647475972393 0.0037806723591124044
77 2464 0.11700733513677183 0 0 0.0036972410746256555 0.009019704031913049 0.0036009361746585722
78 2496 0.12289224107860738 0 0 0.003967748366236734 0.009182643691433361 0.003431954043449613
79 2528 0.10879940901183159 0 0 0.0033161695573405005 0.0073192159761582415 0.002701035868252311
80 2560 0.1087817177810853 0 0 0.003020415007379283 0.007226418642619326 0.0020991394668275196
81 2592 0.14206277575648518 0 0 0.0036593106183597057 0.008641196665681364 0.002413637582832722
82 2624 0.1346969105279044 0 0 0.0031797614810914593 0.00812182228817451 0.0021878069038930473
83 2656 0.13707529876316074 0 0 0.0033421734162691424 0.008283689861590449 0.0019138928534090654
84 2688 0.14327464069950954 0 0 0.0036961920000194138 0.008341403446483852 0.0017738709146463037
85 2720 0.129222364908051 0 0 0.003343864955929895 0.006483465944285419 0.0013309760859885498
86 2752 0.19697509252775783 0 0 0.004205675173454214 0.011597803914176735 0.002191858676387919
87 2784 0.17236496513256175 0 0 0.003490772301415208 0.008351309880677291 0.0018927208707957405
88 2816 0.173369216392434 0 0 0.003682399230103604 0.00671758692980684 0.0020291405168186517
89 2848 0.19691681864676683 0 0 0.004206126524976109 0.008026949996731043 0.002381413548933632
90 2880 0.21966187244193647 0 0 0.004251981289546027 0.00955583945641633 0.002568743867362057
91 2912 0.21465291235434372 0 0 0.005284508141472591 0.009418958490181073 0.0026685506767548215
92 2944 0.21031367646833177 0 0 0.004385584578148942 0.008301415018244045 0.0021285953756150114
93 2976 0.18849834457500536 0 0 0.00398303628635463 0.006639823592265889 0.0020876874852142286
94 3008 0.20995273471984133 0 0 0.0035522298167373558 0.007475666136250411 0.0026785383134324907
95 3040 0.19444894993605905 0 0 0.003772077077110816 0.0061331172876407155 0.0024406967466944775
96 3072 0.17123628119808235 0 0 0.0029052286413965294 0.0047819819485133705 0.0019134859279039105
97 3104 0.17406823549542216 0 0 0.0025492977675084915 0.005303019144148064 0.001983166679433189
98 3136 0.17284402669099755 0 0 0.0020564372020968015 0.00555925590982763 0.0019239703645243956
99 3168 0.1381902670807734 0 0 0.0014496370322932175 0.003997825345966324 0.0013713678031281515
100 3200 0.12507196719658378 0 0 0.001166007697331642 0.00335146002620698 0.0011520154912123316
101 3232 0.10188815757965501 0 0 0.000755126497104314 0.002405073805926931 0.000788492658286008
102 3264 0.09256775947123137 0 0 0.0006832242185398264 0.0020222137160537577 0.0006588032770771707
103 3296 0.1090684085667439 0 0 0.0006537524361650308 0.002375182298568432 0.0007843119984675095
104 3328 0.10268814351660792 0 0 0.0005883681403157822 0.0021840813066342415 0.0007740622580606481
105 3360 0.09164004762498107 0 0 0.000457077855357711 0.0017606523544940068 0.0005904444350221149
106 3392 0.09162145451131691 0 0 0.00042899176995854466 0.0014687602149024927 0.0005659522020460589
107 3424 0.09382383147061218 0 0 0.0004338338697594554 0.0016242428631893186 0.0004974301077047775
