% # columns="iter, evals, sigma, 0, fitness, xbest" seed=1, Fri Feb 20 03:15:06 2026, <python>{}</python>
1 32 0.1522178743887454 0 53.73976584929889 0.2845142103046575 0.3643035820906298 0.2166496669492055
2 64 0.16811524680548762 0 56.94819153542498 0.47901573130758635 0.34089406916525583 0.29558382718802634
3 96 0.17627278050503695 0 117.57451172454219 0.4465488669759255 0.46760055401433426 0.2863979331273052
4 128 0.14316446759331825 0 47.690455854971454 0.4197365635555242 0.3007594017440785 0.3497630925276267
5 160 0.14547093231637478 0 47.43932976139575 0.48466755689816704 0.33932914667349756 0.3171383040060465
6 192 0.13664257912762362 0 60.936280545760184 0.4733203410280596 0.3731682788604056 0.31248385840880655
7 224 0.12783851821073813 0 56.31555874114366 0.3777356063667261 0.29606256633919914 0.2908842927983593
8 256 0.12677836985062285 0 38.7986151571421 0.4938455968950479 0.26320994688281824 0.1890895757255619
9 288 0.1165203524541825 0 30.514962779444964 0.49942712821829516 0.2795544596746704 0.290852005636575
10 320 0.11024185925486198 0 49.35172357248984 0.4660530906990186 0.33299601149398284 0.26147179422951905
11 352 0.1049883349724411 0 37.3661083807596 0.4996516910507094 0.30137447823657454 0.2886784507503119
12 384 0.08913038427590936 0 43.82420400419561 0.4896040624536229 0.32840882975573593 0.2892934454818598
13 416 0.09289319474155233 0 53.46223540228127 0.4970966825794291 0.3760771994260542 0.30469130658961013
14 448 0.09209118189600822 0 49.64386396682471 0.49298996081837304 0.3454417927530341 0.3002656265884718
15 480 0.1224047401044704 0 35.29748558045525 0.4950566110592779 0.27086065517846303 0.3407897482711042
16 512 0.1547885362997733 0 30.451979747120387 0.4956624515483367 0.2774548304657176 0.3470986871661432
17 544 0.16690935362885462 0 38.64273869607566 0.49972622697886493 0.3144967040811533 0.2239058396794227
18 576 0.13495028613517876 0 30.894133000883635 0.49357987296022576 0.3098567306456719 0.2799353251443495
19 608 0.11918633911030248 0 37.39811886527636 0.49536680697536845 0.30468322273560616 0.22525233099495934
20 640 0.11438309548306935 0 41.2884216998299 0.498519188264114 0.29987262769027706 0.28893791231152544
21 672 0.12048290745282868 0 34.92432885105714 0.49842603479020126 0.2792480046875528 0.3044446620815919
22 704 0.11601213173498988 0 41.80426287801915 0.4995213791921261 0.3408454123284601 0.3157900661589517
23 736 0.10369818659994798 0 42.55482157956902 0.4901852774055638 0.30643572999448976 0.33846619964092006
24 768 0.08985274246736503 0 37.49474017513586 0.49950955474392206 0.29011474427743855 0.2923716006077948
25 800 0.07574093614214886 0 35.451394258388966 0.49802536608421566 0.3317540575741741 0.2965178506110908
26 832 0.07013093180162526 0 33.75616214987793 0.49699093055770016 0.3041944590177402 0.3061041181287443
27 864 0.07858640558752265 0 33.38659638860669 0.49169951557482716 0.2927816158538062 0.3331559982914418
28 896 0.08361283428552951 0 41.61681203513421 0.4931524781133251 0.3282589904772673 0.2986161665031098
29 928 0.07746974888905583 0 37.08340661661303 0.49838059121804934 0.3457204813709712 0.3218724784152344
30 960 0.07261569764059794 0 31.766171817392564 0.4971716454111296 0.30615052259669884 0.32817145780225004
31 992 0.061001803436372806 0 34.99155102373079 0.4942526870875695 0.3162533603030231 0.30003737115980045
32 1024 0.07884390320478288 0 39.95620391235475 0.49542883094531825 0.3061979450104121 0.2899735255189244
33 1056 0.09089258877703846 0 36.11894508619058 0.49259790070236237 0.30509847590837713 0.30515988654379483
34 1088 0.08801468877964548 0 31.80330478274888 0.4926318343321554 0.27907833505655455 0.30634718585042314
35 1120 0.07640052815808686 0 35.68062859614292 0.4959909383683472 0.2936480870920915 0.32711323677196963
36 1152 0.06790969429712233 0 38.46137872230791 0.4965349054242935 0.3036442339851959 0.2973813639450531
37 1184 0.08161552843714277 0 38.34017913760946 0.49819990673021197 0.3237269600587013 0.3122315047749873
38 1216 0.0677327053947839 0 37.673782690672404 0.49816256688311294 0.3116243922835908 0.30839577001616836
39 1248 0.06592784158641152 0 39.882979381910964 0.4947520159316823 0.3102187971077803 0.3090145596469702
40 1280 0.05932191885349325 0 34.97837582725987 0.4967753262274158 0.30861647063106096 0.30810714448351323
41 1312 0.06207717655919836 0 38.71101274080077 0.496088305299857 0.31427701668225916 0.2982453434048071
42 1344 0.0741948945316458 0 39.23992359593374 0.4960533937139938 0.3136849048784241 0.29831333656793985
43 1376 0.07184056715896733 0 38.65209828542026 0.494226091312844 0.3291876310807571 0.3026885188713309
44 1408 0.08690139156930579 0 32.85002288613053 0.49202122581191904 0.299847357558563 0.31168706558784476
45 1440 0.08710664270525269 0 40.326416287869954 0.49083315963969093 0.30570838617293195 0.31873106504423626
46 1472 0.08348974591227391 0 33.47752601475461 0.4924629234165899 0.29126130544211537 0.30444813133453924
47 1504 0.0942304965288838 0 35.747735668691256 0.49595858477310756 0.3025977628631273 0.29281645673351525
48 1536 0.09733398340626798 0 38.15605588412464 0.4902132348264126 0.2884248525323737 0.29690377787021843
49 1568 0.07919104212942145 0 38.50978215157356 0.49540168824637626 0.32197717291899663 0.2994300046101256
50 1600 0.07602534711775964 0 35.68840048183921 0.49272578298142444 0.30815785799731593 0.3097397709357023
51 1632 0.07245327557559007 0 34.22485138163262 0.49408638271436534 0.3025870212033127 0.3045650341837242
52 1664 0.08268307171057082 0 38.85323471311042 0.493576506878226 0.30645449483134757 0.30066181764533784
53 1696 0.08334823577405562 0 33.86905356208502 0.4934858600087908 0.29460397386535186 0.305115434211052
54 1728 0.09506080945106328 0 36.128892941192 0.49264943400832534 0.3097342528788963 0.30410998149446605
55 1760 0.10306695055432792 0 35.26579187137781 0.49336740321751715 0.31367556932593865 0.3023789345588142
56 1792 0.12364181150547891 0 35.76853640996199 0.4959776050960767 0.33548934365888533 0.2920138871399958
57 1824 0.14222853881203906 0 35.14811972080855 0.49080797770742524 0.2951404651450188 0.2986667771218807
58 1856 0.1210248032425484 0 39.28487007299479 0.49532041444244307 0.3246316569717686 0.2897489868286779
59 1888 0.1320180857917367 0 32.07790647199724 0.4947079486122611 0.321101690771458 0.30285017857546803
60 1920 0.12561406399022854 0 35.08219610071388 0.49430936550936194 0.30776892841112 0.30696559812352736
61 1952 0.11421253031242076 0 33.743280263230616 0.4924763158963183 0.29762119597421294 0.3028860080845162
62 1984 0.12541393137473586 0 42.472345083614634 0.4939345001655805 0.3129259764174072 0.30184855991187
63 2016 0.1128497818594179 0 32.241744835847186 0.49595122688120297 0.3296315639511575 0.2939868836949601
64 2048 0.11349758971708729 0 40.71486810491114 0.4918020133687701 0.30216739760969735 0.30187741252418226
65 2080 0.10908968339442951 0 34.519194832787704 0.4954771844621862 0.32483023407416256 0.29247488040494085
66 2112 0.10386095556633765 0 32.292126199151795 0.4929740306272852 0.3048382543852933 0.2953315221618839
67 2144 0.09096600646309971 0 38.08037812670648 0.4914360177525179 0.2975495779881411 0.3017589701173601
68 2176 0.0991025653086206 0 34.46385200732615 0.49266318418786487 0.3026374045227184 0.29459488160418307
69 2208 0.0873922538598203 0 36.21667304502737 0.4922242107514998 0.3009511908164077 0.30206656168966006
70 2240 0.083731085003331 0 33.345488966684584 0.4935819136291974 0.31006421662752587 0.2979769147483696
71 2272 0.08359071990433124 0 30.604479625591704 0.49169126328120055 0.3015189789203027 0.29672747922103343
72 2304 0.09561027246203935 0 33.69841576980443 0.4938071161395099 0.31179413408144446 0.2973267927059222
73 2336 0.11455678293483902 0 40.665105150507145 0.49362679119529024 0.31760836637486334 0.29510111276710965
74 2368 0.10148336700761673 0 30.358543075255067 0.4925726371458032 0.29793058988191984 0.29564117842672033
75 2400 0.10611515329233825 0 40.27734442501082 0.49314320002721945 0.31042155904617297 0.29426339694259984
76 2432 0.12929406345418554 0 33.08447186888529 0.4927803265379978 0.3147436378130594 0.2967986192799113
77 2464 0.11700733513677183 0 34.01874374000799 0.49554226183224387 0.3312303291047505 0.2928832071991681
78 2496 0.12289224107860738 0 32.92467857558401 0.49230689100160624 0.3043327192715265 0.2923083624786535
79 2528 0.10879940901183159 0 33.2288467517556 0.49251354264016634 0.30999328028722145 0.29557301848500045
80 2560 0.1087817177810853 0 30.71080113869308 0.49343172430413834 0.3119416080290181 0.29374678490638345
81 2592 0.14206277575648518 0 29.986740602896507 0.4934585073742423 0.3181094536098582 0.2934742376080795
82 2624 0.1346969105279044 0 37.33100502031536 0.49274853146633196 0.3125896294586991 0.29754442289187755
83 2656 0.13707529876316074 0 38.85426723480908 0.49125695709335665 0.30602347057620194 0.293027710022559
84 2688 0.14327464069950954 0 30.22686378956744 0.4936689381430276 0.3086542936356209 0.29618699076558763
85 2720 0.129222364908051 0 41.26246872043066 0.49014686204109215 0.299466523548839 0.29423740806619925
86 2752 0.19697509252775783 0 33.417707462780726 0.49157873693952553 0.2891636990608237 0.2938608714315263
87 2784 0.17236496513256175 0 35.3287185150729 0.49315642681772104 0.3056646360680496 0.29383233218313676
88 2816 0.173369216392434 0 32.56265046007096 0.4906197921939005 0.3005882571746471 0.2971519888972586
89 2848 0.19691681864676683 0 37.12072493982054 0.4904513434587295 0.3090881431808902 0.2974014360156078
90 2880 0.21966187244193647 0 33.86947749283234 0.4909902839174324 0.29573419658601374 0.2943870801265794
91 2912 0.21465291235434372 0 36.93734467079517 0.4894468536711863 0.29483113544700523 0.29678032129500637
92 2944 0.21031367646833177 0 32.323516640451714 0.49024847624559964 0.30901754168297324 0.2955580730426628
93 2976 0.18849834457500536 0 32.37583613338233 0.4890944587745926 0.30451049457046314 0.29915975113959203
94 3008 0.20995273471984133 0 31.72798853241782 0.48965924343687073 0.29659959510278666 0.29658236953857503
95 3040 0.19444894993605905 0 38.68895952796679 0.4927158846589777 0.2948621564362754 0.2923847373187418
96 3072 0.17123628119808235 0 29.708103082903794 0.48959882564065593 0.3002288890347334 0.2972952237760479
97 3104 0.17406823549542216 0 32.39828024030071 0.4910663241165004 0.2951660315511896 0.29545013001499393
98 3136 0.17284402669099755 0 37.99879820428174 0.4907738683492015 0.3029104552828662 0.2958587324726276
99 3168 0.1381902670807734 0 33.07075693815978 0.49051693758757764 0.29231254381102323 0.29352426280797966
100 3200 0.12507196719658378 0 30.975364313600217 0.4905020762944528 0.30187417734971617 0.29612388451420946
101 3232 0.10188815757965501 0 38.97582482144506 0.49083590095238044 0.30244333638290816 0.29533703547893525
102 3264 0.09256775947123137 0 38.45470033593026 0.49104776644617754 0.29840721654495866 0.29438137014819976
103 3296 0.1090684085667439 0 28.455942928209705 0.49087724131472366 0.30024748668391976 0.2948196123110747
104 3328 0.10268814351660792 0 34.5674136024411 0.49066813643281343 0.29623424537551085 0.29539869512043865
105 3360 0.09164004762498107 0 31.771137520114312 0.4908558502807802 0.2985945780007858 0.29454501668726274
106 3392 0.09162145451131691 0 31.925588265351102 0.49086278930277344 0.2980716453252154 0.29420187279064974
107 3424 0.09382383147061218 0 33.81143566399728 0.4909008577398679 0.2997690336534829 0.2949447118436707
