% # columns="iteration, evaluation, sigma, axis ratio, bestever, best, median, worst objective function value, further objective values of best", seed=1, Fri Feb 20 03:15:06 2026, <python>{}</python>
1 32 0.1522178743887454 1.0000333338888951 53.73976584929889 5.3739765849298891e+01 200.0 200.0   
2 64 0.16811524680548762 1.4482229239858924 53.73976584929889 5.6948191535424982e+01 200.0 200.0   
3 96 0.17627278050503695 1.6198526774907078 53.73976584929889 1.1757451172454219e+02 200.0 200.0   
4 128 0.14316446759331825 1.278758234232014 47.690455854971454 4.7690455854971454e+01 200.0 200.0   
5 160 0.14547093231637478 1.5494233624138147 47.43932976139575 4.7439329761395747e+01 200.0 200.0   
6 192 0.13664257912762362 1.742152378976657 47.43932976139575 6.0936280545760184e+01 200.0 200.0   
7 224 0.12783851821073813 2.2697444917680207 47.43932976139575 5.6315558741143661e+01 200.0 200.0   
8 256 0.12677836985062285 2.5295900266702014 38.7986151571421 3.8798615157142102e+01 200.0 200.0   
9 288 0.1165203524541825 2.721298756059573 30.514962779444964 3.0514962779444964e+01 200.0 200.0   
10 320 0.11024185925486198 1.8322158711467147 30.514962779444964 4.9351723572489838e+01 200.0 200.0   
11 352 0.1049883349724411 1.7399071956284833 30.514962779444964 3.7366108380759599e+01 200.0 200.0   
12 384 0.08913038427590936 2.0973814398032413 30.514962779444964 4.3824204004195607e+01 200.0 200.0   
13 416 0.09289319474155233 2.121647547148467 30.514962779444964 5.3462235402281273e+01 200.0 200.0   
14 448 0.09209118189600822 1.9639741597596556 30.514962779444964 4.9643863966824711e+01 200.0 200.0   
15 480 0.1224047401044704 2.1426614396680845 30.514962779444964 3.5297485580455252e+01 200.0 200.0   
16 512 0.1547885362997733 3.1526257963317654 30.451979747120387 3.0451979747120387e+01 200.0 200.0   
17 544 0.16690935362885462 2.5299983554109216 30.451979747120387 3.8642738696075661e+01 200.0 200.0   
18 576 0.13495028613517876 2.629519494738354 30.451979747120387 3.0894133000883635e+01 200.0 200.0   
19 608 0.11918633911030248 2.224441902712804 30.451979747120387 3.7398118865276359e+01 200.0 200.0   
20 640 0.11438309548306935 2.0772896131687375 30.451979747120387 4.1288421699829897e+01 200.0 200.0   
21 672 0.12048290745282868 2.509861566167952 30.451979747120387 3.4924328851057140e+01 200.0 200.0   
22 704 0.11601213173498988 3.4214088210074487 30.451979747120387 4.1804262878019152e+01 200.0 200.0   
23 736 0.10369818659994798 3.373857186134259 30.451979747120387 4.2554821579569023e+01 200.0 200.0   
24 768 0.08985274246736503 3.3572440082981174 30.451979747120387 3.7494740175135860e+01 200.0 200.0   
25 800 0.07574093614214886 2.428139779732851 30.451979747120387 3.5451394258388966e+01 200.0 200.0   
26 832 0.07013093180162526 2.689620553553224 30.451979747120387 3.3756162149877930e+01 200.0 200.0   
27 864 0.07858640558752265 2.66920448952494 30.451979747120387 3.3386596388606691e+01 200.0 200.0   
28 896 0.08361283428552951 2.1957394628968863 30.451979747120387 4.1616812035134210e+01 200.0 200.0   
29 928 0.07746974888905583 2.2230804553698227 30.451979747120387 3.7083406616613033e+01 200.0 200.0   
30 960 0.07261569764059794 2.762529584919152 30.451979747120387 3.1766171817392564e+01 200.0 200.0   
31 992 0.061001803436372806 2.778965540795151 30.451979747120387 3.4991551023730793e+01 200.0 200.0   
32 1024 0.07884390320478288 2.782398052384185 30.451979747120387 3.9956203912354752e+01 200.0 200.0   
33 1056 0.09089258877703846 2.136050268122314 30.451979747120387 3.6118945086190578e+01 200.0 200.0   
34 1088 0.08801468877964548 2.3484088721711998 30.451979747120387 3.1803304782748882e+01 200.0 200.0   
35 1120 0.07640052815808686 2.6305195716608747 30.451979747120387 3.5680628596142917e+01 200.0 200.0   
36 1152 0.06790969429712233 2.375994065256721 30.451979747120387 3.8461378722307913e+01 200.0 200.0   
37 1184 0.08161552843714277 2.1720758218398775 30.451979747120387 3.8340179137609461e+01 200.0 200.0   
38 1216 0.0677327053947839 2.3017249812957457 30.451979747120387 3.7673782690672404e+01 67.58071589441411 200.0   
39 1248 0.06592784158641152 2.391149874860564 30.451979747120387 3.9882979381910964e+01 200.0 200.0   
40 1280 0.05932191885349325 2.2082729442532383 30.451979747120387 3.4978375827259867e+01 200.0 200.0   
41 1312 0.06207717655919836 1.9823322820121536 30.451979747120387 3.8711012740800768e+01 200.0 200.0   
42 1344 0.0741948945316458 2.3641838400248227 30.451979747120387 3.9239923595933739e+01 200.0 200.0   
43 1376 0.07184056715896733 2.772523530420287 30.451979747120387 3.8652098285420259e+01 200.0 200.0   
44 1408 0.08690139156930579 2.5530289827265262 30.451979747120387 3.2850022886130532e+01 200.0 200.0   
45 1440 0.08710664270525269 3.193475508663989 30.451979747120387 4.0326416287869954e+01 200.0 200.0   
46 1472 0.08348974591227391 3.249811949902189 30.451979747120387 3.3477526014754609e+01 200.0 200.0   
47 1504 0.0942304965288838 2.7910731383405203 30.451979747120387 3.5747735668691256e+01 200.0 200.0   
48 1536 0.09733398340626798 3.130759618795347 30.451979747120387 3.8156055884124640e+01 200.0 200.0   
49 1568 0.07919104212942145 2.511552971936667 30.451979747120387 3.8509782151573560e+01 200.0 200.0   
50 1600 0.07602534711775964 2.45487255649767 30.451979747120387 3.5688400481839210e+01 200.0 200.0   
51 1632 0.07245327557559007 2.4511282298580057 30.451979747120387 3.4224851381632618e+01 200.0 200.0   
52 1664 0.08268307171057082 2.2598037118094694 30.451979747120387 3.8853234713110417e+01 200.0 200.0   
53 1696 0.08334823577405562 2.553677370917539 30.451979747120387 3.3869053562085021e+01 200.0 200.0   
54 1728 0.09506080945106328 2.7648104672771066 30.451979747120387 3.6128892941191999e+01 200.0 200.0   
55 1760 0.10306695055432792 2.321223971317868 30.451979747120387 3.5265791871377807e+01 200.0 200.0   
56 1792 0.12364181150547891 2.1817177918713937 30.451979747120387 3.5768536409961989e+01 200.0 200.0   
57 1824 0.14222853881203906 3.194241807253577 30.451979747120387 3.5148119720808552e+01 200.0 200.0   
58 1856 0.1210248032425484 3.3270536932982013 30.451979747120387 3.9284870072994792e+01 200.0 200.0   
59 1888 0.1320180857917367 3.3784697013658533 30.451979747120387 3.2077906471997238e+01 200.0 200.0   
60 1920 0.12561406399022854 3.5517259792251688 30.451979747120387 3.5082196100713880e+01 200.0 200.0   
61 1952 0.11421253031242076 3.4571117282725714 30.451979747120387 3.3743280263230616e+01 200.0 200.0   
62 1984 0.12541393137473586 3.7380261630630875 30.451979747120387 4.2472345083614634e+01 200.0 200.0   
63 2016 0.1128497818594179 3.821828682025097 30.451979747120387 3.2241744835847186e+01 200.0 200.0   
64 2048 0.11349758971708729 4.63944099756168 30.451979747120387 4.0714868104911140e+01 200.0 200.0   
65 2080 0.10908968339442951 4.7375836405583245 30.451979747120387 3.4519194832787704e+01 200.0 200.0   
66 2112 0.10386095556633765 6.940588897464834 30.451979747120387 3.2292126199151795e+01 200.0 200.0   
67 2144 0.09096600646309971 6.227590686192421 30.451979747120387 3.8080378126706478e+01 200.0 200.0   
68 2176 0.0991025653086206 5.209469954955979 30.451979747120387 3.4463852007326153e+01 200.0 200.0   
69 2208 0.0873922538598203 5.7072819360935805 30.451979747120387 3.6216673045027370e+01 200.0 200.0   
70 2240 0.083731085003331 6.246927448308011 30.451979747120387 3.3345488966684584e+01 200.0 200.0   
71 2272 0.08359071990433124 7.104481412588541 30.451979747120387 3.0604479625591704e+01 200.0 200.0   
72 2304 0.09561027246203935 6.345766921129542 30.451979747120387 3.3698415769804427e+01 200.0 200.0   
73 2336 0.11455678293483902 7.198072626713821 30.451979747120387 4.0665105150507145e+01 200.0 200.0   
74 2368 0.10148336700761673 6.852196354665614 30.358543075255067 3.0358543075255067e+01 200.0 200.0   
75 2400 0.10611515329233825 6.788703289246017 30.358543075255067 4.0277344425010817e+01 200.0 200.0   
76 2432 0.12929406345418554 5.31908210559159 30.358543075255067 3.3084471868885288e+01 58.81652248681978 200.0   
77 2464 0.11700733513677183 3.7639398740873884 30.358543075255067 3.4018743740007992e+01 81.22165978129941 200.0   
78 2496 0.12289224107860738 6.009763627412798 30.358543075255067 3.2924678575584011e+01 200.0 200.0   
79 2528 0.10879940901183159 6.266950508793836 30.358543075255067 3.3228846751755597e+01 200.0 200.0   
80 2560 0.1087817177810853 6.436793997008569 30.358543075255067 3.0710801138693078e+01 200.0 200.0   
81 2592 0.14206277575648518 5.779831638841514 29.986740602896507 2.9986740602896507e+01 200.0 200.0   
82 2624 0.1346969105279044 4.592451695853618 29.986740602896507 3.7331005020315359e+01 200.0 200.0   
83 2656 0.13707529876316074 5.063687298365324 29.986740602896507 3.8854267234809079e+01 200.0 200.0   
84 2688 0.14327464069950954 4.900553301781493 29.986740602896507 3.0226863789567439e+01 77.19004906254763 200.0   
85 2720 0.129222364908051 5.04554637643219 29.986740602896507 4.1262468720430661e+01 200.0 200.0   
86 2752 0.19697509252775783 5.481893701738235 29.986740602896507 3.3417707462780726e+01 200.0 200.0   
87 2784 0.17236496513256175 5.6018862247912375 29.986740602896507 3.5328718515072900e+01 200.0 200.0   
88 2816 0.173369216392434 4.846636865536073 29.986740602896507 3.2562650460070962e+01 200.0 200.0   
89 2848 0.19691681864676683 3.9618539333532348 29.986740602896507 3.7120724939820541e+01 54.27902138700541 200.0   
90 2880 0.21966187244193647 4.662382550276728 29.986740602896507 3.3869477492832338e+01 100.25395576545849 200.0   
91 2912 0.21465291235434372 4.764942213622037 29.986740602896507 3.6937344670795170e+01 72.38687062740266 200.0   
92 2944 0.21031367646833177 6.031936499928388 29.986740602896507 3.2323516640451714e+01 200.0 200.0   
93 2976 0.18849834457500536 5.63531951331972 29.986740602896507 3.2375836133382329e+01 200.0 200.0   
94 3008 0.20995273471984133 4.558036855922446 29.986740602896507 3.1727988532417822e+01 200.0 200.0   
95 3040 0.19444894993605905 4.706630214525387 29.986740602896507 3.8688959527966787e+01 93.70023418725636 200.0   
96 3072 0.17123628119808235 4.604302875345356 29.708103082903794 2.9708103082903794e+01 200.0 200.0   
97 3104 0.17406823549542216 4.260346175209691 29.708103082903794 3.2398280240300707e+01 200.0 200.0   
98 3136 0.17284402669099755 4.672181618601842 29.708103082903794 3.7998798204281741e+01 200.0 200.0   
99 3168 0.1381902670807734 5.867924527554293 29.708103082903794 3.3070756938159782e+01 200.0 200.0   
100 3200 0.12507196719658378 6.0355371878015935 29.708103082903794 3.0975364313600217e+01 200.0 200.0   
101 3232 0.10188815757965501 6.746527771899821 29.708103082903794 3.8975824821445059e+01 200.0 200.0   
102 3264 0.09256775947123137 6.31072876339322 29.708103082903794 3.8454700335930262e+01 200.0 200.0   
103 3296 0.1090684085667439 6.505199716006085 28.455942928209705 2.8455942928209705e+01 200.0 200.0   
104 3328 0.10268814351660792 4.966290550690521 28.455942928209705 3.4567413602441100e+01 200.0 200.0   
105 3360 0.09164004762498107 4.1190456803315225 28.455942928209705 3.1771137520114312e+01 61.461079002027866 200.0   
106 3392 0.09162145451131691 4.282506232425167 28.455942928209705 3.1925588265351102e+01 200.0 200.0   
107 3424 0.09382383147061218 3.781905757330103 28.455942928209705 3.3811435663997280e+01 200.0 200.0   
