% # columns="iteration, evaluation, sigma, axis ratio, bestever, best, median, worst objective function value, further objective values of best", seed=1, Fri Feb 20 03:03:01 2026, <python>{}</python>
1 32 0.14192563102175232 1.0000333338888951 97.54460023497391 9.7544600234973913e+01 200.0 200.0   
2 64 0.13129756441309812 1.3754574079206563 95.6936802024324 9.5693680202432404e+01 200.0 200.0   
3 96 0.11737254000520765 1.342291686412924 95.6936802024324 9.9985327597312789e+01 200.0 200.0   
4 128 0.10775852059246202 1.2687898689553678 95.6936802024324 1.0005966831597949e+02 200.0 200.0   
5 160 0.09713842713163026 1.4529314987602917 95.51041742216854 9.5510417422168544e+01 200.0 200.0   
6 192 0.08882949073629774 1.6356627155011756 95.51041742216854 1.2070642732543642e+02 200.0 200.0   
7 224 0.07781358667739081 1.8210208109059638 95.51041742216854 1.0710418414345260e+02 200.0 200.0   
8 256 0.0783499723723789 2.0927864183805593 74.39750686273976 7.4397506862739760e+01 200.0 200.0   
9 288 0.07563540540326687 1.8928910437306556 68.00353110236739 6.8003531102367390e+01 200.0 200.0   
10 320 0.06687702426544882 2.1850036608770314 68.00353110236739 7.2778458568160076e+01 200.0 200.0   
11 352 0.0694708854604737 2.3958201583032954 47.13323930412911 4.7133239304129113e+01 200.0 200.0   
12 384 0.061811267867036716 2.1958918694671135 47.13323930412911 5.1638817186383051e+01 200.0 200.0   
13 416 0.08173640083416839 1.9291634424089183 47.13323930412911 5.3214612573006207e+01 200.0 200.0   
14 448 0.08093279326805237 2.040016623421207 47.13323930412911 7.1569542952240766e+01 200.0 200.0   
15 480 0.09413696230265911 1.839138054448951 47.13323930412911 5.0597629857075816e+01 200.0 200.0   
16 512 0.11359077085130442 2.3313793819682207 47.13323930412911 1.4734466523055747e+02 200.0 200.0   
17 544 0.12378612171172654 2.566981628956425 47.13323930412911 5.5702349014044913e+01 200.0 200.0   
18 576 0.1217774108843774 3.3782419858149657 47.13323930412911 7.7267643599599992e+01 200.0 200.0   
19 608 0.10724137098118396 3.646489081961663 47.13323930412911 7.5610503059209137e+01 200.0 200.0   
20 640 0.08969917337780009 3.448405855298584 47.13323930412911 5.7691101204112485e+01 200.0 200.0   
21 672 0.0853204233344922 4.518465366433198 47.13323930412911 6.2220622960303956e+01 200.0 200.0   
22 704 0.10275520320605093 4.505504057088397 47.13323930412911 9.1564848829936182e+01 200.0 200.0   
23 736 0.0920677864124565 3.6966926957425703 47.13323930412911 6.5885778330032551e+01 200.0 200.0   
24 768 0.08730325945150604 3.9146286406714594 47.13323930412911 8.0878782761563059e+01 200.0 200.0   
25 800 0.08594393004455 3.397164964037708 47.13323930412911 5.1965597212834922e+01 200.0 200.0   
26 832 0.09317088787106628 4.606724274615238 47.13323930412911 7.9219380988169391e+01 200.0 200.0   
27 864 0.0825745665263011 5.5793912240387815 47.13323930412911 7.2434265277317976e+01 200.0 200.0   
28 896 0.0891451019105955 5.636802410979701 47.13323930412911 8.4326720031886239e+01 200.0 200.0   
29 928 0.08489469450577594 5.745055783440879 47.13323930412911 7.8582796467118669e+01 200.0 200.0   
30 960 0.09167039685782284 4.887467671390166 47.13323930412911 1.1126909086990315e+02 200.0 200.0   
31 992 0.0830413341767778 4.940380309186235 47.13323930412911 6.4390568323788600e+01 200.0 200.0   
32 1024 0.07814598143094022 5.503306233006856 47.13323930412911 5.1765294059347106e+01 200.0 200.0   
33 1056 0.07933084939957455 6.366635760863886 47.13323930412911 5.3093891048671992e+01 200.0 200.0   
34 1088 0.06653104694063221 5.657449952734729 47.13323930412911 8.1516068382218421e+01 200.0 200.0   
35 1120 0.061451611370123796 5.156043895565004 41.503187311160424 4.1503187311160424e+01 200.0 200.0   
36 1152 0.060602683805065394 4.083161693136958 41.503187311160424 5.4047045497302989e+01 200.0 200.0   
37 1184 0.06224125348578955 3.7740319052872 41.503187311160424 6.8757170910879495e+01 200.0 200.0   
38 1216 0.054957903105102436 3.564033438273559 41.503187311160424 5.6587813185075966e+01 200.0 200.0   
39 1248 0.05080803734657315 3.6549240073189178 41.503187311160424 5.7674258836168555e+01 200.0 200.0   
40 1280 0.05148696489204573 3.914805155646341 41.503187311160424 4.4633331083369612e+01 200.0 200.0   
41 1312 0.04315015259732371 4.2621110466039145 41.503187311160424 6.6761350016446698e+01 200.0 200.0   
42 1344 0.03786195892412847 3.388026081400613 41.503187311160424 5.1224224494218426e+01 200.0 200.0   
43 1376 0.0387166909631111 3.1888272234116006 41.503187311160424 4.8235167706973101e+01 128.43529538528483 200.0   
44 1408 0.03355111223549732 3.023288320711142 41.503187311160424 5.6870128269177037e+01 200.0 200.0   
45 1440 0.035699529966042365 3.253073354179752 41.503187311160424 5.5504755194354559e+01 200.0 200.0   
46 1472 0.0344580792441014 3.689605770295122 41.503187311160424 5.7250679886584692e+01 200.0 200.0   
47 1504 0.03321123711981633 3.5660095480752 41.503187311160424 5.4041637424104145e+01 200.0 200.0   
48 1536 0.03850962624484926 4.1764683077264415 41.503187311160424 5.1610689243367354e+01 117.10828183588403 200.0   
49 1568 0.04367861456760711 5.307521505540472 41.503187311160424 5.2621119994581392e+01 131.06352412914998 200.0   
50 1600 0.03557562873659818 5.031616340291038 41.503187311160424 5.8291541106696634e+01 200.0 200.0   
51 1632 0.03743965260324048 4.899441392188355 41.503187311160424 6.9470587483757384e+01 200.0 200.0   
52 1664 0.03867465372194248 5.080925597604952 41.503187311160424 5.5465603514335463e+01 200.0 200.0   
53 1696 0.04592466244341584 7.0184003796953975 41.503187311160424 5.4848304164973300e+01 200.0 200.0   
54 1728 0.04346982088194402 5.518889088527981 41.503187311160424 5.2329413155259289e+01 108.14877785370332 200.0   
55 1760 0.04010694074467665 6.034490106169722 41.503187311160424 4.9088382604949381e+01 102.20229994911557 200.0   
56 1792 0.032441098884254074 6.93674164172856 41.503187311160424 6.6891838367516172e+01 200.0 200.0   
57 1824 0.03028483820433054 7.343024849768317 41.503187311160424 4.4198294638551189e+01 200.0 200.0   
58 1856 0.03467423103731036 7.527861805293184 41.503187311160424 4.9287455956338952e+01 107.06678113195372 200.0   
59 1888 0.034519561570152305 6.036784685771508 41.503187311160424 5.6754463237953260e+01 200.0 200.0   
60 1920 0.03143616522239856 6.251247144368779 41.503187311160424 4.8277646897564956e+01 177.82478859053208 200.0   
61 1952 0.03257049724516833 6.486361729043323 41.503187311160424 5.4743692446640225e+01 115.15642265510888 200.0   
62 1984 0.0441460282648455 5.026684305460669 41.503187311160424 4.9327327069540161e+01 119.33507760720998 200.0   
63 2016 0.04280020859404854 4.4249205179863145 41.503187311160424 4.1961359318226179e+01 110.9960748521415 200.0   
64 2048 0.039004938304822816 3.481316380932482 41.503187311160424 5.9984314285874390e+01 117.90775027833408 200.0   
65 2080 0.03694921874066324 4.2143489959888685 41.503187311160424 4.6410408528290397e+01 104.78352883863843 200.0   
66 2112 0.03583167799828999 4.216632911767777 41.503187311160424 5.0054738818096787e+01 200.0 200.0   
67 2144 0.033071405849546875 5.201772703919162 41.503187311160424 4.4246525905589444e+01 200.0 200.0   
68 2176 0.03287007327548934 6.415916651962891 41.503187311160424 5.3812216717029393e+01 200.0 200.0   
69 2208 0.033705678093378454 8.774898164361078 41.503187311160424 4.7966561425959590e+01 200.0 200.0   
70 2240 0.035924631558103 11.300474604526771 41.503187311160424 6.0405686398389761e+01 200.0 200.0   
71 2272 0.03260144294371113 14.55907646620445 41.503187311160424 5.4066632451357492e+01 200.0 200.0   
72 2304 0.03708148892529552 12.083477684247393 41.503187311160424 6.1635605840361684e+01 113.74309670796816 200.0   
73 2336 0.03474645762201634 14.67274560167868 41.503187311160424 5.4223914875058611e+01 200.0 200.0   
74 2368 0.030325748802274222 12.54960463014665 41.503187311160424 4.6353716509751386e+01 119.98385623467232 200.0   
75 2400 0.02835766516603926 12.552611108787591 41.503187311160424 5.9046686061157622e+01 200.0 200.0   
76 2432 0.029995679842977206 13.26271000110431 38.91945807669993 3.8919458076699932e+01 200.0 200.0   
77 2464 0.028678713869829817 10.951159362936938 38.91945807669993 6.0699487543487820e+01 200.0 200.0   
78 2496 0.031693165077481135 15.556150933194381 38.91945807669993 4.2337477034823912e+01 144.39390028782145 200.0   
79 2528 0.030703041200372625 17.523236051504053 38.91945807669993 5.4666845938081991e+01 200.0 200.0   
80 2560 0.02653685696423244 16.519864974480612 38.638600789073756 3.8638600789073756e+01 200.0 200.0   
81 2592 0.024081165761510363 18.13115181599769 38.638600789073756 4.9439694812467607e+01 200.0 200.0   
82 2624 0.026086126692179218 18.53768463819438 38.638600789073756 4.1002611783166010e+01 115.50910410168763 200.0   
83 2656 0.0254806872404218 23.558392899094237 38.638600789073756 6.2768461978635827e+01 200.0 200.0   
84 2688 0.028062901473593783 25.246296503690072 38.638600789073756 5.5394512513654760e+01 138.4185939445191 200.0   
85 2720 0.02542375317782441 27.398113951024115 38.638600789073756 7.6817367818883440e+01 200.0 200.0   
86 2752 0.024477057798075113 32.89446846486527 38.638600789073756 5.6294810407206896e+01 200.0 200.0   
87 2784 0.024115739379533166 31.555279018806758 38.638600789073756 4.5594346263431405e+01 200.0 200.0   
88 2816 0.023842365035500662 27.682266189660844 38.638600789073756 4.3585199484296652e+01 200.0 200.0   
89 2848 0.027412840568090763 26.51653198942623 38.638600789073756 5.1701142958678496e+01 200.0 200.0   
90 2880 0.027838380305069958 33.523500932761415 38.638600789073756 4.8260977540633533e+01 200.0 200.0   
91 2912 0.02322259680173572 36.79376879596853 38.638600789073756 4.6652044573162740e+01 200.0 200.0   
92 2944 0.019662779908923355 57.795943413039105 38.638600789073756 5.6557112790046915e+01 200.0 200.0   
93 2976 0.025962081907772206 68.01043796398307 38.638600789073756 4.4622326516525547e+01 112.42753035628928 200.0   
94 3008 0.028832681678063847 62.76129874696645 38.638600789073756 5.9547889522360890e+01 200.0 200.0   
95 3040 0.026483602153370287 56.6572745864052 38.638600789073756 5.7192924087197440e+01 200.0 200.0   
96 3072 0.023674018275979845 64.68294215923524 38.638600789073756 4.1029697838170215e+01 200.0 200.0   
97 3104 0.02191719817528479 57.11305768450457 38.638600789073756 4.6338237699696236e+01 200.0 200.0   
98 3136 0.022278760939966467 72.99945425600347 38.638600789073756 6.7297566590978562e+01 200.0 200.0   
99 3168 0.028908592176134684 88.56863286411158 38.638600789073756 4.4996466740699567e+01 200.0 200.0   
100 3200 0.029000663153626084 79.77574472043598 38.638600789073756 5.0465255399268862e+01 200.0 200.0   
101 3232 0.026032526322681025 81.33653148711664 38.638600789073756 4.1401206121189979e+01 200.0 200.0   
102 3264 0.02750294612742508 84.00668574888665 38.638600789073756 4.2091803381374248e+01 107.55562271499143 200.0   
103 3296 0.026667903584281106 109.69236104229063 38.638600789073756 5.6631105685624760e+01 116.30608570393991 200.0   
104 3328 0.02830773145692632 118.52545094192574 38.638600789073756 6.0575768161096988e+01 113.9442124060144 200.0   
105 3360 0.022619360609715092 134.9318717708734 38.638600789073756 4.9839325608851183e+01 100.73262851991143 200.0   
106 3392 0.024110787775694722 131.13493763087547 38.638600789073756 6.0946681238016730e+01 102.48924046269785 200.0   
107 3424 0.022723318639767696 162.9039201894927 38.638600789073756 6.5452530003280557e+01 200.0 200.0   
108 3456 0.019935505628841384 143.72463832220106 38.638600789073756 4.8908610420946815e+01 200.0 200.0   
109 3488 0.017071282812883053 130.8753861824968 38.638600789073756 5.0419144179710159e+01 200.0 200.0   
110 3520 0.016893498275883947 127.77947498994955 38.638600789073756 4.9858998156115355e+01 115.28130922374676 200.0   
111 3552 0.01908981102886988 117.93563381958451 38.638600789073756 4.5304156642121072e+01 117.71042416528711 200.0   
112 3584 0.01564344630891259 114.48392543968548 38.638600789073756 5.3067754665998010e+01 200.0 200.0   
113 3616 0.017453678822288352 104.46439682219977 38.638600789073756 5.0565368129679328e+01 111.66481980775296 200.0   
114 3648 0.020551729286284844 79.47344090765301 38.638600789073756 6.1848212190738614e+01 200.0 200.0   
115 3680 0.02056537754329474 100.20185628090739 38.638600789073756 6.0780105764351731e+01 200.0 200.0   
116 3712 0.020221818034783956 81.39666338197344 38.638600789073756 4.7186400635037131e+01 128.40253023868817 200.0   
117 3744 0.0187961151011427 71.61665962625075 38.638600789073756 5.9319886004246513e+01 142.19331916377342 200.0   
118 3776 0.01805819550097474 73.56490802853534 38.638600789073756 4.8953542634411434e+01 106.49648987774543 200.0   
119 3808 0.018897149708537342 81.25752900702273 38.638600789073756 5.0526426188081430e+01 200.0 200.0   
120 3840 0.02221937750470924 110.47015489145438 38.638600789073756 5.3774124212236615e+01 103.43013011493485 200.0   
121 3872 0.021366768460112876 135.26150889062936 38.638600789073756 4.8716713933742433e+01 111.69410526931182 200.0   
122 3904 0.02298635125215066 148.7435544857078 38.638600789073756 6.3378457947116466e+01 200.0 200.0   
123 3936 0.022577897095891277 151.88222309522246 38.638600789073756 4.3515027809385472e+01 112.58762969163696 200.0   
124 3968 0.021611078560740408 146.30943518596104 38.638600789073756 5.8768081236127109e+01 200.0 200.0   
125 4000 0.023858111219756586 149.19023810561407 38.638600789073756 6.4015472068062763e+01 200.0 200.0   
126 4032 0.025278260807602645 155.40289441646632 38.638600789073756 5.5362024167461286e+01 117.87324249846488 200.0   
