% # columns="iteration, evaluation, sigma, void, void,  stds==sigma*sqrt(diag(C))", seed=1, Fri Feb 20 03:03:01 2026, <python>{}</python>
1 32 0.14192563102175232 0 0 0.13992775530330656 0.11910882697616704 0.11824304809491724
2 64 0.13129756441309812 0 0 0.11705500319702428 0.09876929406772965 0.10106782190838919
3 96 0.11737254000520765 0 0 0.08749620278689377 0.07614589006973038 0.09625135928417829
4 128 0.10775852059246202 0 0 0.0808955165468772 0.06193058915711529 0.07612214308634395
5 160 0.09713842713163026 0 0 0.07103670682052374 0.047472088694413286 0.06997517779879502
6 192 0.08882949073629774 0 0 0.06034556207526877 0.039421435800099255 0.06748232787457462
7 224 0.07781358667739081 0 0 0.0561066617644037 0.02768857348377597 0.05256121221776285
8 256 0.0783499723723789 0 0 0.04863639021952349 0.033188930071263986 0.054546260017485394
9 288 0.07563540540326687 0 0 0.042608524662264384 0.027311735272649455 0.053589052273519365
10 320 0.06687702426544882 0 0 0.03805135411124502 0.02221193483934421 0.04511901572065901
11 352 0.0694708854604737 0 0 0.04383059017755733 0.021789236750530263 0.0389316395497821
12 384 0.061811267867036716 0 0 0.03105943605598017 0.016994101271271038 0.02965632403418233
13 416 0.08173640083416839 0 0 0.035888961265635524 0.022662405172316456 0.04384944243350199
14 448 0.08093279326805237 0 0 0.036363777254723915 0.021311168649608293 0.03484857276546012
15 480 0.09413696230265911 0 0 0.05287146083924762 0.024169312567357208 0.03619644263370605
16 512 0.11359077085130442 0 0 0.06557698417057328 0.03130910135565939 0.04573915192498934
17 544 0.12378612171172654 0 0 0.08726890414527982 0.031085945898900805 0.041641596609988334
18 576 0.1217774108843774 0 0 0.08626737061038288 0.02902778310502246 0.0467164744747287
19 608 0.10724137098118396 0 0 0.07147373684295047 0.024269094824234703 0.035040228318735336
20 640 0.08969917337780009 0 0 0.06346619914855944 0.01896351968757615 0.026499414034210553
21 672 0.0853204233344922 0 0 0.05815319836681572 0.015642780601826934 0.023585346842571953
22 704 0.10275520320605093 0 0 0.06955202270565733 0.01996492831226833 0.026159985088404787
23 736 0.0920677864124565 0 0 0.05567389179971403 0.015786653786502687 0.026146198653215658
24 768 0.08730325945150604 0 0 0.04792649626305906 0.015397898879441919 0.02183231277313835
25 800 0.08594393004455 0 0 0.05070837254460845 0.01286835096852612 0.025970030137158852
26 832 0.09317088787106628 0 0 0.06306930211803156 0.014231807361144563 0.029349653052144827
27 864 0.0825745665263011 0 0 0.04979302321945762 0.012073444303119933 0.021903363839297918
28 896 0.0891451019105955 0 0 0.05428656399333992 0.015187738532059198 0.021608094665032995
29 928 0.08489469450577594 0 0 0.04372461861148427 0.013911609614245224 0.01755119662731313
30 960 0.09167039685782284 0 0 0.04284271649864558 0.015415469216944803 0.0181019479445032
31 992 0.0830413341767778 0 0 0.032504208787586496 0.011048578320465472 0.016319734792724538
32 1024 0.07814598143094022 0 0 0.029858145649376094 0.009847193881009759 0.014979673648082663
33 1056 0.07933084939957455 0 0 0.029870831945734366 0.009703276508196006 0.015228444046792638
34 1088 0.06653104694063221 0 0 0.02089935007708245 0.007578016971270936 0.011766251814794085
35 1120 0.061451611370123796 0 0 0.01675224718302167 0.006692603650877906 0.011068179408222372
36 1152 0.060602683805065394 0 0 0.01457456132966588 0.006716194395632963 0.011418088033261978
37 1184 0.06224125348578955 0 0 0.014331081300113152 0.0057921446759088635 0.00935954098451089
38 1216 0.054957903105102436 0 0 0.011863368068960113 0.004043658849706195 0.007575116043051593
39 1248 0.05080803734657315 0 0 0.011643599000583243 0.00389260882215923 0.006374024488510614
40 1280 0.05148696489204573 0 0 0.011233760288245319 0.0034564230024933646 0.006389533248002149
41 1312 0.04315015259732371 0 0 0.0076132055156735825 0.0028013850825246503 0.004696643535820354
42 1344 0.03786195892412847 0 0 0.006556716107385532 0.002163102023246634 0.003986156922149459
43 1376 0.0387166909631111 0 0 0.006302526607222557 0.002367733506321486 0.004143592792424421
44 1408 0.03355111223549732 0 0 0.00501004134943897 0.0017772644449816268 0.0030038934936854867
45 1440 0.035699529966042365 0 0 0.006375703872013691 0.0020588061147552806 0.0029015172283177893
46 1472 0.0344580792441014 0 0 0.006038144210629906 0.001958546022999814 0.002793644541599087
47 1504 0.03321123711981633 0 0 0.005640298341143155 0.0018865079361051796 0.0026896411952805005
48 1536 0.03850962624484926 0 0 0.006961854141156896 0.0028169701144836455 0.003099673549562815
49 1568 0.04367861456760711 0 0 0.0076979918534707805 0.003753582548761827 0.0030268617487219517
50 1600 0.03557562873659818 0 0 0.006022441426657551 0.002667947988309956 0.0022497536096320035
51 1632 0.03743965260324048 0 0 0.005706199724998289 0.0028378141080457535 0.0026200265593640205
52 1664 0.03867465372194248 0 0 0.006790227761308129 0.0032279233157709642 0.0028848815289361923
53 1696 0.04592466244341584 0 0 0.006277425663696088 0.0035651620066812287 0.003239705878525728
54 1728 0.04346982088194402 0 0 0.005680224856399903 0.003576518582310107 0.0032674760237101108
55 1760 0.04010694074467665 0 0 0.004807602072115781 0.003513810845324355 0.0028525172133038474
56 1792 0.032441098884254074 0 0 0.0038578344840268833 0.002632406018808053 0.0019123751651196207
57 1824 0.03028483820433054 0 0 0.0037801870109344217 0.0021970788148787815 0.001806888970467607
58 1856 0.03467423103731036 0 0 0.0037685211088199486 0.0025108602351886543 0.0020160932006913473
59 1888 0.034519561570152305 0 0 0.003400217219453375 0.0026899178942015305 0.0021488716158140847
60 1920 0.03143616522239856 0 0 0.003022183968522188 0.002556922876749816 0.0019095685920279522
61 1952 0.03257049724516833 0 0 0.0026216519897910733 0.0023009834661383423 0.0019157159090027506
62 1984 0.0441460282648455 0 0 0.003346682806272574 0.002754346172683595 0.0023459939256030614
63 2016 0.04280020859404854 0 0 0.002939463944600539 0.002502088754139894 0.0018681749198764214
64 2048 0.039004938304822816 0 0 0.0027260032043671108 0.0021183063943264733 0.0014065885784730894
65 2080 0.03694921874066324 0 0 0.002629533196179039 0.0019077784253544638 0.0012680345147090663
66 2112 0.03583167799828999 0 0 0.0028132167049892878 0.0019463210896717494 0.0012472894979482852
67 2144 0.033071405849546875 0 0 0.0025570765565657407 0.0017784392858630781 0.0009772839374936645
68 2176 0.03287007327548934 0 0 0.002867355779335809 0.0018982272457763504 0.0008764843085635521
69 2208 0.033705678093378454 0 0 0.003155088309948806 0.0019088972383222362 0.0009182172006607073
70 2240 0.035924631558103 0 0 0.0044249403382043756 0.0020983388818673556 0.0010648545256353441
71 2272 0.03260144294371113 0 0 0.0032079902719087316 0.0016799343768778082 0.00080975629640231
72 2304 0.03708148892529552 0 0 0.0036026367674460076 0.0025432186312913875 0.0010131062101273317
73 2336 0.03474645762201634 0 0 0.0027074790175489385 0.002012764688943634 0.000885047221669015
74 2368 0.030325748802274222 0 0 0.002202608876023151 0.0014637029650440459 0.0006785113544258781
75 2400 0.02835766516603926 0 0 0.0017789959017817038 0.0012330463151247425 0.0006046275982657204
76 2432 0.029995679842977206 0 0 0.0018033623885578217 0.0012553286720523545 0.0005606010595283224
77 2464 0.028678713869829817 0 0 0.002144249017653443 0.0013561613201018504 0.0005252695084525881
78 2496 0.031693165077481135 0 0 0.002761009108979943 0.0014298211419660654 0.0005355756830344798
79 2528 0.030703041200372625 0 0 0.0025730141495322605 0.0012285019498093027 0.0005421259478924202
80 2560 0.02653685696423244 0 0 0.0021639686746842144 0.0009236911328094016 0.00042574947122781887
81 2592 0.024081165761510363 0 0 0.0017099863062876822 0.0007985401994376561 0.0003727181401432543
82 2624 0.026086126692179218 0 0 0.0019634364639366172 0.0009519257099841107 0.0003894812480236095
83 2656 0.0254806872404218 0 0 0.0017455991862936086 0.0008019180030603325 0.00033518575100199
84 2688 0.028062901473593783 0 0 0.002142653229873673 0.0009131042955510261 0.0003735990316685373
85 2720 0.02542375317782441 0 0 0.002077886616159976 0.0007919980799283742 0.000338791058939872
86 2752 0.024477057798075113 0 0 0.0021094282188582354 0.0007207975327629381 0.00039421806083172784
87 2784 0.024115739379533166 0 0 0.0017757721055698152 0.0006469758629482467 0.00030148226417465285
88 2816 0.023842365035500662 0 0 0.001857509661450486 0.0006741924411662058 0.00025713304768275433
89 2848 0.027412840568090763 0 0 0.0022341631463460637 0.0008242717652621285 0.0003777242834622865
90 2880 0.027838380305069958 0 0 0.00262314781554504 0.0007661301912196827 0.0003821124541514025
91 2912 0.02322259680173572 0 0 0.0029364294725297943 0.0007990058240287916 0.00035395035096871477
92 2944 0.019662779908923355 0 0 0.002883761962575848 0.0006440341515257558 0.0003669939744286968
93 2976 0.025962081907772206 0 0 0.0038612924925778788 0.0008550894335641861 0.0004455800950631438
94 3008 0.028832681678063847 0 0 0.0035541251942009565 0.0008991066475646654 0.0003938635913704169
95 3040 0.026483602153370287 0 0 0.003541110099768123 0.00097729807206231 0.0003485890479133144
96 3072 0.023674018275979845 0 0 0.002815312669115822 0.0008038250263326348 0.0002920637336375627
97 3104 0.02191719817528479 0 0 0.0032251168525483536 0.0009586550372510087 0.00028130657690748114
98 3136 0.022278760939966467 0 0 0.003361194274260017 0.0010300147711064052 0.00026113348244567416
99 3168 0.028908592176134684 0 0 0.004110255362373655 0.0012773822592787591 0.0003125193281904615
100 3200 0.029000663153626084 0 0 0.003840730465513349 0.0011429459676117323 0.0003424519323792259
101 3232 0.026032526322681025 0 0 0.0032623589622187677 0.0009739647681095864 0.0002892926850910193
102 3264 0.02750294612742508 0 0 0.003989268566227377 0.00122090193907903 0.00030057455880918687
103 3296 0.026667903584281106 0 0 0.003698875886267134 0.0011023224406765 0.00028992043837431936
104 3328 0.02830773145692632 0 0 0.004039858243999377 0.0012241689931492682 0.000290572513631515
105 3360 0.022619360609715092 0 0 0.0028160157513037443 0.0008400515585506474 0.00021066751795682586
106 3392 0.024110787775694722 0 0 0.00308197881241658 0.0009186771126149874 0.00022521156063903537
107 3424 0.022723318639767696 0 0 0.002532432455053126 0.0007373010783378685 0.00019810895797810007
108 3456 0.019935505628841384 0 0 0.0018296065240911638 0.0005334652589594115 0.00014303183721852634
109 3488 0.017071282812883053 0 0 0.0013863775512642034 0.000404481574873719 0.00010546201382688728
110 3520 0.016893498275883947 0 0 0.001253186212245063 0.0003753313871632953 9.132405096252552e-05
111 3552 0.01908981102886988 0 0 0.0014477799443170707 0.00043696547950899267 9.566761545555982e-05
112 3584 0.01564344630891259 0 0 0.0010490186762894902 0.00031975313769302857 6.829858956269892e-05
113 3616 0.017453678822288352 0 0 0.0010907916926888909 0.0003377988155786018 6.100291135439847e-05
114 3648 0.020551729286284844 0 0 0.0014164635907010538 0.0004497647643864087 6.234279757959985e-05
115 3680 0.02056537754329474 0 0 0.0012129973488771372 0.0003900180704616576 4.6914981729597e-05
116 3712 0.020221818034783956 0 0 0.00111787085972551 0.0003598374165524741 4.5367170926363186e-05
117 3744 0.0187961151011427 0 0 0.0010301880632197725 0.0003370538019650885 3.419193172017946e-05
118 3776 0.01805819550097474 0 0 0.0009632005393592752 0.0003185190302657493 3.0542966895346035e-05
119 3808 0.018897149708537342 0 0 0.0010658889404011997 0.0003680032308168373 2.6566160481920002e-05
120 3840 0.02221937750470924 0 0 0.00139326536709477 0.0004836729187833675 3.2377972401824025e-05
121 3872 0.021366768460112876 0 0 0.0013126218582300805 0.0004559637482457394 3.000886947062903e-05
122 3904 0.02298635125215066 0 0 0.0014533640837064235 0.0005042919026178359 3.198250838695653e-05
123 3936 0.022577897095891277 0 0 0.0012257181485267608 0.00042238585725054925 2.8676488741146144e-05
124 3968 0.021611078560740408 0 0 0.0010243205590218648 0.000363246594411597 2.043218268776316e-05
125 4000 0.023858111219756586 0 0 0.0012939664420970028 0.0004550246698077077 2.7012707493001113e-05
126 4032 0.025278260807602645 0 0 0.0015686701055210902 0.0005452254165098845 3.34837758758513e-05
