% # columns="iteration, evaluation, min max(neg(.)) min(pos(.)) max correlation, correlation matrix principal axes lengths  (sorted square roots of eigenvalues of correlation matrix)", seed=1, Fri Feb 20 03:03:01 2026
1 32 -0.16557048166607913 -0.09694046682603852 0.12406525557152437 0.12910381486400474 0.8541074963236694 1.0499929409842776 1.0807475230630421
2 64 -0.08147251488359238 -0.032874845368438765 0.15123822929798197 0.16401158467163526 0.8704239815461459 1.036301431930797 1.0809446954065387
3 96 -0.04140494847716888 -0.03353013528224646 -0.006345431840035679 -0.005158677220887834 0.9777566222604244 1.0011531296360914 1.0206294129828637
4 128 -0.21889032141142342 -0.18197774732990035 0.06160990788911552 0.10589321888059772 0.8819812159798784 0.9726889860900959 1.1295951801409547
5 160 -0.20380752571545968 -0.14567943477084158 0.15262634347615311 0.1939335119471999 0.8390262084874697 1.014233073951399 1.1257736420676392
6 192 -0.07859373138893344 -0.07120940644762486 0.15616505287427904 0.22457221437360508 0.8793956197606595 0.9849920825789596 1.120916562997679
7 224 -0.10190924064995244 -0.06227977404580378 0.0693384193659039 0.07358168389899114 0.9185215352569952 1.0257315611053732 1.0508058592439744
8 256 -0.25759037131928647 -0.16981243726920328 0.18082402525552607 0.2099249120470193 0.7863430131606953 1.0446292769602814 1.1359640572530447
9 288 -0.38601420341544096 -0.2765935313340254 0.10074148700695441 0.11709915437253217 0.7614937337936379 1.0140911937754769 1.1797229946474945
10 320 -0.314630589331963 -0.1933216444176494 0.2015701860010999 0.21189185122636944 0.7276843815625337 1.0731511504426399 1.1483997775746873
11 352 -0.23684174956602164 -0.19148644253823635 0.12335285282178199 0.1829439775806695 0.852019743329645 0.9728834136293137 1.1521979953382397
12 384 0.052280376733124585 0.058383957557617244 0.16780903044561124 0.19818047391711657 0.8945133242942431 0.9828498273408395 1.1107889671562932
13 416 0.10070577723948024 0.11017480747852501 0.1822350630048621 0.19678611794126305 0.8931511797264002 0.9527818130307548 1.1377555919050313
14 448 0.11841915766968089 0.11862262382907086 0.156303322861864 0.16866008971340501 0.9117762947089099 0.9467394346193356 1.1279842336413892
15 480 -0.1621042415919897 -0.1319533214897302 0.16525095946594054 0.2341681330155713 0.8564580253484958 0.9804398891608048 1.1424610604123466
16 512 -0.3976337945877471 -0.3922918981417885 0.06427677257510685 0.21112443303478 0.7400544397784097 0.8884440194369456 1.2895683969805514
17 544 -0.41577769459826147 -0.3750189202495194 -0.003984352828151183 0.07893506196356276 0.7386537982288955 0.9645374070822398 1.2345275034202745
18 576 -0.4791404242645593 -0.41904977434435114 0.09659962165134144 0.20839210372969746 0.7208552850041928 0.9187007549279542 1.2792015404057062
19 608 -0.40981174193788383 -0.3387199999902705 0.07844208730644153 0.1464043744577323 0.7678457323380089 0.9615174783975713 1.218973777431772
20 640 -0.5401829362633632 -0.5262085858097457 0.16902841269901953 0.38679972841499044 0.6618143110053079 0.7863747182079881 1.3941365142308972
21 672 -0.4636315414191897 -0.36919858739466377 0.09226011684319502 0.1516467308979554 0.7289974223822653 0.9748143714615729 1.2321930446776554
22 704 -0.17360648934083883 -0.14321367206324637 0.15341599955807536 0.22189973948759015 0.8614157336020678 0.9744742107220778 1.1438369405384643
23 736 -0.15087827827470965 -0.0946830839730085 0.2966138325536483 0.37085094376083283 0.7549181190686012 1.0250262969695996 1.1744870046206197
24 768 -0.15174526966660573 -0.11167722631538388 0.26596002955829723 0.35177107149830245 0.7834137931646885 1.0030956919266563 1.174760342162391
25 800 -0.19172798757230125 -0.17086573586649645 0.33661948115705737 0.4849189684591038 0.7122401811135088 0.9631613794559523 1.2510132219652608
26 832 -0.18315083167356283 -0.15280735021493663 0.4204849497837198 0.5812389016579791 0.6370309805871579 0.9822567955704898 1.2764650866074474
27 864 0.0035189878793339775 0.008679578785109833 0.5009362997805739 0.6598612825399527 0.5829372668679543 0.9998713173052319 1.2885811933001432
28 896 0.151056411522217 0.17344199015950537 0.6191531636621331 0.7453379761923874 0.49893233020237404 0.955950857163155 1.355442543440281
29 928 0.1205458254645913 0.1381297293977722 0.5905853398975615 0.7238199727976437 0.5221261075515827 0.9704189886256498 1.336290131044828
30 960 0.29288006455315163 0.3200079044543071 0.672532154699148 0.7629123982129393 0.4769932825934483 0.8767396489779327 1.4155581924706515
31 992 0.18555766699485965 0.2384954537889703 0.6765009397827749 0.7695649816532658 0.44510730507260043 0.922583131173629 1.3966817293302256
32 1024 0.07045544297744638 0.14305693871715253 0.6881404396827475 0.7972334442649063 0.38684783727721783 0.9732490715734146 1.3795415888893767
33 1056 -0.0700655401758006 0.029419248726140344 0.6145044329688206 0.7100480388144399 0.4353715529405464 1.0262328556884275 1.3256310711490251
34 1088 0.023818434775978548 0.11509029510378405 0.6346038906570434 0.716503228846991 0.4411053866279182 0.9899660117070695 1.3510711800466444
35 1120 -0.029231295092720683 0.10344009215586236 0.5177251581861584 0.523148792947674 0.5104734812324611 1.0144974181255955 1.307750669498935
36 1152 -0.11993219879747448 0.02521304516852134 0.521009148083359 0.5411292717556424 0.4769408096753685 1.0574985066670934 1.2861665414957235
37 1184 -0.2025652507249296 -0.059943414684333396 0.4174940826441161 0.4340180790463364 0.5671532715395535 1.0949595561870615 1.2163061855045445
38 1216 -0.3007022566587006 -0.15346616066308047 0.30108218812696963 0.30536220839469946 0.6354035444001996 1.134852668603511 1.143840791512155
39 1248 -0.05371857780141137 0.050354534097224915 0.4207608680334604 0.4401565341135693 0.6345728372342261 1.026015034664948 1.2428235847802334
40 1280 -0.14346842720361874 -0.06128223246940326 0.4376211824871678 0.5217361260718093 0.6241971491358663 1.0424921042648712 1.2343371223276314
41 1312 0.02423575251784902 0.08111327878836055 0.4157705550327191 0.47044545417699374 0.6901033107756193 0.9898730990055673 1.2425412139328187
42 1344 0.0003198612395691567 0.001469230296844605 0.2007470716865591 0.26602364975918846 0.8567010126364426 0.9999940895074414 1.125200069275628
43 1376 -0.03893777165549964 -0.03618254991536233 0.2993515080693503 0.40844097232411725 0.7690314643458586 0.9973708479936613 1.1890508813412781
44 1408 -0.042206264483354586 -0.008698410395556317 0.33523567659597336 0.41637251817201826 0.7503365362193835 1.0087666100939219 1.1913794562497357
45 1440 -0.15494597117472786 -0.1004688851013798 0.3178575841223308 0.40282265445688625 0.7378928412573745 1.0206350675717344 1.189040879727842
46 1472 -0.29176969657257695 -0.18148470754049456 0.22638432428337807 0.25205567919258653 0.7301153884398456 1.0710403344287807 1.1488272810087767
47 1504 -0.37460554860515594 -0.2037675218651929 0.32695142466701965 0.33301971343779413 0.5671671824503358 1.1405581497286124 1.1736475170335392
48 1536 -0.6469184836625449 -0.49184208219290326 0.3944841985828727 0.5348498907051564 0.41661332895746245 0.9868446908055274 1.361091800858386
49 1568 -0.7092913858986684 -0.6170320371910594 0.40711137860455415 0.6562331684954831 0.43350970959866103 0.8130851375776142 1.4666157952013463
50 1600 -0.6640051425919791 -0.6163057542208634 0.395045470963418 0.6844631576537296 0.503686738859861 0.726099824551462 1.4896572471152736
51 1632 -0.6488494423280994 -0.6186872949088096 0.45553431782947773 0.7834460413229503 0.4435174402455777 0.7004968035059991 1.5207223640348977
52 1664 -0.7505368209227699 -0.7039784401442135 0.4919480595586999 0.8440318453477814 0.33385667585070045 0.6657831341412364 1.563736722815894
53 1696 -0.5828861955385872 -0.5454101287961628 0.5263134350194885 0.8460785562156147 0.3660886986543691 0.7797314779262774 1.502663597432391
54 1728 -0.4690170171378786 -0.4499632917540257 0.5779577424721868 0.9015443618304048 0.30709569633255873 0.8346511346965629 1.4862872254862993
55 1760 -0.541169185158925 -0.5223991547684129 0.5789839316072896 0.927341596675345 0.26149517180957804 0.7859998841661001 1.521126049087043
56 1792 -0.6520492386600836 -0.638621768955406 0.5387104244471219 0.9177270192099537 0.28171167755997567 0.6822556288857247 1.5668968656488178
57 1824 -0.6408304660779846 -0.6272779896046838 0.5393273280499057 0.9146432907948014 0.2871498967721806 0.6921022796465486 1.561582329335145
58 1856 -0.5226249049160154 -0.5169505148326878 0.547171552368046 0.8962045180182965 0.3215116313001211 0.7732089921854336 1.5161721951487968
59 1888 -0.5334178590519358 -0.5274313012242662 0.5620975681589471 0.9192873001256819 0.28329006121835415 0.7688424927550631 1.52598426025601
60 1920 -0.485737902317668 -0.4730894374014841 0.5863579080034226 0.9268585582222075 0.2670459066008484 0.8160258532912353 1.5042567236107145
61 1952 -0.48836522956937595 -0.46784240925770537 0.5669827383948731 0.8914016339673952 0.3218516472650746 0.8225115586581743 1.489928271101149
62 1984 -0.21895509586205114 -0.21784171263606167 0.6093661719442435 0.8839887502450223 0.34058672028755704 0.9508619317336661 1.4070757878463709
63 2016 -0.17746980912107105 -0.1468932268226518 0.5941440403479296 0.8105798804397041 0.42439273559383905 0.9884501257369722 1.357518749375397
64 2048 -0.06991208347904976 0.0062371518668744436 0.6474171709455852 0.7849946086258979 0.3990912075158334 1.0189099799677568 1.342590280318482
65 2080 -0.2200023743048933 -0.10588831078442032 0.5856497229575601 0.7020483373510806 0.4148560732390781 1.0609574174123955 1.3047083187188901
66 2112 -0.2701009888957939 -0.16428075881318058 0.6130531969160272 0.7663442854098165 0.3607897822187543 1.0459271736348097 1.3326166292294426
67 2144 -0.1517707251482068 -0.04023683720099637 0.6595516541072373 0.7812805965961047 0.32644809566794 1.0479804838628757 1.3398390001329672
68 2176 0.02839253092032831 0.13711490702302612 0.7207162909236202 0.8065277094544538 0.28627316442713924 0.9876638933743616 1.3937602767525952
69 2208 0.07786424176339132 0.17958142163674562 0.7580774605175111 0.8491922936044121 0.2329946439534439 0.9659525176595335 1.4186786914295348
70 2240 -0.2250858764112355 -0.0710065526055687 0.6644054955836146 0.7554635211743423 0.21011848506898734 1.0859275766566623 1.3328959150994883
71 2272 -0.17814729756097833 -0.04285699302212176 0.6780998279098486 0.7831284636816488 0.24396393493481258 1.0646371432640722 1.344257918568322
72 2304 0.29855920333479 0.3864107426307628 0.8229069726551849 0.8805541767006861 0.18432991897160614 0.8466446643424058 1.4997384082940786
73 2336 0.1757121219286935 0.269615355718859 0.7953312846898742 0.8766666938900473 0.19290461609767914 0.9178895554758267 1.456113516535231
74 2368 0.10617078503696417 0.20721746080513173 0.7760552114092139 0.8646211191757404 0.19985769968870595 0.9525198194598162 1.4327466256848693
75 2400 0.07647597092884131 0.18834547871574028 0.7720919505903696 0.8548046000950138 0.17390759710156117 0.9653673407656123 1.4275230453668661
76 2432 0.16136818022292138 0.26954452664759027 0.7716876259218645 0.8308923125886203 0.2247016871283084 0.9207183914204458 1.4497540465547385
77 2464 0.07545880301106861 0.2254607213055156 0.7274882195571862 0.7448288006799628 0.17698163484092333 0.961719471222855 1.4296059455667725
78 2496 -0.024377496130440254 0.13893783820107242 0.6976264409753739 0.7205406409019616 0.17735744488577565 1.0120045996748637 1.3944142236009027
79 2528 -0.18342628963727017 0.013286169699978145 0.6187276517772792 0.6238290197991312 0.18861122760121646 1.0878028146490069 1.3345826468467434
80 2560 -0.310155857174563 -0.11250474078161102 0.6027699922198 0.6435437868273184 0.17587591483759152 1.1369045670569364 1.2948033317786607
81 2592 -0.2208638037880945 -0.019266696827605012 0.6153121160145243 0.6252412800014112 0.16138962003444646 1.1046793665559005 1.3242495564095127
82 2624 -0.14026369830168528 0.0356484053607769 0.679053250621797 0.7176094287130081 0.12829443511264021 1.0658639578604607 1.359218364080313
83 2656 -0.19194137478575196 -0.02379980276819471 0.6832586783801293 0.7508032667453468 0.1186326421175096 1.0829553720158305 1.346526627455348
84 2688 -0.2700775400571959 -0.1206852933858003 0.6871586723533403 0.8070477475949915 0.10981899637498065 1.0856030433671098 1.3451415614229087
85 2720 -0.38391070725243037 -0.23242305205869368 0.6583608716523419 0.8038011910289504 0.09735356322144866 1.0808572552959368 1.349914766717596
86 2752 -0.5559294307010694 -0.37909041787053077 0.5809234049079897 0.7240889996702913 0.1015676535661421 1.0705166699136248 1.3578210748055546
87 2784 -0.4453019452111364 -0.2967494400757606 0.6400348035395212 0.8037437129425726 0.11339008026028041 1.060795445132975 1.3644983375892035
88 2816 -0.3661114173473046 -0.23326684180371182 0.6698445493261005 0.8380371041591118 0.1293907499255276 1.0580137190022638 1.3652344136582217
89 2848 -0.44388433289616314 -0.26671310578227614 0.6165660663545721 0.7338212299529678 0.10047048558579852 1.1086193563837214 1.3269773186371716
90 2880 -0.6730692667663224 -0.5306499022722586 0.5681559472491283 0.7920051992621935 0.10122465536104502 0.9476227195482925 1.446293452430362
91 2912 -0.7598638252828693 -0.6649281492423946 0.5683157971574053 0.8844614365835306 0.0676300706409987 0.7907962420741194 1.5395023472104692
92 2944 -0.8994080811849885 -0.8379401119855365 0.5218723382369282 0.913675185778298 0.05959321966049527 0.5887548022432975 1.6278256758651868
93 2976 -0.9216865840785945 -0.8772334534449704 0.5179828280031044 0.9386017911855051 0.06768239881153873 0.5064254461082301 1.654978054363621
94 3008 -0.855809922799528 -0.7933513632862599 0.5411001417742614 0.9234587506145004 0.0724623984938268 0.6302868735347005 1.6116723171458813
95 3040 -0.8377216513858629 -0.7868807786631367 0.5532917900329575 0.9491751068755959 0.061262157524643084 0.6126145427867831 1.6189349492865874
96 3072 -0.7631734618772621 -0.6857253601175454 0.5737228292497308 0.9160907906124394 0.07045048876778912 0.7463022129619689 1.5614319503457228
97 3104 -0.7813759353022023 -0.7271569480078162 0.5735228797911902 0.9528638350964729 0.05454463302399303 0.6735792879895369 1.594777672843392
98 3136 -0.8014199809923382 -0.7599186536006679 0.5678316483993464 0.968913755007681 0.04438193912420325 0.6216617883493234 1.6160343017355472
99 3168 -0.8245746589397883 -0.7891498690436731 0.5596165402757589 0.973780553486121 0.04886868365557796 0.5811559721344182 1.6309106621180296
100 3200 -0.8191516107992817 -0.7737557123578861 0.5618250241554804 0.9616227045518736 0.04736041595200651 0.6151026351626343 1.6184578274446435
101 3232 -0.8045161412670784 -0.7559049370508456 0.5667490312050701 0.9590224830741426 0.04611638855062501 0.6379589019044709 1.6096216071449494
102 3264 -0.8334218617701652 -0.8006238623144594 0.5574761416042113 0.977378143454729 0.03493658888832194 0.564239488637983 1.637196760996795
103 3296 -0.8801806676191595 -0.8531173982429242 0.5420017856382356 0.979978244222387 0.03281372670387232 0.4913883383328241 1.660560375382452
104 3328 -0.9114649220238729 -0.8930859554969857 0.5310251558155035 0.9873498930594459 0.029016099232675417 0.4162782089792237 1.6810325751496813
105 3360 -0.9273382130252584 -0.9116466699276675 0.5254909511462154 0.9888452817399187 0.029506231654508393 0.3799563133203064 1.689604267946075
106 3392 -0.9527704217358296 -0.9428191549391768 0.51662372862054 0.9931534230104593 0.02360994083143467 0.30519083349585974 1.7047877069723485
107 3424 -0.942473618552635 -0.9295166229595607 0.5203120049419747 0.9906312186494122 0.02649269369390921 0.3408931482159844 1.6979664303749458
108 3456 -0.9294301548219388 -0.914314607838409 0.5247680327013907 0.9893466992311275 0.028698656944600397 0.373916274783281 1.6909651109770925
109 3488 -0.9282089648869796 -0.912937123595095 0.5251281070799705 0.9892113426797745 0.02989874689530359 0.37663291549031436 1.690341300419343
110 3520 -0.895190667873877 -0.8761543831610081 0.5361181963061056 0.9878394380822746 0.03144550498231813 0.4425523508787349 1.6742635984062104
111 3552 -0.8999901601352797 -0.8843179205204873 0.5337580988931443 0.9907778657495624 0.03243563737517861 0.4228054412431738 1.6793401943272934
112 3584 -0.8824041838400656 -0.865984033795092 0.5390150628244519 0.9909279449859929 0.03436457658857436 0.45110907662419647 1.6719209541312512
113 3616 -0.8630706791169396 -0.8497323896942556 0.5425316118337888 0.9932813229204529 0.043616418198907186 0.4673617790400239 1.6672344093006364
114 3648 -0.7844138786625781 -0.7688107800528698 0.5651937394173174 0.9942588139643385 0.03473362087631225 0.5709303676827784 1.6348798398776674
115 3680 -0.7373600465692667 -0.7213509108286728 0.5771169381793646 0.993930418774783 0.044235996081173595 0.6216225149470553 1.6160534104916227
116 3712 -0.7887706109404009 -0.7759488792813461 0.5614040883782893 0.9943666792724463 0.04947265445901255 0.5585562660051497 1.6387700736122695
117 3744 -0.7149253867719919 -0.7037667877683125 0.5794522088168752 0.9960332753415917 0.045158547417626274 0.6332507950011295 1.6115067906234732
118 3776 -0.7457799838446076 -0.7335105255554287 0.5723424070978933 0.9953572596931551 0.04596001682429258 0.6042784644920934 1.6225705575427494
119 3808 -0.714298553133858 -0.7021358766029606 0.5809236272004468 0.9964474519373518 0.03582229379095866 0.6362093058727926 1.6105758232347875
120 3840 -0.7433213305874009 -0.7336925352977991 0.5720597289388006 0.997681688394732 0.027460657781612417 0.6010828639466272 1.6241752685421367
121 3872 -0.7952448833662913 -0.7877330068559854 0.5573826537756856 0.9982426641426033 0.024487665676091494 0.5377661248457132 1.6462709221747682
122 3904 -0.7784363799403693 -0.7705128166019612 0.561968955378041 0.9982059826996337 0.02429096680751692 0.5584776896595263 1.639363479855555
123 3936 -0.7567345940786875 -0.7465315567693052 0.5691195195266865 0.9974668409826347 0.026603377016128103 0.5881092821628511 1.6289320834722463
124 3968 -0.6798447884764391 -0.668320415427575 0.589595252713395 0.9973761023781875 0.027394877340337263 0.6679801767201425 1.5978272760860088
125 4000 -0.7725359235418316 -0.763670086054245 0.5641227965940482 0.9978545866558928 0.02605551969677682 0.5674747119089752 1.6362437352782002
126 4032 -0.893026369448858 -0.8883206186663909 0.5303536506291253 0.9985393229451636 0.025438779149551567 0.39293287726388776 1.6866999206973667
