% # columns="iteration, evaluation, min max(neg(.)) min(pos(.)) max correlation, correlation matrix principal axes lengths  (sorted square roots of eigenvalues of correlation matrix)", seed=1, Fri Feb 20 05:23:52 2026
1 32 -0.10810945195238537 -0.0844387595395524 0.018443742735677487 0.029067217747921145 0.9437833367402292 0.9966639163065758 1.0563777975818678
2 64 -0.07957323930634369 -0.05404496613825499 0.04483504707460256 0.05226677831079972 0.9452744216783765 1.0101909842202572 1.0420990562901005
3 96 0.11654176194372334 0.13159953713243894 0.200850567016711 0.2088764684560861 0.8811907155000577 0.9412391262313119 1.1565344050947266
4 128 0.1473150682058202 0.1560421357451925 0.2322040765984206 0.248864322676791 0.8642514266717781 0.9296359905391781 1.1784932738840883
5 160 0.12185564584022586 0.14651141124185443 0.2781977139111273 0.2974373827325897 0.8251434135979961 0.9405959196791818 1.197671767588566
6 192 0.15450417531074057 0.17042040414584253 0.22524980441190384 0.22761004233215565 0.8674178903028561 0.9196530645279453 1.183986674117112
7 224 0.1292467789695795 0.16284261233251682 0.2877489182575903 0.29578852020301083 0.8138600239659468 0.9337189893170492 1.2107025689156259
8 256 0.141373728543922 0.16598866856014585 0.31766896820269225 0.3436141280673172 0.7985598672635192 0.9324665835417414 1.2218053073113015
9 288 0.09512216960338091 0.12220342537132446 0.3551337455473186 0.4056959298380397 0.7604939110127736 0.9617768331417741 1.223370072604474
10 320 0.053362653694484716 0.07461306347997368 0.312478287771757 0.37051628608352916 0.7869823944920341 0.9825414158990208 1.1896516619593875
11 352 -0.040339771658770465 0.006499333821789934 0.19304198981114237 0.20838376966036612 0.8514411537679628 1.0187700420675958 1.1122749493968969
12 384 -0.22405836212009023 -0.14541067816420297 0.2258921949528627 0.27101213536933066 0.7750927728538453 1.0433983548594037 1.144793023452898
13 416 -0.4240843055644945 -0.32757072952343264 0.048640337269585034 0.07753045015952904 0.7576607083758256 0.9932953715842744 1.1997143642437147
14 448 -0.4706217450761033 -0.35959029972934875 -0.016064827073510674 -0.012587781534985833 0.7264713126388052 1.0007057056623796 1.212776781838938
15 480 -0.3727276385479851 -0.30368247510372864 0.025550436567113536 0.06624957701313783 0.7911915748919056 0.9841535306606474 1.1855200208803935
16 512 -0.14918830945867667 -0.14139658712364547 0.002727505276452536 0.04297714707478735 0.9106046624769055 0.9789286305476167 1.1011348168909605
17 544 -0.4127361696324461 -0.40111865566596994 -0.03473337559642652 0.07577753712694515 0.6960145680438798 0.9616551789652094 1.2612624777737909
18 576 -0.5039655583440588 -0.4915434210492252 0.04654447940513169 0.21348497559508378 0.64719721077825 0.8876593734067427 1.3391029113417692
19 608 -0.44718668539988066 -0.43386768292974437 -0.01348409096074804 0.11332477055878115 0.6763221196065448 0.9421520927626025 1.2864438676576446
20 640 -0.5353789204596772 -0.49348294464819076 -0.0852214337312382 0.008969760762926207 0.5955027963256071 0.9958049629112897 1.2859816854876382
21 672 -0.5564566796701145 -0.4746535249162027 -0.0927003609892657 -0.0471857944341985 0.6167985464827277 1.0164320308860222 1.2595338342600055
22 704 -0.44339004693523243 -0.3830353221579448 -0.09555548334158917 -0.06008359518009159 0.6986565906904988 1.0222679608685128 1.21113466817958
23 736 -0.4763548864096103 -0.4070056613454403 -0.11768877036153247 -0.09059903176439989 0.6686117010126285 1.0312339740543044 1.220456834150707
24 768 -0.44499487893620837 -0.4378034294701737 0.10950096277247291 0.28474431072065376 0.7181227501466937 0.8463907663569248 1.329632425276808
25 800 -0.5164114316391895 -0.43414862560815637 0.07541208163762234 0.16300284468851545 0.6949391447591812 0.9491998643959645 1.2712510383524018
26 832 -0.5109473794928161 -0.4665736913761435 0.14024412593121627 0.2981430435836636 0.6979204089520545 0.8618573780930633 1.3304544195855599
27 864 -0.5192114811270195 -0.4547953152906008 0.0836064281583273 0.1986575101382179 0.6900047731731818 0.9207039293624135 1.2946805349022736
28 896 -0.5516469470248995 -0.5007092957423154 0.04957222621756116 0.18206174892160254 0.6467730771338461 0.9156292080392316 1.3203437961683562
29 928 -0.5010014484179695 -0.46061216238683406 -0.04539993953467965 0.05261484871823642 0.6468627775070952 0.975287845570449 1.2768641922140191
30 960 -0.4703766263386577 -0.4428403652725229 -0.08928994367579342 0.001023935790315023 0.6387673954507521 0.9995056045447629 1.2621270779888496
31 992 -0.5523597491659071 -0.43412864809598023 -0.028259890270248174 -0.011201405398264365 0.6635316639833565 1.0015764157169966 1.2476259112293926
32 1024 -0.5768526313093464 -0.4369904422484125 0.055861934048665574 0.08028387042009102 0.647855018180064 0.9976229666857661 1.258980655832328
33 1056 -0.6123022924403885 -0.47919331258393444 0.004685212110681694 0.03286907381909973 0.6211956953058332 0.9957866632790563 1.2737836666283116
34 1088 -0.6669125871470994 -0.5269874968692689 0.2187945049972941 0.3274634153416513 0.5431030684127632 0.95699524751838 1.3376094920820032
35 1120 -0.5613161103275227 -0.47594379020202154 0.4506039957481838 0.6740809376060845 0.47226239150232907 0.8856134218975615 1.411615068114319
36 1152 -0.5086809990392243 -0.47445872002436973 0.5018462146644522 0.793058913879205 0.4363909603184747 0.8208323829436716 1.4614366660458922
37 1184 -0.37585030653366946 -0.35508065295917557 0.36646080110027546 0.5862049655455985 0.6366184962836542 0.863003277066554 1.3601258154898497
38 1216 -0.4700568746834867 -0.4431375133578404 0.34301386841948545 0.5781449676862811 0.6345814891138144 0.8070906241640105 1.3949591599973965
39 1248 -0.30203284437032685 -0.2950278022923021 0.22507937634853567 0.39144339381745685 0.7787185922705376 0.8636319507487125 1.2836421649736212
40 1280 -0.3762098998978038 -0.3689224384333277 0.25899255273563115 0.4610100883274747 0.7325536957795429 0.819625342081093 1.3384989284337077
41 1312 -0.3911344497776389 -0.3851773962027439 0.17954801656240937 0.3618327672425654 0.7801128390915255 0.8027630584246618 1.321739547079243
42 1344 -0.46040272050425085 -0.4154581990580089 0.29431885549499304 0.4859666855664184 0.675150940585963 0.8485312171670071 1.350616889024777
43 1376 -0.3534721899810852 -0.27934418275031303 0.16485777091213472 0.2387970815688451 0.7735763907195335 0.9732889068018703 1.2059387511883677
44 1408 -0.2658266091787363 -0.22562090591271153 0.04383694616282295 0.09345052692197632 0.8566691776303244 0.9694868822844726 1.151613261983604
45 1440 -0.21724777919344246 -0.17028267916662337 0.10551430816891254 0.15048153725393873 0.8653881719870786 0.9861699752474687 1.1307396215332994
46 1472 -0.02543626445181905 0.014433472689508557 0.15534189417458233 0.16244163086161265 0.8811855424973357 1.0124032093145658 1.0947838971519648
47 1504 0.07091387725269876 0.09910665414852718 0.19855850424539606 0.20351634404852392 0.8710488289149082 0.9641130232282918 1.1453209227494145
48 1536 -0.132208925299017 -0.10781615125305002 0.2279072744566997 0.31542230898064927 0.8180382996279996 0.9876372956783401 1.1642104245053406
49 1568 -0.025700995768303633 0.025561054335113614 0.261123431135266 0.2883821732985662 0.8052937782870204 1.0114472860077561 1.152595470353653
50 1600 0.16772629862662708 0.22407395963124824 0.45273630236372864 0.4726094222699343 0.6790698001926557 0.9140854681108451 1.3051099430526467
51 1632 0.34731494752640324 0.3714216288977536 0.6187386829431729 0.6770710195869623 0.5592635095576317 0.8331795402175438 1.4117493335008744
52 1664 0.3605040812335797 0.3853891563032959 0.6686001739556072 0.7381187714366616 0.5023674642092126 0.8308327464037579 1.4343444071795286
53 1696 0.38480796078419655 0.40199919170347886 0.6699700679316307 0.7421024624217323 0.5032572130692082 0.8221941875157136 1.4390027433987713
54 1728 0.31076244650025087 0.36325463685238346 0.6875622848723919 0.743172643860262 0.46604676308562937 0.844292614419152 1.4387391688053401
55 1760 0.288855747421168 0.33405533085633354 0.6712095431396745 0.7383946971322893 0.482922214875469 0.8628059303814125 1.4220942517563442
56 1792 0.4643286314303706 0.5006157262841123 0.7519418857630632 0.799430177402305 0.4218842751666842 0.7502324855566597 1.5030518540564588
57 1824 0.5231299053268028 0.5622479452906709 0.7270777057225399 0.7429029192359615 0.4662727646525647 0.6937566997209408 1.5170007747313652
58 1856 0.37805875804979727 0.42865194117516614 0.7249684726542038 0.7731474666885142 0.43320823272720665 0.8017690218674377 1.4729212683205788
59 1888 0.5000804808006644 0.5353978385194104 0.6987350019073124 0.7178633653178671 0.4996034950219491 0.7117769021052762 1.4979218902837588
60 1920 0.4225737387900977 0.4357279417317408 0.6365676428671911 0.6903600069706982 0.5533553416567244 0.7910878030312957 1.4380465756557008
61 1952 0.3443492290245782 0.3825558094176879 0.6904468219871938 0.7548705791172525 0.47297338994944527 0.8323012727907529 1.4434579189261538
62 1984 0.4253859201659044 0.4290260428566175 0.6649060188290099 0.7398925547957609 0.5097939186230062 0.8093980491388786 1.443947699393983
63 2016 0.36784995300643863 0.3812517586312484 0.6161618618402815 0.6810634239518161 0.5619483244943947 0.8304631013524619 1.4122836534811245
64 2048 0.24181635360745374 0.28458572276485583 0.6203878787286877 0.6895525615592295 0.5333437397297249 0.8897759813931327 1.3870267330614072
65 2080 0.3611585896447718 0.36539009246909754 0.6645486634748198 0.7600366843190681 0.48960859778125215 0.8567303296660346 1.4234804400514267
66 2112 0.2155360977668743 0.24149002539048464 0.6730196074443997 0.7909088738387611 0.4488710893396392 0.9248892833918536 1.393949266875215
67 2144 0.21353453664582872 0.23450606711909067 0.7349255419062499 0.8807605030287077 0.33897202635643514 0.9353510351433247 1.4178210064758259
68 2176 0.4126894639762883 0.4370126344880831 0.814955934739689 0.9166138643117627 0.2766728206944889 0.816926830446696 1.5020261995002853
69 2208 0.31270519117036794 0.33955882979708873 0.8100690565483448 0.9400521601720427 0.2297410077853284 0.8815573106873708 1.4731177065378829
70 2240 0.27250034369711573 0.28822747641755453 0.7876081400942688 0.9383412285994015 0.24353584918313628 0.9138252478285598 1.4510732947007605
71 2272 0.40064878182016717 0.4021723121150929 0.8163728675255216 0.952916189034072 0.2169333141585108 0.8560795663512257 1.4899891654921864
72 2304 0.4800185490338776 0.49465548764342937 0.8653237515431175 0.9742429009001283 0.15279288355964343 0.7873136326856837 1.535184542171006
73 2336 0.46710735805530157 0.4803482875631868 0.8576620962367245 0.9701924362866852 0.16692206918224853 0.7980374175020429 1.5281601038787092
74 2368 0.6087736942761076 0.6109975342315052 0.8834211010143773 0.9720051166532705 0.1671145653462828 0.7013869233148448 1.5748425654179088
75 2400 0.5786117253046639 0.5886681027646617 0.8962271001299121 0.988690388458331 0.10010290418840262 0.7176934834191028 1.5731800508622023
76 2432 0.42105358065023046 0.4413128142091373 0.86277800014813 0.9830071619022207 0.11284550564484619 0.823628492588552 1.5195071563016966
77 2464 0.17683516248059145 0.19818129893788175 0.8034620990037639 0.9838762292351009 0.1106398667415882 0.9560192495478376 1.4400645868784472
78 2496 -0.003929743345280153 0.02629300842912553 0.7638357567549556 0.9794605877558267 0.1145013712935259 1.0004625547721595 1.4092423895379622
79 2528 0.005567291654278085 0.02027914685170852 0.7588973405788859 0.9903915499571811 0.08866253904172149 0.9996393767354138 1.4116869591558563
80 2560 0.05560458368946222 0.0778604189993844 0.7746123806817398 0.9846071992659361 0.10650420906134185 0.9919956154156345 1.4158395221381461
81 2592 0.046623785951745086 0.06873092534024307 0.775012504201195 0.9883325577663477 0.0877152072599157 0.9937388527104518 1.4159057648830533
82 2624 0.1748523622353073 0.20228823629842474 0.8119655838600733 0.9877554923175056 0.07644901229217192 0.95335487849133 1.444046406517579
83 2656 0.2841946540198126 0.3114402126579007 0.8380485281987304 0.9863390747409191 0.08301260741691359 0.9011486605044681 1.476834452022585
84 2688 0.2454618672639835 0.26728976019892137 0.8259451035617361 0.9903356584144033 0.0740072469030132 0.9257375567777669 1.4620304043955332
85 2720 0.1455534820218149 0.16799795226558228 0.7998211408149098 0.9879844000875849 0.08830735465500068 0.9671856837374219 1.434138648906448
86 2752 0.04016057893296593 0.05984968510779891 0.7736466974123818 0.9918899286724098 0.07052097596706552 0.9952493491130884 1.415805609905056
87 2784 0.5960146645120058 0.6062110460623359 0.904423648054914 0.9936314671687767 0.07079121532820003 0.7033656829616294 1.5812227293661942
88 2816 0.6411010220680246 0.6465404605721726 0.9136027042864077 0.9971840136870045 0.04900762137009894 0.6713935466598614 1.5958787418068883
89 2848 0.6688686650766948 0.675472610579872 0.9211374908129546 0.996421838720805 0.05403962422071655 0.6427799557674448 1.6074556440156247
90 2880 0.6944197781893198 0.7006768278853033 0.9279622892174767 0.997467059965551 0.04362385047714054 0.6181269194615056 1.6174102977001779
91 2912 0.7107930885941074 0.7128271369651429 0.9286916339991499 0.9986124179727833 0.03632646261791404 0.6097743711559959 1.6207577253849443
92 2944 0.7308795053374673 0.7344434643694623 0.9355270689354716 0.9989909780921463 0.028022070649123702 0.5853551941927587 1.6299000153960652
93 2976 0.5573703350272329 0.5641780293535509 0.8953213992639948 0.9988948282411582 0.02354552610601082 0.7419503213708072 1.5649138407011896
94 3008 0.4982388412032195 0.5053924115895793 0.8810570240197908 0.9991249911101683 0.01787158783869986 0.787246720740153 1.5426999731094828
95 3040 0.5911078342784881 0.5971512201205808 0.9032034159314929 0.9991774286930377 0.01904897198028432 0.7151548676419128 1.5773999657520514
96 3072 0.3769634742894966 0.3845918983139245 0.8511161223625767 0.9989957730210329 0.02129971597636037 0.8680868510914032 1.498656578760304
97 3104 0.41365141830670665 0.41968428131950236 0.8587554176467023 0.9990796000763067 0.02375885006875951 0.8470902235497504 1.5105871938454412
98 3136 0.3891322384990633 0.3937372306342935 0.8512909984498476 0.999203928919802 0.02437741380203502 0.8641914383376291 1.5008593870180729
99 3168 0.4669802622845179 0.471478745160545 0.8707431285770229 0.9993327735064884 0.021395253283665032 0.8133541761291281 1.5290510872139733
100 3200 0.5773980634632658 0.5813959883790732 0.897935411989255 0.9994506282768415 0.018833238134419464 0.7300021197569436 1.570586582870152
101 3232 0.6211405150643321 0.6252631602196854 0.9088449713804743 0.9992495966120505 0.02291180059307846 0.6921793559849062 1.587565050176497
102 3264 0.5762669633859518 0.581648454990062 0.8986378510979467 0.9989194915297982 0.026952659774032352 0.7286577222198799 1.571092447305518
103 3296 0.3489053606760618 0.35875040302263683 0.8457896906301356 0.9982910774860603 0.028470897337771722 0.8821993662175699 1.4902730240630744
104 3328 -0.01786591472022516 -0.0075247605280981105 0.7542530983668858 0.9978378971397533 0.03613117741237918 1.000420279571936 1.4134545632032196
105 3360 -0.08802871521272213 -0.07740257163556735 0.7369655104780993 0.9977953942721668 0.03600069916932215 0.9960147560702058 1.4165657610396094
106 3392 -0.20145556162398656 -0.19158010277020168 0.7082250270818466 0.9982846115120778 0.03012901637944908 0.9687741540847816 1.4354681747601803
107 3424 -0.052086930025886234 -0.041719711704858206 0.7460234921921169 0.9982373418367472 0.030019996120545466 0.9994473747570461 1.414285595247357
108 3456 -0.12534022473518747 -0.11113945155402272 0.7307092836487825 0.9971247555352195 0.03527837860697579 0.9915197124885413 1.4197338115821232
109 3488 0.3112128864166952 0.322041438196881 0.836442663918805 0.9970811873792605 0.04314315557487748 0.9021453807424217 1.4779284083243522
110 3520 0.4709105041244304 0.4785087708337479 0.872415324739962 0.9961192426660492 0.05720749797236616 0.8060446204804725 1.531998489545676
111 3552 0.29156735757396834 0.3012157911186042 0.8293263311729877 0.9957147443131464 0.05879912395118477 0.9134889431797533 1.47040151445478
112 3584 0.4274020288198619 0.43818982199133494 0.8640951772503809 0.9952758358319231 0.05959571511174404 0.8318700737508288 1.5180383826300672
113 3616 0.10680918921815927 0.12225729503067927 0.7875314023983522 0.9938413323750563 0.06483857105442199 0.9824072513816758 1.4250164743385676
114 3648 0.01691286765685826 0.03430416752806359 0.7658502351274576 0.9923076244560505 0.07247995166583954 0.9985365178985436 1.4133900661280907
115 3680 -0.051342486606872025 -0.03509997124282501 0.748895987961486 0.9939854589988759 0.06240972215806104 1.0007016578489738 1.4123389177383978
116 3712 0.015669473892343314 0.028030877402573016 0.7628155048414591 0.9953823104775248 0.058215794329741104 0.9989790417319107 1.4137368197337692
117 3744 0.17284008257536998 0.18075082694531616 0.7990111751096068 0.9971872134610908 0.04787885119319094 0.9662333920524836 1.4366978275514903
118 3776 0.24089239012766872 0.24742343940328487 0.8151348136367357 0.9978408891056032 0.0423509016511546 0.9404940281996492 1.4538491613816518
119 3808 0.4747029507150111 0.48344682658031674 0.8755637248886322 0.9975254817927651 0.040804631008056785 0.802002165187622 1.5346424694770644
120 3840 0.40968256268180603 0.4240809298670985 0.8642787721430922 0.9966130190497975 0.03645767570160032 0.8394749193597829 1.5145800400270442
121 3872 0.37003761509422045 0.38835866288772103 0.8571180730676402 0.9950501620007793 0.04151658238034716 0.8602787311039554 1.5027298087805485
122 3904 0.39776497683498707 0.41427384199912165 0.8625633798297203 0.9954843606091186 0.042784424723176784 0.8447206422238278 1.5114947997271018
123 3936 0.38489529329045313 0.4027124960735068 0.8600205271038674 0.9946393346642673 0.047585420050384304 0.851447008567342 1.5075720942629423
124 3968 0.4455364730196581 0.4519299447624177 0.8663135977630174 0.9980480103537912 0.0392048301317335 0.8254684671250867 1.522190786687563
125 4000 0.6067645866753814 0.6124070485143049 0.9063054392195139 0.99862910761566 0.030948831043226363 0.7021974069954918 1.583022732453917
126 4032 0.4422515871492931 0.44974235789517236 0.8666396536022681 0.9981146480920874 0.03628524064050588 0.8263025663155168 1.5218105828952737
127 4064 0.2756292170553553 0.28748550169246284 0.8288690271525804 0.9974739176688453 0.035900421562136096 0.9196377046932924 1.4673028493934421
128 4096 0.568285096066701 0.5730143608545536 0.8958710329182115 0.9987606588182448 0.031148446889748112 0.7362430041575344 1.5674744058789112
129 4128 0.6444367466879813 0.6484822872561231 0.9143199586699768 0.9988869752397862 0.02974025190436194 0.6710881518859251 1.5964824489530096
130 4160 0.4843026483868804 0.4895334247813403 0.8754625409752546 0.9988748033120993 0.028895421451000058 0.8000280791474498 1.5359427486709298
131 4192 0.3895360572878451 0.3930554380814283 0.8503207803301303 0.9992231802861145 0.02567355647581679 0.8652279692930144 1.5002404572770895
132 4224 0.41914200382494937 0.4229597874625875 0.8578380270706044 0.9989796566356386 0.029624117544958483 0.8462799041724435 1.5109377007188496
133 4256 0.2819205598890678 0.28456472808112016 0.8220397897838527 0.9985539754927113 0.0372150895071018 0.9250450566752696 1.463867029560276
134 4288 0.16071257461543503 0.16318259769920723 0.7915688650521754 0.9985609310860593 0.037266739884498634 0.9735606017519789 1.4320582896009177
135 4320 0.24268341670676413 0.24652079874255348 0.8139821421120624 0.9992985411994428 0.023993635607787243 0.9420143679425153 1.45328360482054
