% # columns="iteration, evaluation, sigma, max axis length,  min axis length, all principal axes lengths  (sorted square roots of eigenvalues of C)", seed=1, Fri Feb 20 05:23:52 2026
1 32 0.14818492197916172 1.0000333338888951 1.0 1.0 1.0000166668055563 1.0000333338888951
2 64 0.13920619261046294 1.074334146977861 0.7741425087656957 0.7741425087656957 0.875337565855965 1.074334146977861
3 96 0.11580949997031524 0.9594186240544569 0.7140697001039604 0.7140697001039604 0.7959736249539774 0.9594186240544569
4 128 0.10931863905540215 0.8516121623315941 0.5651352540984403 0.5651352540984403 0.7256088466570455 0.8516121623315941
5 160 0.12380211610751525 0.7820289481726322 0.5287590956943407 0.5287590956943407 0.6600078076423616 0.7820289481726322
6 192 0.1337788016482736 0.89022452380242 0.48202868173966557 0.48202868173966557 0.5831185098274011 0.89022452380242
7 224 0.12532414198631156 0.9924947266431701 0.4526400693268736 0.4526400693268736 0.5527849103679215 0.9924947266431701
8 256 0.1083438325638261 1.1001799417358555 0.34962399005154654 0.34962399005154654 0.5530886436391221 1.1001799417358555
9 288 0.11660703697723247 1.0033905224428994 0.382959403056037 0.382959403056037 0.47306809912774556 1.0033905224428994
10 320 0.11733242215602938 0.9240301631304562 0.38629830278927674 0.38629830278927674 0.4800841098673529 0.9240301631304562
11 352 0.1113520658647574 0.8242841082695839 0.3754746386568555 0.3754746386568555 0.43144522916608985 0.8242841082695839
12 384 0.10453193181828066 0.7060818079845816 0.3672037328408291 0.3672037328408291 0.44984397069741006 0.7060818079845816
13 416 0.11680301431080989 0.7100184774381335 0.2981174120177437 0.2981174120177437 0.44235978968976014 0.7100184774381335
14 448 0.11204513408197918 0.6982778474829456 0.3029129422725272 0.3029129422725272 0.411797051883147 0.6982778474829456
15 480 0.11540965276378305 0.6396386956621906 0.25340253691002096 0.25340253691002096 0.359649544673145 0.6396386956621906
16 512 0.13419004315540903 0.5420770400673939 0.2473515127212058 0.2473515127212058 0.36556563266453146 0.5420770400673939
17 544 0.14959243474636014 0.5241538999521563 0.28671410186616425 0.28671410186616425 0.32923313033293106 0.5241538999521563
18 576 0.18984209377913264 0.6370049885813053 0.2312210264763211 0.2312210264763211 0.3016836103766024 0.6370049885813053
19 608 0.18357028514083035 0.5867667711756877 0.24837829185183613 0.24837829185183613 0.33800756529755943 0.5867667711756877
20 640 0.1713790370379165 0.48104283756390964 0.23694387926630014 0.23694387926630014 0.2977082161231857 0.48104283756390964
21 672 0.1432190401795218 0.4819507192704351 0.19870090153734937 0.19870090153734937 0.23704675637899875 0.4819507192704351
22 704 0.12483043273876701 0.4532369454987438 0.15562839944636198 0.15562839944636198 0.22201140583803633 0.4532369454987438
23 736 0.11862187223274957 0.352478522242841 0.13820625782162313 0.13820625782162313 0.20919633350845027 0.352478522242841
24 768 0.11825310930113317 0.3529770942894881 0.13395952165716812 0.13395952165716812 0.1813677786636299 0.3529770942894881
25 800 0.12855093465251144 0.3144089081756036 0.11604438722234933 0.11604438722234933 0.20215437607539602 0.3144089081756036
26 832 0.12825021774789827 0.27691996977198163 0.09950169382092555 0.09950169382092555 0.21898212100790784 0.27691996977198163
27 864 0.11272882411384408 0.24677129854426916 0.09850704745577164 0.09850704745577164 0.19024361868736997 0.24677129854426916
28 896 0.1193647763827628 0.20474467514636666 0.08159111414780498 0.08159111414780498 0.15512901269169205 0.20474467514636666
29 928 0.11773241587224634 0.20045239426747438 0.08121494327459661 0.08121494327459661 0.15109266910265737 0.20045239426747438
30 960 0.10344405998322427 0.18187367973645996 0.08524268545303611 0.08524268545303611 0.13191628255904134 0.18187367973645996
31 992 0.09189454992557664 0.16004052660194842 0.07996526428922963 0.07996526428922963 0.1079544259093166 0.16004052660194842
32 1024 0.0933893625788454 0.14446475927837604 0.07657464208729112 0.07657464208729112 0.09918524199632446 0.14446475927837604
33 1056 0.08180016720817077 0.1504484965603796 0.07571538220535891 0.07571538220535891 0.10395292961731657 0.1504484965603796
34 1088 0.0999445839650323 0.14355627166522547 0.06542737119141293 0.06542737119141293 0.10423277279547848 0.14355627166522547
35 1120 0.10729950330932693 0.15063468858132342 0.05743911848820448 0.05743911848820448 0.11488373788656495 0.15063468858132342
36 1152 0.11242458656756465 0.16752475594952487 0.04976217993437485 0.04976217993437485 0.09759215111223911 0.16752475594952487
37 1184 0.12476781149633565 0.18740578367426383 0.04401949916759777 0.04401949916759777 0.09108253758232744 0.18740578367426383
38 1216 0.1220265630087036 0.15235211147422936 0.050770946472710805 0.050770946472710805 0.08162680192543821 0.15235211147422936
39 1248 0.1261243383685287 0.1467624764965855 0.04986080827292155 0.04986080827292155 0.08546942666656213 0.1467624764965855
40 1280 0.12784038968235745 0.12213622581474363 0.04986751951034087 0.04986751951034087 0.06999755923456748 0.12213622581474363
41 1312 0.1259844579148635 0.11889861156568106 0.04500005008997839 0.04500005008997839 0.07044650574429358 0.11889861156568106
42 1344 0.10867480923806089 0.1106927428528739 0.049420544181381636 0.049420544181381636 0.0768293477797296 0.1106927428528739
43 1376 0.10183275097769368 0.10135751344179199 0.04410466981869441 0.04410466981869441 0.07263034389129165 0.10135751344179199
44 1408 0.10095968683614746 0.0868698212488933 0.04766735768117202 0.04766735768117202 0.06808596014888964 0.0868698212488933
45 1440 0.09973676593421146 0.08877762449014157 0.04393660695025673 0.04393660695025673 0.07112249686410657 0.08877762449014157
46 1472 0.08806435233491368 0.0874377247080322 0.04338305661811664 0.04338305661811664 0.06186317684824035 0.0874377247080322
47 1504 0.07363428970457343 0.08490346421518269 0.038383776407446724 0.038383776407446724 0.04847903622257121 0.08490346421518269
48 1536 0.061627608360299756 0.0717084947649124 0.029178774215193368 0.029178774215193368 0.0416199078128517 0.0717084947649124
49 1568 0.0608102324133918 0.05873525652201874 0.024613108306721945 0.024613108306721945 0.03931229191468654 0.05873525652201874
50 1600 0.06622629037064191 0.05143209600635842 0.02257776101591522 0.02257776101591522 0.037983550398920644 0.05143209600635842
51 1632 0.07282144556066743 0.05222771717860934 0.020129382565513998 0.020129382565513998 0.03295123241703121 0.05222771717860934
52 1664 0.0806889797155141 0.059186746740147074 0.01689655988961106 0.01689655988961106 0.02906599164967093 0.059186746740147074
53 1696 0.06941146705254835 0.06044609893662799 0.016473595742846337 0.016473595742846337 0.02745431995829583 0.06044609893662799
54 1728 0.06476422877656401 0.049997711896122614 0.0144021288839234 0.0144021288839234 0.023642917050685677 0.049997711896122614
55 1760 0.05802689209037356 0.049965461217202016 0.013078771978859094 0.013078771978859094 0.02236639856272985 0.049965461217202016
56 1792 0.06008901770239102 0.042143331985354915 0.012482174345234897 0.012482174345234897 0.019962368088585293 0.042143331985354915
57 1824 0.05394532644222307 0.03929359119303789 0.010732086509392813 0.010732086509392813 0.022513187350139102 0.03929359119303789
58 1856 0.0495211655397301 0.036746840411454734 0.010890151385163213 0.010890151385163213 0.024640419751948812 0.036746840411454734
59 1888 0.055458606007121415 0.036871501529843004 0.010741979793939328 0.010741979793939328 0.021298201218083342 0.036871501529843004
60 1920 0.06539335452153129 0.029476054779124967 0.009783794967292347 0.009783794967292347 0.02536602380383975 0.029476054779124967
61 1952 0.059590589626788336 0.029102967188346096 0.011037708517044272 0.011037708517044272 0.024062557615727714 0.029102967188346096
62 1984 0.06032244002723496 0.032422015383873994 0.010593073761549915 0.010593073761549915 0.01881167201085342 0.032422015383873994
63 2016 0.056513788766541936 0.03373211324548368 0.011438702203371103 0.011438702203371103 0.019373581984142654 0.03373211324548368
64 2048 0.052069673974336594 0.030785125978291465 0.011064638863408579 0.011064638863408579 0.01759124672605334 0.030785125978291465
65 2080 0.05671817491479992 0.02889420684566492 0.00996385978650751 0.00996385978650751 0.014570518303205349 0.02889420684566492
66 2112 0.05522873279933058 0.02874552692118184 0.009515560337621997 0.009515560337621997 0.014774567003172114 0.02874552692118184
67 2144 0.04858553561609353 0.02729178747111604 0.008930591144253517 0.008930591144253517 0.015803476660399402 0.02729178747111604
68 2176 0.05209773026917444 0.02828043348357817 0.006877655106748043 0.006877655106748043 0.013507998230003725 0.02828043348357817
69 2208 0.04751761539283156 0.033818150896937044 0.006431620041853084 0.006431620041853084 0.01380327062121449 0.033818150896937044
70 2240 0.03870178883817488 0.032615680303706644 0.005235340968717191 0.005235340968717191 0.011826940765212457 0.032615680303706644
71 2272 0.035962238399975276 0.02763942107230199 0.004732419491077907 0.004732419491077907 0.01144998899611107 0.02763942107230199
72 2304 0.04098777661041202 0.02757606508557258 0.004149867898491427 0.004149867898491427 0.009899309890638771 0.02757606508557258
73 2336 0.03427450721223483 0.03130285399197119 0.003259942946512519 0.003259942946512519 0.009320537060298253 0.03130285399197119
74 2368 0.036789116392860935 0.029388028767077252 0.0033098343617155323 0.0033098343617155323 0.008295548870149837 0.029388028767077252
75 2400 0.04618506914839786 0.030063862772985245 0.003283409558410033 0.003283409558410033 0.008222463885646635 0.030063862772985245
76 2432 0.05641162661687423 0.0386597364205846 0.002564166968230195 0.002564166968230195 0.006958210151568482 0.0386597364205846
77 2464 0.04853787611488302 0.040369940321385224 0.0030788276877402347 0.0030788276877402347 0.00775830569969093 0.040369940321385224
78 2496 0.04772044261638313 0.03973536208942924 0.0030155023186938476 0.0030155023186938476 0.007013325496246515 0.03973536208942924
79 2528 0.04309365678477524 0.03765095495556498 0.0029539135740988235 0.0029539135740988235 0.006223396441265794 0.03765095495556498
80 2560 0.037007570960915094 0.0366737884629581 0.0022230271839750377 0.0022230271839750377 0.006904250885827145 0.0366737884629581
81 2592 0.038071834720478974 0.034492765121188776 0.002523606017177902 0.002523606017177902 0.005957596510196038 0.034492765121188776
82 2624 0.03221891919321855 0.03504224843989497 0.0021160280713231117 0.0021160280713231117 0.004867067908126012 0.03504224843989497
83 2656 0.0291723697208887 0.037499127645549316 0.0019687356277112047 0.0019687356277112047 0.0045808669893679845 0.037499127645549316
84 2688 0.023956830468994866 0.03287984795867872 0.0018590968346911339 0.0018590968346911339 0.004675598312375169 0.03287984795867872
85 2720 0.023788007422872168 0.030293683394868612 0.0015268155814444518 0.0015268155814444518 0.0045254300800553 0.030293683394868612
86 2752 0.025916117487814617 0.027636206377192253 0.001680712464718203 0.001680712464718203 0.003915327866512547 0.027636206377192253
87 2784 0.03224304170919983 0.03836954798855189 0.0018684931471207866 0.0018684931471207866 0.004308507170577984 0.03836954798855189
88 2816 0.033913994504522996 0.03558315689094296 0.0016799419255348518 0.0016799419255348518 0.005309953608680851 0.03558315689094296
89 2848 0.03199976336980861 0.04266877060013217 0.0013857297513173881 0.0013857297513173881 0.004702834407507931 0.04266877060013217
90 2880 0.03257786428887096 0.03927690071846344 0.00138580336501434 0.00138580336501434 0.00440847871983738 0.03927690071846344
91 2912 0.029738733763497248 0.05059090686691652 0.0014268666479424006 0.0014268666479424006 0.0045535214516771085 0.05059090686691652
92 2944 0.03375009460550195 0.05143087338438812 0.0012316021878345871 0.0012316021878345871 0.004566906792333231 0.05143087338438812
93 2976 0.028658104104577007 0.05861781903289822 0.0010776434532865698 0.0010776434532865698 0.004101322255281537 0.05861781903289822
94 3008 0.03085620333740513 0.07215207332371487 0.0011294039959715647 0.0011294039959715647 0.003272047867444741 0.07215207332371487
95 3040 0.029764948493767266 0.08273139831062044 0.0009964470172142551 0.0009964470172142551 0.0030438576782656056 0.08273139831062044
96 3072 0.027232117906910557 0.0723900471242864 0.0009174998025370014 0.0009174998025370014 0.002844813556971088 0.0723900471242864
97 3104 0.025353239743803744 0.07547177663268882 0.0010948144262655055 0.0010948144262655055 0.0030967530217505456 0.07547177663268882
98 3136 0.02751440018789928 0.06495036273327282 0.001047011200046727 0.001047011200046727 0.002899457399544967 0.06495036273327282
99 3168 0.026544603918640265 0.060106952420916356 0.0010017613166932616 0.0010017613166932616 0.0031895465680999513 0.060106952420916356
100 3200 0.022379577606426823 0.06243010026009915 0.0009082398887614532 0.0009082398887614532 0.0029950357463582274 0.06243010026009915
101 3232 0.022289874956491842 0.054503480481330704 0.0006964501435287529 0.0006964501435287529 0.0027874422876900543 0.054503480481330704
102 3264 0.023007962320356058 0.046390879780574386 0.0007157739688233354 0.0007157739688233354 0.002742488023900861 0.046390879780574386
103 3296 0.02208937296157864 0.04399073464345296 0.0007923860565294696 0.0007923860565294696 0.0024587693997546976 0.04399073464345296
104 3328 0.023481919657792758 0.04395014645962123 0.0008453708449038276 0.0008453708449038276 0.0018251477878505824 0.04395014645962123
105 3360 0.021330237273721 0.037632098077175866 0.0009373794017360477 0.0009373794017360477 0.001741976905058775 0.037632098077175866
106 3392 0.019101876068971218 0.034010526779896175 0.0008447883560967222 0.0008447883560967222 0.0018083786999748604 0.034010526779896175
107 3424 0.023682031381498162 0.034352613145136844 0.0007131581080978112 0.0007131581080978112 0.0018332014017768887 0.034352613145136844
108 3456 0.031379768668272016 0.03739994944574159 0.0007797962779507006 0.0007797962779507006 0.0016428267062772294 0.03739994944574159
109 3488 0.03895795812198973 0.044328308468323044 0.0010776350296803612 0.0010776350296803612 0.001438998038600955 0.044328308468323044
110 3520 0.05437773890729219 0.035395390552324685 0.0010116570868256981 0.0010116570868256981 0.0016063538493702447 0.035395390552324685
111 3552 0.05572850460160145 0.03283407216503418 0.0010718736155858838 0.0010718736155858838 0.0018180479899063502 0.03283407216503418
112 3584 0.052153071528183735 0.03172043318555311 0.0011435697268149824 0.0011435697268149824 0.0015722604532023268 0.03172043318555311
113 3616 0.05186185151570091 0.02560956103989843 0.000944117377698442 0.000944117377698442 0.0015646173252558927 0.02560956103989843
114 3648 0.0444406791204647 0.02611922837843106 0.0011283313012977693 0.0011283313012977693 0.0012987193464272613 0.02611922837843106
115 3680 0.04367977507773419 0.020801962681705786 0.0010269755033040988 0.0010269755033040988 0.0010745112174840746 0.020801962681705786
116 3712 0.04903589374293239 0.021413261847430885 0.000905119648422182 0.000905119648422182 0.0009315678649665328 0.021413261847430885
117 3744 0.05231820305359782 0.023208612565152168 0.0009321431619478762 0.0009321431619478762 0.0010908941963727401 0.023208612565152168
118 3776 0.04701128632714813 0.025473102270524264 0.0008265852605831174 0.0008265852605831174 0.0011663647389210002 0.025473102270524264
119 3808 0.04484054558270497 0.02402034862143933 0.000677790530158318 0.000677790530158318 0.0009874088101005155 0.02402034862143933
120 3840 0.040995164710983335 0.02066508461196144 0.0005113508387042395 0.0005113508387042395 0.0008992154151824946 0.02066508461196144
121 3872 0.03512017009020656 0.02146974538743712 0.00046507342388904006 0.00046507342388904006 0.0007430467951568303 0.02146974538743712
122 3904 0.033610325782197366 0.01898320731639573 0.00041695633289069056 0.00041695633289069056 0.000655349201789122 0.01898320731639573
123 3936 0.030750485145091117 0.01800479019893817 0.00043510675041442016 0.00043510675041442016 0.0006842214016254608 0.01800479019893817
124 3968 0.035603984473167205 0.01541060945878543 0.0004041421923779323 0.0004041421923779323 0.0006313638197467797 0.01541060945878543
125 4000 0.03972712826194255 0.017073043910887035 0.0004063971195664803 0.0004063971195664803 0.0006823214985770184 0.017073043910887035
126 4032 0.03965912656413704 0.02073091759544027 0.0003715549666658532 0.0003715549666658532 0.0007785633886785015 0.02073091759544027
127 4064 0.03941923161660457 0.020459148723384474 0.00041426167297376485 0.00041426167297376485 0.0006768778183050695 0.020459148723384474
128 4096 0.04008880497470622 0.021726601896558586 0.0004292062993148664 0.0004292062993148664 0.0005997302676097086 0.021726601896558586
129 4128 0.037461992227416065 0.022242339145388 0.0003891694849591102 0.0003891694849591102 0.0007526960281122061 0.022242339145388
130 4160 0.03480285604896915 0.020717819670190228 0.0003222065942587491 0.0003222065942587491 0.0007007743566944289 0.020717819670190228
131 4192 0.034198724868771076 0.02158184329531663 0.0003351953552011609 0.0003351953552011609 0.0005775292287769144 0.02158184329531663
132 4224 0.028217825873251452 0.021114926911660833 0.0003101379100567646 0.0003101379100567646 0.00047114101697347455 0.021114926911660833
133 4256 0.029321977035803564 0.016656810892908838 0.00027232078686850443 0.00027232078686850443 0.00043145496840041347 0.016656810892908838
134 4288 0.03687022255553303 0.014628010197132859 0.0003008149487082105 0.0003008149487082105 0.000417750336446778 0.014628010197132859
135 4320 0.04594957923440524 0.01528836712833527 0.0003555411413721587 0.0003555411413721587 0.00042174729619546246 0.01528836712833527
