% # columns="iteration, evaluation, sigma, void, void,  stds==sigma*sqrt(diag(C))", seed=1, Fri Feb 20 05:23:52 2026, <python>{}</python>
1 32 0.14818492197916172 0 0 0.15911649629348198 0.12588269030196123 0.11901740880073433
2 64 0.13920619261046294 0 0 0.13314066118847995 0.10935989724850646 0.10153828016434502
3 96 0.11580949997031524 0 0 0.08984717545422584 0.09057572386315511 0.06924780813855239
4 128 0.10931863905540215 0 0 0.0818955204984378 0.06794937875874237 0.06731720386230637
5 160 0.12380211610751525 0 0 0.10589035464668416 0.07478869115600666 0.06413523830889095
6 192 0.1337788016482736 0 0 0.1309519036579054 0.07307470077469214 0.06539344564219793
7 224 0.12532414198631156 0 0 0.1372661105446175 0.0668089612734653 0.049292143036008276
8 256 0.1083438325638261 0 0 0.10689245129363459 0.05107678256970745 0.04617127236484729
9 288 0.11660703697723247 0 0 0.10489479735710448 0.05248937422274605 0.05490558420735212
10 320 0.11733242215602938 0 0 0.0941554638011903 0.047761546497845975 0.05206664710931452
11 352 0.1113520658647574 0 0 0.07761202640762528 0.049231341420996805 0.043764655326540114
12 384 0.10453193181828066 0 0 0.07210681589395655 0.04758451642425049 0.03397343512724221
13 416 0.11680301431080989 0 0 0.07518046903109918 0.05744804643468732 0.03556910440835709
14 448 0.11204513408197918 0 0 0.0649505630954858 0.05039858949601694 0.028420917561011977
15 480 0.11540965276378305 0 0 0.05566520394927135 0.05078704051817493 0.028824072960432604
16 512 0.13419004315540903 0 0 0.0697184977120886 0.04444440850612685 0.03928522990284196
17 544 0.14959243474636014 0 0 0.09102168777278094 0.050631286911432066 0.03827527540874889
18 576 0.18984209377913264 0 0 0.10155647234615915 0.06383523665269215 0.06603534243397462
19 608 0.18357028514083035 0 0 0.07860330862327178 0.05583497714211938 0.05814062358653143
20 640 0.1713790370379165 0 0 0.07158423779084538 0.039947104767244015 0.053963530379028124
21 672 0.1432190401795218 0 0 0.056053684833535296 0.023660723392984844 0.044939321441126986
22 704 0.12483043273876701 0 0 0.037825850323578165 0.01801916114004132 0.03406034402611027
23 736 0.11862187223274957 0 0 0.038012813059190874 0.01673655771422734 0.027266224251994736
24 768 0.11825310930113317 0 0 0.035120524300200434 0.0164163818077309 0.025281779789086762
25 800 0.12855093465251144 0 0 0.035245168200829964 0.01590821191146151 0.026981484810439604
26 832 0.12825021774789827 0 0 0.030790964850182505 0.01655327008865884 0.02311793437024683
27 864 0.11272882411384408 0 0 0.022687329077184907 0.012057433930747537 0.01621816550073396
28 896 0.1193647763827628 0 0 0.022624153683004748 0.013446368366153294 0.017294102664444092
29 928 0.11773241587224634 0 0 0.018521223015122344 0.013860401678907593 0.016287108539825804
30 960 0.10344405998322427 0 0 0.01277247548690295 0.01198064483204388 0.012670289847965406
31 992 0.09189454992557664 0 0 0.009190139723832789 0.010265500458287767 0.0109083657088848
32 1024 0.0933893625788454 0 0 0.009722234628390312 0.01018862098040452 0.011971931628801216
33 1056 0.08180016720817077 0 0 0.00855563423164105 0.007679798684055704 0.010346922812242372
34 1088 0.0999445839650323 0 0 0.0124864436357075 0.009635707549086327 0.011945333940595432
35 1120 0.10729950330932693 0 0 0.015436569135734502 0.010331369940075838 0.010781992192708098
36 1152 0.11242458656756465 0 0 0.019442056600771758 0.010061275816494054 0.009696799443913946
37 1184 0.12476781149633565 0 0 0.018222398365793972 0.009154320089011818 0.009450918023525197
38 1216 0.1220265630087036 0 0 0.017054850581304265 0.009685328026640717 0.009047125079864384
39 1248 0.1261243383685287 0 0 0.014976829951702306 0.008603074057669146 0.007514930729095765
40 1280 0.12784038968235745 0 0 0.014741630458839115 0.007687333850068421 0.008296503378243336
41 1312 0.1259844579148635 0 0 0.013425011623500103 0.009019206186781098 0.008084337546839054
42 1344 0.10867480923806089 0 0 0.010176133892791836 0.007700688748370638 0.006614411554190558
43 1376 0.10183275097769368 0 0 0.008484720454214521 0.006644489857784962 0.00580942661551093
44 1408 0.10095968683614746 0 0 0.00892424574610599 0.007025404764407972 0.004751042394542172
45 1440 0.09973676593421146 0 0 0.008626901473808197 0.006138434350752148 0.004554012277144397
46 1472 0.08806435233491368 0 0 0.007403381215262817 0.004361164742619942 0.0034246160469314614
47 1504 0.07363428970457343 0 0 0.005218051306556436 0.0031249721575196347 0.0022125644691858054
48 1536 0.061627608360299756 0 0 0.0035515456361268584 0.002456583190671153 0.001620017559660412
49 1568 0.0608102324133918 0 0 0.0030012387503917425 0.002423000931917175 0.00145727110111223
50 1600 0.06622629037064191 0 0 0.00296235679706916 0.002724930027059392 0.001517277326161842
51 1632 0.07282144556066743 0 0 0.0037372534768188572 0.002900651359278858 0.0014798272023629957
52 1664 0.0806889797155141 0 0 0.004242401051598676 0.0030898468098132558 0.0017080754461995115
53 1696 0.06941146705254835 0 0 0.0030583235600012905 0.0021293959454020354 0.0013596425143643182
54 1728 0.06476422877656401 0 0 0.002713831931079702 0.002140446961090463 0.0011579641251817283
55 1760 0.05802689209037356 0 0 0.002077525693344328 0.001582388728985497 0.0010131827795974869
56 1792 0.06008901770239102 0 0 0.0019261797166313089 0.0015990472174121132 0.0012464596910840274
57 1824 0.05394532644222307 0 0 0.001636679650779491 0.0014266800412438886 0.0011521496417028654
58 1856 0.0495211655397301 0 0 0.0014444205108005862 0.0012576466227613376 0.0010302187149218904
59 1888 0.055458606007121415 0 0 0.0014165881920374546 0.001075864278388456 0.0013347047912420486
60 1920 0.06539335452153129 0 0 0.0016230120658077584 0.0012385399994018593 0.0015654969215187727
61 1952 0.059590589626788336 0 0 0.001574561722489931 0.0012961120178589397 0.0011084971918894587
62 1984 0.06032244002723496 0 0 0.0016235054620456705 0.001512328358597965 0.0010292727457837372
63 2016 0.056513788766541936 0 0 0.0014102960917232415 0.0013155374036276546 0.0008286200471454264
64 2048 0.052069673974336594 0 0 0.0011594565409322806 0.001157027394158806 0.0006521286723014096
65 2080 0.05671817491479992 0 0 0.0012537174152196955 0.0012305148629011698 0.0007521388762155838
66 2112 0.05522873279933058 0 0 0.0011264258210185079 0.0011171397009639165 0.0008718663048217281
67 2144 0.04858553561609353 0 0 0.0010025692835876465 0.0009942840497893539 0.0006607308415044315
68 2176 0.05209773026917444 0 0 0.001273213964180268 0.0012644529205442195 0.0007166607245573789
69 2208 0.04751761539283156 0 0 0.0010573784421854186 0.0011457636083210031 0.0005906218049697621
70 2240 0.03870178883817488 0 0 0.0007138007239187384 0.0008144205943281193 0.0004487413870006616
71 2272 0.035962238399975276 0 0 0.0006669622105419975 0.0007527358537894725 0.00034788250044126947
72 2304 0.04098777661041202 0 0 0.0008222064204889448 0.000989533426141972 0.0003934165989824718
73 2336 0.03427450721223483 0 0 0.0006379928673889762 0.0007871560015662571 0.00028571688529428486
74 2368 0.036789116392860935 0 0 0.0007361335150747543 0.0008418897273011711 0.00028055581452425413
75 2400 0.04618506914839786 0 0 0.0011366410971533642 0.00138106916961857 0.0003255994501450858
76 2432 0.05641162661687423 0 0 0.001420651141744027 0.0017730006870209627 0.0004961647496840881
77 2464 0.04853787611488302 0 0 0.0011916209261759326 0.0015114615802464526 0.00039063416852868
78 2496 0.04772044261638313 0 0 0.0010944491348173716 0.0014138414853320216 0.00037350541332190935
79 2528 0.04309365678477524 0 0 0.0009643051456609693 0.0012476220546239866 0.0003300670037642392
80 2560 0.037007570960915094 0 0 0.0007858081281312412 0.0010014156738691652 0.00025775895236891276
81 2592 0.038071834720478974 0 0 0.0008266039654136627 0.0010416491742465542 0.00022891427934345558
82 2624 0.03221891919321855 0 0 0.0007504722891930492 0.0009362158670562311 0.00021400890942940612
83 2656 0.0291723697208887 0 0 0.0005897098959058216 0.0007463433113429648 0.000191812225053871
84 2688 0.023956830468994866 0 0 0.00044237500120590815 0.0005684917705216953 0.00014461212628630953
85 2720 0.023788007422872168 0 0 0.00041014315243193173 0.0005107290245443831 0.00011575776721656221
86 2752 0.025916117487814617 0 0 0.000622017048375952 0.0007721943904398492 0.00014294864738264448
87 2784 0.03224304170919983 0 0 0.0007155037770603392 0.0008953682273964382 0.00018690921197649608
88 2816 0.033913994504522996 0 0 0.0008949715875740006 0.0011370711763087052 0.00016657838032653268
89 2848 0.03199976336980861 0 0 0.0007794891486490297 0.0009858892061707784 0.00014819663087959324
90 2880 0.03257786428887096 0 0 0.0010221706788758045 0.0012922283936522337 0.0001608019351163838
91 2912 0.029738733763497248 0 0 0.0009572298374254498 0.0011937947052272125 0.00013299974124922226
92 2944 0.03375009460550195 0 0 0.0012324728818668294 0.0015469542334758982 0.0001494064503514639
93 2976 0.028658104104577007 0 0 0.0012797179806035655 0.001622133536314874 0.0001280650645513282
94 3008 0.03085620333740513 0 0 0.0015822930809750852 0.001999888458972639 0.00015241742023967397
95 3040 0.029764948493767266 0 0 0.0013393576009455052 0.0016856818099962039 0.00012323024621420397
96 3072 0.027232117906910557 0 0 0.001280320986642725 0.0016054475749408919 0.00012407827781389064
97 3104 0.025353239743803744 0 0 0.001026734697681972 0.0012864725896659676 9.241460466752989e-05
98 3136 0.02751440018789928 0 0 0.0010350506946393456 0.001289217193326419 0.00010063344309641704
99 3168 0.026544603918640265 0 0 0.001034792230727048 0.0012935993463702637 9.466099631884918e-05
100 3200 0.022379577606426823 0 0 0.0007624982819763665 0.0009511686527690316 7.638928731532845e-05
101 3232 0.022289874956491842 0 0 0.000645810588170273 0.0008068929628028579 7.13920879505628e-05
102 3264 0.023007962320356058 0 0 0.0006317843190074059 0.0007901457695435084 6.687722626199942e-05
103 3296 0.02208937296157864 0 0 0.0006059106579624352 0.0007576746238280615 5.7347451244193214e-05
104 3328 0.023481919657792758 0 0 0.0005504524017641545 0.0006908449351934454 5.265659907806407e-05
105 3360 0.021330237273721 0 0 0.00045439303625032656 0.0005648828675060383 5.028309374561643e-05
106 3392 0.019101876068971218 0 0 0.000413290007621974 0.0005088204319726881 4.79848353013161e-05
107 3424 0.023682031381498162 0 0 0.0005647498170128621 0.0006814889606893915 5.4420642662259114e-05
108 3456 0.031379768668272016 0 0 0.00088314740194625 0.0010740157343018728 6.810260298599594e-05
109 3488 0.03895795812198973 0 0 0.000879486360438099 0.0010620043286171245 7.4659261061777e-05
110 3520 0.05437773890729219 0 0 0.0011484834907214676 0.001369014975029425 8.80896671315848e-05
111 3552 0.05572850460160145 0 0 0.001133050154988345 0.0013584711738280936 8.58462627992702e-05
112 3584 0.052153071528183735 0 0 0.0008545442181442173 0.0010274852503637908 8.357430487467818e-05
113 3616 0.05186185151570091 0 0 0.0008595157609922946 0.0010478581389889727 7.813493540654338e-05
114 3648 0.0444406791204647 0 0 0.0005830382296824236 0.0007182120501228625 5.6701717595326996e-05
115 3680 0.04367977507773419 0 0 0.0005848230403159518 0.0007304692606750918 4.950798281898114e-05
116 3712 0.04903589374293239 0 0 0.0007117536268762228 0.0008886175998279735 6.233471974391797e-05
117 3744 0.05231820305359782 0 0 0.0008346575787729056 0.001039544146742361 6.630490236749168e-05
118 3776 0.04701128632714813 0 0 0.000704990315453244 0.0008825503607156395 4.917612790753382e-05
119 3808 0.04484054558270497 0 0 0.0005698940654705267 0.000730846947594113 4.3416673221879434e-05
120 3840 0.040995164710983335 0 0 0.000536285758332075 0.000697555907363508 4.217675537425177e-05
121 3872 0.03512017009020656 0 0 0.0004055834135931976 0.0005289813046202537 3.0086976405638904e-05
122 3904 0.033610325782197366 0 0 0.00036625781636602387 0.00048157089037679515 2.9835181986143967e-05
123 3936 0.030750485145091117 0 0 0.00028561349173865814 0.00037807554531193034 2.4103310395983912e-05
124 3968 0.035603984473167205 0 0 0.0003718166543774873 0.00048110978643594205 2.42746510886255e-05
125 4000 0.03972712826194255 0 0 0.0005004408355093694 0.0006542421738473499 3.13755271102108e-05
126 4032 0.03965912656413704 0 0 0.0004961416871004558 0.0006422661270425391 2.6174729547800725e-05
127 4064 0.03941923161660457 0 0 0.0005168635382227922 0.0006829955414786208 2.672053487188429e-05
128 4096 0.04008880497470622 0 0 0.0005391023304997476 0.000710496591611659 2.8114515972343663e-05
129 4128 0.037461992227416065 0 0 0.00046840268770065107 0.0006191132762948068 2.261806387225797e-05
130 4160 0.03480285604896915 0 0 0.00045370143744522077 0.0005987670307140673 1.8413171513477667e-05
131 4192 0.034198724868771076 0 0 0.00043918697591334503 0.0005733286448983321 1.465414270946274e-05
132 4224 0.028217825873251452 0 0 0.00028818596278956665 0.00037143259270809646 1.057367548366514e-05
133 4256 0.029321977035803564 0 0 0.00026257309088317885 0.0003393455813589431 1.0100970313538558e-05
134 4288 0.03687022255553303 0 0 0.0003445744317875061 0.000446335178470032 1.4434449904703598e-05
135 4320 0.04594957923440524 0 0 0.0006238607738537876 0.0008038648577720044 1.796735240353983e-05
