% # columns="iteration, evaluation, min max(neg(.)) min(pos(.)) max correlation, correlation matrix principal axes lengths  (sorted square roots of eigenvalues of correlation matrix)", seed=1, Fri Feb 20 05:23:52 2026
1 32 -0.02778098043267044 -0.018248423918575462 0.08341813063911896 0.10777442564425545 0.941180316963409 1.0024818971218654 1.0531902282605945
2 64 -0.05424609840718075 -0.04738969392776765 0.05395667895697259 0.08088239877247291 0.9557687980113846 0.9876702852883559 1.054046209758515
3 96 -0.1925999217423384 -0.1836843340672335 -0.10127179989327594 -0.08271654284372829 0.8410329097086703 1.0394954257343776 1.1009599923086544
4 128 -0.22829136765636157 -0.20920554161870852 -0.11829033018691523 -0.10707108574730384 0.8183011005427104 1.0468414033801572 1.1110834284695508
5 160 -0.279479782912363 -0.2582139801178721 -0.09392808371191105 -0.060431921037748235 0.7933993769013796 1.0278286408917086 1.1463357770283564
6 192 -0.20110302838108773 -0.19838211450958354 -0.13030280308034123 -0.110330613142098 0.8140204833902319 1.0536038274467145 1.107831046419429
7 224 -0.27360809368279865 -0.26469471838086034 -0.10121699546342772 -0.055637796459555106 0.7802091193281934 1.0271678240154767 1.1559411712645395
8 256 -0.3222554837697627 -0.2931221400901606 -0.09993613729454907 -0.06467414670894739 0.7657520081795942 1.0287639138187428 1.1641600712931455
9 288 -0.39639361271456897 -0.34259224915323727 -0.05584395342853305 -0.014062551748296646 0.7474724963153867 1.005300562156965 1.1961001826682138
10 320 -0.3671827133278927 -0.3073525959321753 -0.03367480767062219 -0.0022789956458219413 0.7813316741980284 1.0007075126427507 1.178178801810347
11 352 -0.2168452137735093 -0.20239411512207478 0.015264250315170036 0.07336594014281711 0.8732343286127426 0.9646567304893148 1.1431969207682104
12 384 -0.3001283539695372 -0.26540497530998475 0.15418409512530665 0.2593237399441846 0.8208887559862791 0.9172158070782925 1.2185470091633792
13 416 -0.06785052239392858 -0.049461772437736286 0.31846091916034625 0.4227130664035148 0.7556113042464597 1.0008920982139282 1.1946826208779824
14 448 0.028408888321604004 0.030493260251812412 0.36255509466350155 0.4711580008705229 0.7271642782107617 0.9978030680331489 1.2147514766065763
15 480 -0.03276705910958007 -0.005174233966945566 0.29604694138523435 0.36886117469332647 0.7843805238641764 1.0065386089170398 1.1711648998078408
16 512 -0.02583743851031036 0.00886624611988003 0.13719278332945883 0.14526461110246136 0.8960635488689611 1.0124283007285875 1.0826167614960467
17 544 0.08895430905333054 0.15892512737882786 0.40340283359433177 0.4149245840073358 0.6979523564642608 0.9548253922895735 1.2653738492418152
18 576 0.020085571791565282 0.11777901102522714 0.4534331502889776 0.4676244241432326 0.6224120468041191 0.989990810302992 1.2777016238186178
19 608 0.07642015114627666 0.15387232897389436 0.4271540426312451 0.4407957693560777 0.671185681307822 0.9613871888719773 1.2748507576497694
20 640 0.23928880060022228 0.28691457794868486 0.5366048896971213 0.5722092162648043 0.620657948056797 0.8790128359008432 1.357247267757605
21 672 0.21607454150161304 0.2390185429453104 0.5145456588358064 0.5834440293556077 0.6385141982725983 0.9101864957046432 1.3281039724514048
22 704 0.17045559094527685 0.1917204261666383 0.4133429237303609 0.4659522543635737 0.7242278232242769 0.9279400372253922 1.2705988144894371
23 736 0.21513171478221932 0.230474245821587 0.44903702892641945 0.5065487589219959 0.6990385232432802 0.9097412514447479 1.2975808253984018
24 768 -0.12222509350033622 -0.007355362641450411 0.36523532793172947 0.3745624939305703 0.6568238558488777 1.0589934202584874 1.202961079269418
25 800 -0.07875628762900111 -0.02853543858984854 0.4065334178505427 0.5013355209581872 0.6790849785831562 1.0176254877217912 1.2260839932898973
26 832 -0.15765564977784408 -0.063057923998065 0.3981677023052622 0.4573118519599255 0.647341624741027 1.0575749200010613 1.2093320922982222
27 864 -0.0762027943868695 -0.009874361579947366 0.41773982718246516 0.4939494572963472 0.6650217063849501 1.0248417996694443 1.227780687129075
28 896 0.012601682939078812 0.08488447439197966 0.4727056999774817 0.5296966503864149 0.6290895677766857 0.994566107002157 1.270859777676954
29 928 0.14427316663480969 0.1987704008961656 0.476328593808876 0.5143507571850902 0.6577970874978424 0.9300783594412783 1.3047058047615088
30 960 0.20458767514406245 0.2553569294200855 0.479791647131138 0.5038339654254658 0.6649044826677556 0.8949760365665926 1.32548856007884
31 992 0.06628179350509712 0.07539132410518605 0.44195859731844594 0.5550381577894437 0.666138250914565 0.9882114680828161 1.256860344277792
32 1024 -0.0860074575556677 -0.07338169213701971 0.424178698428276 0.5774063965313933 0.6483586638687809 0.9948303432960606 1.2609296693486638
33 1056 0.020344279844711398 0.034158749368263776 0.4778717613516852 0.6119616291559399 0.6209174343423873 0.9975239039882146 1.2725594684342965
34 1088 -0.34550219587060343 -0.29860428534013417 0.46493410729058676 0.6725489943036911 0.5464144551900694 0.9346735631024862 1.3519676673636258
35 1120 -0.6820877092444644 -0.5764038397285665 0.3651591011463593 0.5733295452554366 0.4753387312764441 0.8632929763002339 1.4243518973972635
36 1152 -0.7556386166573921 -0.5818030081529875 0.2685281427701799 0.3781362512401643 0.42189345606015666 0.9756164803349162 1.367544659246098
37 1184 -0.5373883577588245 -0.378916985431112 0.22184831330108376 0.26363204055076983 0.5995534083565769 1.0370887742169026 1.2509926398349807
38 1216 -0.49572604839985845 -0.3403373629856954 0.2884171374367941 0.3426132854967942 0.5781803024915316 1.0568895557187883 1.244464545426403
39 1248 -0.3366915718084285 -0.20812195786251877 0.20946134488853135 0.22008616519297164 0.7096845863851764 1.0749997654193173 1.1578960627775334
40 1280 -0.38028083035807797 -0.23241839378727078 0.2476391101028376 0.25979584149539986 0.6527376101546714 1.0902903841115612 1.1769454068067189
41 1312 -0.25486689301588333 -0.1253612191926283 0.2891517562866492 0.29781707428981996 0.675033865113889 1.1162629233461574 1.1394236994692073
42 1344 -0.4187202594353397 -0.2957102695880141 0.30803465979736916 0.38627297974517133 0.6265642359378483 1.0358927233283572 1.2386862088515314
43 1376 -0.23413330383509592 -0.18315405819542713 0.2553696597117651 0.350564986707827 0.7694105920647066 0.985956308727888 1.198289404984587
44 1408 -0.06836163514071136 -0.030391362527387174 0.21480633132538593 0.25856862332965275 0.8382239133156968 1.0189832456404895 1.1220756731387116
45 1440 -0.14768673478955052 -0.11162111231600047 0.16067139160270622 0.2153699371020584 0.8604919749898365 0.9984016471154589 1.1237204777057466
46 1472 -0.16741568819694452 -0.16058172427398887 0.0011912209831252824 0.04828157214587436 0.8966410138357128 0.9759894181102621 1.115114141262883
47 1504 -0.19427690117497148 -0.1890344458520013 -0.06945717410837202 -0.03484053885013244 0.849557306856903 1.0171559330602646 1.115188858537579
48 1536 -0.313783953816576 -0.23721539858529656 0.09403596360728957 0.1278845291068722 0.8146949861457131 0.9973725342485775 1.1582400906010837
49 1568 -0.29791889394369553 -0.27221661757747256 0.012864549298618695 0.08218932855775947 0.8231643146052823 0.9619548090088312 1.1819659286905013
50 1600 -0.44863776381093334 -0.42679036596356584 -0.07359227368568622 0.02229302589290615 0.6593682701865333 0.989050864094614 1.259766594455067
51 1632 -0.6222905022004549 -0.5422804960580923 -0.12886504105452248 -0.07106989552902858 0.5276397690556905 1.0274399409115063 1.2907220622312994
52 1664 -0.6909884438634728 -0.5952905209656998 -0.10326209975852495 -0.03495054892057294 0.4795135452129313 1.0129064556349423 1.3206389635666458
53 1696 -0.6899699688418379 -0.585367208757983 -0.12841783786680522 -0.08070414098693418 0.47781750527224404 1.0269644005292373 1.3103566505730542
54 1728 -0.7164314114963921 -0.6512364042842258 -0.01382421106988084 0.13345151278940115 0.4549874786487968 0.9379203075030149 1.3832179477747752
55 1760 -0.7131097312654028 -0.6341026294000551 -0.02628885364078451 0.09730863641362464 0.47149417832411133 0.9579201725144045 1.3638482990774468
56 1792 -0.7354944889661834 -0.663579200024658 -0.075888965351779 0.04809249059765518 0.3996146832333784 0.9784184315660854 1.372226467357356
57 1824 -0.6196175541551544 -0.5922191450530437 -0.15538180405627627 -0.0371677661594644 0.42308107790197286 1.0180725560534576 1.3358632685017149
58 1856 -0.7344880659267321 -0.6735492853240155 -0.020011837408742544 0.13689519796029861 0.4192908739971949 0.9348749111059879 1.3964970689433043
59 1888 -0.5977185558051055 -0.5653769483043294 -0.1728015392409714 -0.07428467705396152 0.45114700385414186 1.0354170524872328 1.313155706050155
60 1920 -0.6138930057419538 -0.5303690949780101 -0.1813140062613909 -0.14848622078646156 0.5108170662047975 1.0534025843094577 1.2764830277931936
61 1952 -0.7165217954306787 -0.6337096484973277 -0.055522755651747774 0.0543940616967612 0.4563450159394302 0.9770802743800765 1.355383105931528
62 1984 -0.6801159038864731 -0.5615001754909188 -0.17540223872701372 -0.16531865486793304 0.4800082144481115 1.0431619363434883 1.2966901282212493
63 2016 -0.6238021945084966 -0.530611186767948 -0.15403463147660884 -0.12170012078671097 0.5282140247267862 1.0405976282022924 1.279900980647212
64 2048 -0.6672799858191657 -0.5880272664296781 -0.038794051038619506 0.065030968035579 0.5212351920079624 0.972936517972623 1.3348065053061926
65 2080 -0.7222270290224857 -0.5844046229977222 -0.13473337802976137 -0.12266536906520449 0.4714831180296173 1.0265466740535705 1.3129758548437298
66 2112 -0.78031770778944 -0.6475268565571161 -0.014380310769291513 0.06387768659432616 0.444340227544986 0.9813926132798978 1.356255986451276
67 2144 -0.8761963261750817 -0.7162363797230128 0.02123343085947009 0.1070967546015622 0.3376455278078269 0.9729842384655764 1.3925865033271494
68 2176 -0.9012548480108791 -0.7663626237713919 0.029025729506801337 0.15926295636004512 0.2732610936130074 0.9441748194778241 1.426135437110179
69 2208 -0.9381864127495283 -0.8010075282607965 0.10191179402049497 0.26570601695886026 0.22940205576730965 0.9046797764150819 1.459085055421818
70 2240 -0.9343810497105447 -0.7606956063678434 0.0373337838061924 0.12965813718816968 0.24276324242412692 0.968741181918764 1.4151348100383796
71 2272 -0.9437745715488294 -0.7302888840787616 -0.057808360188517455 -0.0471338730285038 0.21537044999582403 1.0044257197543067 1.394540979234615
72 2304 -0.96828576123169 -0.8158294356101898 0.08673370101713272 0.23513175427140673 0.15209729855796741 0.9227789508964452 1.4578564468265813
73 2336 -0.9629872090309619 -0.8002797632693084 0.05770143594893232 0.1809877232600257 0.16599776749925577 0.9465977568278887 1.4409710017740374
74 2368 -0.9552319891671839 -0.7512112426697815 -0.06886624839209435 -0.045438663463600946 0.16496671125567686 1.0064475741237784 1.3999461649355835
75 2400 -0.9843163957131554 -0.8338279300040269 0.11594533848244848 0.2820479622688117 0.09977275782369155 0.9039728314039323 1.4740686947628365
76 2432 -0.9836591600329903 -0.8701629258176646 0.2101210676430864 0.45671949791467786 0.11290115421836855 0.8010794044434694 1.5315107303419901
77 2464 -0.9870566768268654 -0.8656046041719345 0.22735372971156742 0.4702211016844707 0.11090740610477073 0.8051628958563374 1.5295137326638648
78 2496 -0.9867000198541788 -0.8898139945496314 0.29398496290181875 0.591698590081088 0.11513324347689262 0.7193401182530335 1.571398781505892
79 2528 -0.992108673251516 -0.8505626822197839 0.20996785824615058 0.42193204736972995 0.08877780261266485 0.8473042174087823 1.5080431243583716
80 2560 -0.9884711156976953 -0.8701117992161705 0.2476511740056843 0.5018795152647779 0.10681707389520594 0.7885474553540797 1.5384352516043929
81 2592 -0.9921950424775787 -0.8903425171851453 0.2854322502329099 0.5755046474131617 0.08797169141285897 0.7330652247504511 1.566804505281859
82 2624 -0.9937639644907685 -0.927418896837588 0.3507662334986103 0.710482875957496 0.07679558334561935 0.6040880244585476 1.6214746674198692
83 2656 -0.9921161965619375 -0.9227433479441592 0.3344018457840714 0.6840773950757034 0.08337399105311417 0.6248834677682561 1.6132480991235645
84 2688 -0.993978908479762 -0.9122468720924879 0.31548491332223894 0.6429968054065404 0.07421049182937466 0.6680051122948726 1.5963276520972618
85 2720 -0.9918533060981526 -0.8935338434275979 0.2844907637125153 0.578846170088665 0.08856586691239825 0.7260415040313283 1.5700381592948567
86 2752 -0.994971280919274 -0.9019052530768452 0.30664444634601906 0.6164283183112117 0.07068495039075892 0.6999532627163825 1.582740998331991
87 2784 -0.9918810469840815 -0.8670932877428231 0.19389828499599007 0.42277438333433615 0.07069821402827539 0.8266550602084386 1.5204088838088898
88 2816 -0.9958160539334282 -0.8492135123884467 0.16333123844238218 0.35424361384101016 0.04895731556652023 0.8746905107761992 1.4941618692800964
89 2848 -0.994524443246016 -0.8605244159554618 0.18079028221591878 0.3938951543158248 0.05396275522894122 0.8475039901996823 1.509577758064724
90 2880 -0.9961850027653646 -0.8779787948067558 0.22145442190396125 0.46972595284892477 0.04358196400786674 0.7993410305185717 1.5359539476633812
91 2912 -0.9973004113430319 -0.8095434571081539 0.08469843103041064 0.1950221061750541 0.03629070293388889 0.9548549483090759 1.4446227924860648
92 2944 -0.9982735498246353 -0.8709906719210011 0.21585555276553692 0.4508547497574154 0.028007003585090545 0.8177965823121817 1.5265727489080565
93 2976 -0.9991760922928661 -0.9277795531100463 0.344468517121167 0.6971546680154184 0.023550490402853147 0.6198282276929724 1.6171760394455432
94 3008 -0.9995661857342872 -0.9499486314870214 0.3937000175693517 0.7919653463408769 0.017877498976107093 0.5172379929483973 1.6529202199988577
95 3040 -0.9994287565871072 -0.9380503251008306 0.3667912669319333 0.7403600327899115 0.019052560111096743 0.5754054006915061 1.6335683716356229
96 3072 -0.9994632371742171 -0.9356988736682444 0.3657186698682633 0.7357601542077932 0.021307184701611283 0.583088845539649 1.6308137239082
97 3104 -0.9993100366329827 -0.9063993307423857 0.30453870529056537 0.6152740114109521 0.023762957519191732 0.6991278116440806 1.5845048516289564
98 3136 -0.9992933680504413 -0.8768854530507452 0.24512272214371683 0.49671753220884135 0.024379049834345926 0.7938779313863737 1.5392087226841156
99 3168 -0.9994078640853794 -0.8912523418484002 0.2732128206657689 0.5532123526001794 0.021396458498011806 0.7505991102534979 1.560814904865532
100 3200 -0.9994600716255974 -0.9002696190764193 0.28975111589813485 0.5872342416738082 0.018833371509845345 0.7219986767285913 1.574281809245008
101 3232 -0.9991300146834475 -0.889000645438869 0.2628276570551913 0.5366410553086329 0.022909746059088548 0.760448878965736 1.5560182023405975
102 3264 -0.9988903842549128 -0.8949531919970795 0.2745499111844118 0.5604470866537421 0.026952071440371542 0.7411881207634679 1.565220034207393
103 3296 -0.9990603017283872 -0.9317858539972526 0.3567149276874336 0.718940740517861 0.0284873294733495 0.599859477100077 1.6246098238631634
104 3328 -0.9986928501680042 -0.9062419885350425 0.3143606624314854 0.6287773511206995 0.03615438308820364 0.6924158654102781 1.587215527239967
105 3360 -0.9986963544048529 -0.9090283491439681 0.3219758012447138 0.6426425127800564 0.03602506469241034 0.6811724398664324 1.5920760980180313
106 3392 -0.9990600328827994 -0.9199928166896482 0.3456994047695675 0.6885295957294882 0.030146556459118727 0.6393623672355973 1.6094430553755388
107 3424 -0.9990967449874217 -0.9238573476173584 0.34978513759615787 0.6990932352972665 0.0300393679605942 0.6264550258772692 1.6145128481760807
108 3456 -0.9987404969727236 -0.9367476371630609 0.37779095534295537 0.7539776263686314 0.03532119710620648 0.5692174501365198 1.635464431742575
109 3488 -0.997902579907307 -0.90079852449035 0.2918056962557879 0.5922363810875435 0.04316977701644147 0.7167748782479583 1.5761884862747144
110 3520 -0.9957083577841103 -0.8505254773051413 0.1764140770435299 0.37354438134745127 0.05718982455157954 0.8667877205204046 1.4984686755227152
111 3552 -0.9961670507741878 -0.859727917240152 0.20683274070940766 0.42591382649189163 0.058819141359234085 0.8386958245637745 1.5143082983557383
112 3584 -0.9955398754631437 -0.8753111505923608 0.22966159891342142 0.4777571238778991 0.05960754676517362 0.7989214645443411 1.5356338866601515
113 3616 -0.995701652919913 -0.8884785196624766 0.2754648418165989 0.5562228290521878 0.06492948604575585 0.7487777970771518 1.5604858129589396
114 3648 -0.9947132155741991 -0.8868007215059943 0.2782225289360965 0.5586511183485886 0.07261156168679112 0.7491075758011132 1.5599889105332716
115 3680 -0.9960912473010779 -0.8948754687630069 0.29662402234408713 0.5925747408417142 0.06250876440044227 0.7238867317370178 1.572285169423228
116 3712 -0.996599109625613 -0.8764318196066753 0.25581944256819045 0.5130692399408747 0.05826914052156025 0.7851237063467841 1.5427849730261076
117 3744 -0.9976210194649886 -0.857020347790589 0.2087870609665074 0.4234555255444732 0.04789446953899729 0.844450119012172 1.5114926782118083
118 3776 -0.9980815566375227 -0.8530591337258908 0.19823280124083187 0.4036410233181076 0.04235856102304128 0.8563122283087442 1.5049701392243537
119 3808 -0.9977983015731395 -0.8943995601018011 0.271973088316313 0.5573652296510124 0.04081298583164231 0.741929134637793 1.5645687774473584
120 3840 -0.9983469500681554 -0.9453204892314293 0.38123340578002424 0.7703915766137827 0.03650506971414141 0.5393282533627957 1.645537120520167
121 3872 -0.997920827133141 -0.9518520953443221 0.39515526960411407 0.7980889927981073 0.04160593298294526 0.505160097945687 1.6562252931845116
122 3904 -0.9977391922045538 -0.9430144362353998 0.3755244024832873 0.7603125927536958 0.04285675942770929 0.549583728193273 1.6419869134303533
123 3936 -0.9972308479878548 -0.9400152934079093 0.36884884191891154 0.7479213324479064 0.04767791151696773 0.5627078345692405 1.6374024275259202
124 3968 -0.9980524030709069 -0.8667801009732718 0.21742476884452 0.4475540900194821 0.03920495944165594 0.8241508633350964 1.5229045687826908
125 4000 -0.9984480024149769 -0.8894460583451274 0.2596101358942066 0.5336269232374685 0.03094462824774892 0.7601812433559392 1.5560099315982618
126 4032 -0.9983331992375278 -0.8886122011707134 0.2631584092726822 0.537360948020333 0.036291192950811534 0.7597229666447632 1.5561182356320766
127 4064 -0.9985811597532134 -0.9251218178830738 0.3438120972149345 0.6933307270441311 0.03593026691809619 0.6260136224982283 1.6145637058864666
128 4096 -0.9985424919456252 -0.8686862904047734 0.2188439628282306 0.45149784569838025 0.031143348586894753 0.8208015812504214 1.5248983100704132
129 4128 -0.9984583351793344 -0.8659819858170538 0.2100341292938216 0.4362298183018329 0.029730691291052668 0.8296596369151347 1.520125314857036
130 4160 -0.9988936238372923 -0.8785203063244422 0.2436535209582028 0.4973381458729011 0.028895829510476288 0.790860801842488 1.5406830378588448
131 4192 -0.9992176705347292 -0.8484615277366936 0.18725554516301815 0.38173842666488644 0.025673450318947414 0.869841555457986 1.4975702128271489
132 4224 -0.9989266391093248 -0.8449102615394082 0.1776707362247884 0.3645146912429373 0.029622938663369628 0.878917566769672 1.492188457376824
133 4256 -0.998490358798265 -0.8021093912980051 0.09489470250324888 0.19751509960340707 0.037213311172670384 0.9601444115848725 1.4410891292261923
134 4288 -0.9985718911005012 -0.7966854484490649 0.08898754627934528 0.1823254352040457 0.03726704670723464 0.966715631503197 1.4366878766931588
135 4320 -0.9993856770545074 -0.8563379984940588 0.20763308182669105 0.41924243003982564 0.023995204625083765 0.8485493335043863 1.5097643056994903
