% # columns="iteration, evaluation, void, void, void, xmean", seed=1, Fri Feb 20 05:23:52 2026, <python>{}</python> # scaling_of_variables: 1, typical_x: 0
1 32 0 0 0 0.3258421005998876 0.26599839079208804 0.26204769880975776
2 64 0 0 0 0.3594649558771272 0.28919994089135315 0.2772298524093324
3 96 0 0 0 0.37278923560057126 0.28604929005438756 0.2723816428327341
4 128 0 0 0 0.3779580040472874 0.28273443875265397 0.3004433686825909
5 160 0 0 0 0.41868552627942873 0.2400809229104109 0.294369611349563
6 192 0 0 0 0.4729316336828096 0.25352375607355226 0.29152260974237615
7 224 0 0 0 0.5037783518983084 0.251506258437947 0.2830186062566153
8 256 0 0 0 0.4677373405729295 0.26553726333143274 0.28700589332433407
9 288 0 0 0 0.4301184533079537 0.261584796259451 0.31663727072214376
10 320 0 0 0 0.4227392722309781 0.2651532255918455 0.33648886046463605
11 352 0 0 0 0.44677104941545803 0.2707106005744727 0.3419655135639846
12 384 0 0 0 0.46907312360801895 0.2820073364298747 0.3336337894903415
13 416 0 0 0 0.48932243669792513 0.30307032808888634 0.34457508518850943
14 448 0 0 0 0.49421122146723917 0.3206539449730986 0.3397354629102291
15 480 0 0 0 0.4911609628213939 0.3356667395244115 0.35079526874061073
16 512 0 0 0 0.5129895980086653 0.3256815090945489 0.3668452485660033
17 544 0 0 0 0.5485265979094899 0.3488602306096453 0.3650003861413425
18 576 0 0 0 0.554250263887726 0.3363606204435711 0.4001742991470787
19 608 0 0 0 0.5360901029026669 0.32777476698161295 0.407481967299141
20 640 0 0 0 0.5690466163464692 0.3340709828019305 0.4171730788816478
21 672 0 0 0 0.5726843614954489 0.3311286639464823 0.41786694585949924
22 704 0 0 0 0.5675016409957803 0.3343192546364525 0.4244514864897735
23 736 0 0 0 0.5834445712944777 0.3322821839810395 0.4283984747915422
24 768 0 0 0 0.58483701675762 0.3252983720791867 0.42421667687177117
25 800 0 0 0 0.5729546539272002 0.3325259570693696 0.4378492501155336
26 832 0 0 0 0.5767850814740497 0.32327871541652525 0.4323393780113616
27 864 0 0 0 0.5684880574791121 0.32475914177160714 0.43277299408416486
28 896 0 0 0 0.5705887484636413 0.3325345622961139 0.43572891005740344
29 928 0 0 0 0.5677818572915428 0.32353701634424026 0.4307116542183295
30 960 0 0 0 0.5734235420991594 0.3261520169877919 0.4317187322932465
31 992 0 0 0 0.5728448392947597 0.32514909377793333 0.4282827785237038
32 1024 0 0 0 0.5761011303613177 0.322391722011457 0.43041381078825863
33 1056 0 0 0 0.577591997909145 0.32208543645747956 0.4304408332898951
34 1088 0 0 0 0.5833733075927862 0.3181002905348377 0.42677391254856945
35 1120 0 0 0 0.5880545364518034 0.3152743318389935 0.4263523247162187
36 1152 0 0 0 0.5950690579240177 0.31314538404821735 0.4246934563992212
37 1184 0 0 0 0.5911935392624015 0.3100105822594875 0.424077500249669
38 1216 0 0 0 0.5889154869357163 0.31199924301765797 0.42827194196042473
39 1248 0 0 0 0.5917126923128863 0.3161800621670809 0.4294760583964103
40 1280 0 0 0 0.5959137701594078 0.313929716266219 0.43277135403958533
41 1312 0 0 0 0.5967477427546685 0.31552592991701134 0.43593953563805327
42 1344 0 0 0 0.5930562238864991 0.315647204542587 0.4351729549468543
43 1376 0 0 0 0.5933532273746247 0.31279869299227675 0.4346151827676871
44 1408 0 0 0 0.5939984398599614 0.31044460128623724 0.435210547118904
45 1440 0 0 0 0.5965659090873462 0.3115172422592604 0.43329412092363706
46 1472 0 0 0 0.5982529325947589 0.310441784620373 0.4337688185761957
47 1504 0 0 0 0.5980544019175222 0.3114556263624264 0.43374692491489236
48 1536 0 0 0 0.5971846879941561 0.31157280847479285 0.4340709182542443
49 1568 0 0 0 0.5966335892499308 0.3120958460251495 0.4347470880159192
50 1600 0 0 0 0.5956980746842104 0.3134471877235717 0.4344522270560766
51 1632 0 0 0 0.594258136095285 0.3141481199988895 0.4342634034963815
52 1664 0 0 0 0.5932040809334922 0.3147155925089584 0.4337146728195205
53 1696 0 0 0 0.5934842109353262 0.31413822060222146 0.4343588383825348
54 1728 0 0 0 0.592480843883377 0.31446134559936273 0.43419652814580195
55 1760 0 0 0 0.5933117842423249 0.31399757477190293 0.43403383714373156
56 1792 0 0 0 0.5932535982698166 0.3144010447418299 0.4334683126375913
57 1824 0 0 0 0.5931218760917499 0.31460778445331183 0.43325058091635954
58 1856 0 0 0 0.5934250501715941 0.31435233188899014 0.4330751872971419
59 1888 0 0 0 0.5937588723181133 0.314371691767194 0.432471243171875
60 1920 0 0 0 0.5942454917783531 0.31385701232293506 0.43218043425199937
61 1952 0 0 0 0.5945292030666773 0.3136151715292197 0.43241244456291134
62 1984 0 0 0 0.5942469334261431 0.31332244601668974 0.432596309792256
63 2016 0 0 0 0.5939363544254206 0.31347907513182055 0.4329453745971144
64 2048 0 0 0 0.5937363305303988 0.3138953458127085 0.43296309178126813
65 2080 0 0 0 0.5934395329905437 0.3141080782719509 0.4332883535886518
66 2112 0 0 0 0.5935210485015079 0.31427835775500007 0.43337584543305
67 2144 0 0 0 0.593381152281799 0.31444592669303134 0.43313289117813825
68 2176 0 0 0 0.5938291870297778 0.3142231122055665 0.4328819865480804
69 2208 0 0 0 0.5939412857372999 0.31408880336177986 0.4331558037841519
70 2240 0 0 0 0.593839366944249 0.3141886170942233 0.4330276250199629
71 2272 0 0 0 0.5940756645362384 0.31388122080436703 0.4330242700251698
72 2304 0 0 0 0.5944845472903041 0.3133830254325559 0.4331284228559384
73 2336 0 0 0 0.5944656385144573 0.3134153410221805 0.4331363458454231
74 2368 0 0 0 0.5941963573634493 0.31363057048138443 0.433245068329096
75 2400 0 0 0 0.5936424302542338 0.3143117853113778 0.43311374100099614
76 2432 0 0 0 0.5935229750860219 0.31453877907612837 0.43287032959828764
77 2464 0 0 0 0.5938003215529883 0.3142374004916763 0.4329162202398283
78 2496 0 0 0 0.5935478862388892 0.3146560488542143 0.4328855539128107
79 2528 0 0 0 0.5932629909968038 0.3149988590180102 0.4327803443304829
80 2560 0 0 0 0.5932088868320577 0.31505213417566946 0.4328444779707619
81 2592 0 0 0 0.5936904073423687 0.3144551780912559 0.43294728442322955
82 2624 0 0 0 0.5936891820501534 0.3144361997550214 0.4329580884758888
83 2656 0 0 0 0.5937332201185148 0.31435031781032646 0.43297340242070065
84 2688 0 0 0 0.5937766653773919 0.31429344762715095 0.4329771590246428
85 2720 0 0 0 0.5938052442904179 0.31429117905900716 0.43295706808125944
86 2752 0 0 0 0.5936139665984231 0.3145334821463616 0.4328795540019324
87 2784 0 0 0 0.5934950998228159 0.31463313969090456 0.432967499416527
88 2816 0 0 0 0.5931237936518754 0.31510485389487064 0.432924069054515
89 2848 0 0 0 0.5932224226835042 0.3149403479701762 0.43295242391160316
90 2880 0 0 0 0.5927822034521898 0.3155096942104671 0.4329094704572096
91 2912 0 0 0 0.5926480808872447 0.3157005672848411 0.4328671822067711
92 2944 0 0 0 0.59341654718413 0.3147221095615377 0.43293570175558094
93 2976 0 0 0 0.5934494479080759 0.31469127175374245 0.4329184680185818
94 3008 0 0 0 0.5942550824109565 0.3136691164567853 0.4329802659196921
95 3040 0 0 0 0.5941540954047038 0.31380155177540014 0.4330036724049559
96 3072 0 0 0 0.5942525913645065 0.3136949157549912 0.4329756946887714
97 3104 0 0 0 0.5945036799454176 0.3133881051457866 0.433012849838553
98 3136 0 0 0 0.5943930565955173 0.3135221666441097 0.4330510424987446
99 3168 0 0 0 0.5947041291930141 0.3131537094684825 0.4330338124158275
100 3200 0 0 0 0.5945625087343994 0.3133179888983204 0.4330447644858328
101 3232 0 0 0 0.5945218757969528 0.3133834315476865 0.4330076910541397
102 3264 0 0 0 0.5945940148318236 0.31330037859701093 0.43303133394986787
103 3296 0 0 0 0.5943869549843434 0.3135459556619313 0.43301411342677254
104 3328 0 0 0 0.5944295693651858 0.3134776867285064 0.43301158565991493
105 3360 0 0 0 0.5944934696694478 0.3133979046950336 0.43300552064062325
106 3392 0 0 0 0.5944695785040411 0.31343073854582426 0.43301962318373144
107 3424 0 0 0 0.5942185687719346 0.3137246972750141 0.4330052624828939
108 3456 0 0 0 0.5937167858305745 0.3143381612940558 0.43297853697628763
109 3488 0 0 0 0.5935738903785277 0.31448637700031 0.43299880502294663
110 3520 0 0 0 0.5931337303449241 0.31495982841705655 0.4329986559828043
111 3552 0 0 0 0.5928579422917015 0.31527444343854366 0.4330082306506976
112 3584 0 0 0 0.5928793381152332 0.3152367219474909 0.4330328647450047
113 3616 0 0 0 0.5928258178934773 0.31533362765812123 0.43304186849109016
114 3648 0 0 0 0.5926502703214925 0.315531957108286 0.4330335278964877
115 3680 0 0 0 0.5924589851180485 0.3157830805910431 0.4330333149930057
116 3712 0 0 0 0.5922193890596535 0.31607607087995404 0.4330415314682735
117 3744 0 0 0 0.5919645826394763 0.3163747939225334 0.433042805115937
118 3776 0 0 0 0.5919193918647782 0.3164192798909933 0.433047043429259
119 3808 0 0 0 0.5921903069982261 0.31607074150541536 0.433063059614104
120 3840 0 0 0 0.5923132825180389 0.3159094834213415 0.4330733592073957
121 3872 0 0 0 0.5921591881893561 0.3161163746360383 0.43306188670424
122 3904 0 0 0 0.5922542461557624 0.31597737887885846 0.4330692875316561
123 3936 0 0 0 0.5921645681666626 0.3160889135365802 0.433063925991169
124 3968 0 0 0 0.5923068709038125 0.3159166991028631 0.43306202479517425
125 4000 0 0 0 0.5923021360651034 0.3159387590885684 0.4330521522411217
126 4032 0 0 0 0.5923866990519935 0.3158369580250827 0.4330584268165645
127 4064 0 0 0 0.5923199189147933 0.3159334583981715 0.43305935242241145
128 4096 0 0 0 0.5922453895979026 0.3160282065357071 0.4330658829524709
129 4128 0 0 0 0.5920960699500916 0.31621619971922377 0.4330646436839208
130 4160 0 0 0 0.5921225039473238 0.31618549498897125 0.4330571123066289
131 4192 0 0 0 0.5922527832395545 0.31602254759449644 0.4330546752851651
132 4224 0 0 0 0.5922604756981568 0.31600831776423 0.4330581130364726
133 4256 0 0 0 0.5922647092889298 0.31599654562414925 0.43305527015674034
134 4288 0 0 0 0.5924238270368506 0.31578924931543684 0.43305088233635797
135 4320 0 0 0 0.5926982784001484 0.3154361690960997 0.4330492218932415
