% # columns="iteration, evaluation, sigma, axis ratio, bestever, best, median, worst objective function value, further objective values of best", seed=1, Fri Feb 20 05:23:52 2026, <python>{}</python>
1 32 0.14818492197916172 1.0000333338888951 151.50694831713608 1.5150694831713608e+02 200.0 200.0   
2 64 0.13920619261046294 1.3877730970887974 64.3447340585011 6.4344734058501103e+01 200.0 200.0   
3 96 0.11580949997031524 1.34359240269511 64.3447340585011 8.9397916147133770e+01 200.0 200.0   
4 128 0.10931863905540215 1.5069174257942377 64.3447340585011 8.6052550917587411e+01 200.0 200.0   
5 160 0.12380211610751525 1.478989117238182 53.9210619761912 5.3921061976191197e+01 200.0 200.0   
6 192 0.1337788016482736 1.8468289492433423 46.24621942273396 4.6246219422733958e+01 200.0 200.0   
7 224 0.12532414198631156 2.1926797778179927 46.24621942273396 5.9746319600276458e+01 200.0 200.0   
8 256 0.1083438325638261 3.1467518621180752 46.24621942273396 5.7867333600870076e+01 200.0 200.0   
9 288 0.11660703697723247 2.6200963194421867 46.24621942273396 6.3961245025896368e+01 200.0 200.0   
10 320 0.11733242215602938 2.392011967069161 46.24621942273396 5.5198984676635661e+01 200.0 200.0   
11 352 0.1113520658647574 2.195312341782139 46.24621942273396 5.3275032678306950e+01 200.0 200.0   
12 384 0.10453193181828066 1.9228611934907678 46.24621942273396 5.5001355460751348e+01 200.0 200.0   
13 416 0.11680301431080989 2.3816739607140884 46.24621942273396 5.1891751655299288e+01 200.0 200.0   
14 448 0.11204513408197918 2.3052096825057853 46.24621942273396 6.5416077893622472e+01 200.0 200.0   
15 480 0.11540965276378305 2.5242000473314743 46.24621942273396 5.1478106944497320e+01 200.0 200.0   
16 512 0.13419004315540903 2.1915250652959553 46.24621942273396 5.2374421511133917e+01 200.0 200.0   
17 544 0.14959243474636014 1.8281413315234387 44.6320406580904 4.4632040658090403e+01 200.0 200.0   
18 576 0.18984209377913264 2.7549613384600202 44.6320406580904 4.9166448779544382e+01 200.0 200.0   
19 608 0.18357028514083035 2.362391523030961 44.6320406580904 5.4281670484652516e+01 200.0 200.0   
20 640 0.1713790370379165 2.03019735750704 44.6320406580904 4.9007777686582060e+01 200.0 200.0   
21 672 0.1432190401795218 2.42550846796155 44.6320406580904 4.7293027828200422e+01 200.0 200.0   
22 704 0.12483043273876701 2.9123022990090828 44.6320406580904 5.0978645365791706e+01 200.0 200.0   
23 736 0.11862187223274957 2.5503803358728505 44.6320406580904 4.4808051870468816e+01 200.0 200.0   
24 768 0.11825310930113317 2.6349533793710767 44.6320406580904 4.7742605267820892e+01 200.0 200.0   
25 800 0.12855093465251144 2.709384880228405 44.6320406580904 4.7368216813744382e+01 200.0 200.0   
26 832 0.12825021774789827 2.7830678970184968 44.6320406580904 5.1935641631096530e+01 200.0 200.0   
27 864 0.11272882411384408 2.5051131357384984 43.30486638265536 4.3304866382655362e+01 200.0 200.0   
28 896 0.1193647763827628 2.5093991825563866 43.30486638265536 4.6562136732503149e+01 200.0 200.0   
29 928 0.11773241587224634 2.468171326423549 43.30486638265536 4.4954685117543988e+01 70.05574884029012 200.0   
30 960 0.10344405998322427 2.133598663273719 43.30486638265536 4.6901026880482938e+01 200.0 200.0   
31 992 0.09189454992557664 2.0013755725622477 42.65326385806351 4.2653263858063511e+01 200.0 200.0   
32 1024 0.0933893625788454 1.8865874568985084 42.65326385806351 4.4166837950857200e+01 200.0 200.0   
33 1056 0.08180016720817077 1.9870268389100372 41.79368414075799 4.1793684140757989e+01 130.9448530404534 200.0   
34 1088 0.0999445839650323 2.1941317380036605 41.79368414075799 4.5247009540471147e+01 200.0 200.0   
35 1120 0.10729950330932693 2.622510451866654 41.486782240924164 4.1486782240924164e+01 200.0 200.0   
36 1152 0.11242458656756465 3.3665075800628594 41.486782240924164 4.4359775432222470e+01 200.0 200.0   
37 1184 0.12476781149633565 4.257335663014789 41.486782240924164 4.4722643989263396e+01 200.0 200.0   
38 1216 0.1220265630087036 3.000773514358612 41.486782240924164 4.6114330756111038e+01 200.0 200.0   
39 1248 0.1261243383685287 2.943443589868345 41.486782240924164 4.4733420931300223e+01 200.0 200.0   
40 1280 0.12784038968235745 2.4492139776356154 41.486782240924164 4.1709894003963981e+01 200.0 200.0   
41 1312 0.1259844579148635 2.6421884270782185 41.486782240924164 4.3562935122243850e+01 200.0 200.0   
42 1344 0.10867480923806089 2.239812302483216 41.486782240924164 4.3613203716752608e+01 200.0 200.0   
43 1376 0.10183275097769368 2.2981129630593022 41.486782240924164 4.5894767698998706e+01 200.0 200.0   
44 1408 0.10095968683614746 1.822417383189791 41.486782240924164 4.6789177005959374e+01 200.0 200.0   
45 1440 0.09973676593421146 2.0205844431877056 41.486782240924164 4.5062893244130571e+01 200.0 200.0   
46 1472 0.08806435233491368 2.0154809624806025 41.486782240924164 4.6656779000011014e+01 60.328157474150494 200.0   
47 1504 0.07363428970457343 2.2119622445151284 40.41215513899971 4.0412155138999708e+01 49.838024581659184 200.0   
48 1536 0.061627608360299756 2.4575567923471517 40.41215513899971 4.3271003088644129e+01 53.75875457400989 200.0   
49 1568 0.0608102324133918 2.3863404731363365 40.41215513899971 4.4684614509782989e+01 52.87095492055691 200.0   
50 1600 0.06622629037064191 2.2779980694322868 40.41215513899971 4.2932193772653072e+01 49.96555625451121 200.0   
51 1632 0.07282144556066743 2.5946010519014506 40.41215513899971 4.3336579091758729e+01 51.8955726555425 200.0   
52 1664 0.0806889797155141 3.502887399969408 40.41215513899971 4.3985882932356937e+01 51.84192095518754 200.0   
53 1696 0.06941146705254835 3.6692717170066964 40.41215513899971 4.3744849748550735e+01 54.21230352769162 200.0   
54 1728 0.06476422877656401 3.471550095064997 40.41215513899971 4.2444871670636985e+01 54.71881243490946 200.0   
55 1760 0.05802689209037356 3.8203480646323396 40.41215513899971 4.4092174548012018e+01 52.19948405093133 200.0   
56 1792 0.06008901770239102 3.3762813128341893 40.41215513899971 4.3900308518248849e+01 50.234519738698516 200.0   
57 1824 0.05394532644222307 3.661318901841483 40.41215513899971 4.4384457512068010e+01 50.644735103477295 200.0   
58 1856 0.0495211655397301 3.3743186032766066 40.41215513899971 4.2783666972284237e+01 48.98113579900155 200.0   
59 1888 0.055458606007121415 3.432467965602213 40.41215513899971 4.4438246940628950e+01 51.89279962203026 200.0   
60 1920 0.06539335452153129 3.0127424867001715 40.41215513899971 4.3172264799048079e+01 54.634278612433484 200.0   
61 1952 0.059590589626788336 2.636685607651779 40.41215513899971 4.5141518753057532e+01 52.97104063208755 200.0   
62 1984 0.06032244002723496 3.060680602598787 40.194508818314304 4.0194508818314304e+01 54.12876961684004 200.0   
63 2016 0.056513788766541936 2.9489458371896844 40.194508818314304 4.0233461028792945e+01 52.37917125330438 200.0   
64 2048 0.052069673974336594 2.7822983070961054 40.194508818314304 4.4500757363801483e+01 52.46356171271289 200.0   
65 2080 0.05671817491479992 2.899900988650182 40.194508818314304 4.2590262828925269e+01 51.83893280794284 200.0   
66 2112 0.05522873279933058 3.0208969205449376 40.194508818314304 4.3405215626794195e+01 50.66604627007512 200.0   
67 2144 0.04858553561609353 3.0559889071483504 40.194508818314304 4.2295961063363556e+01 53.40044916310431 200.0   
68 2176 0.05209773026917444 4.111929581323538 40.194508818314304 4.0548587051762944e+01 51.20269413404594 200.0   
69 2208 0.04751761539283156 5.258107704881355 40.194508818314304 4.2404891929803206e+01 52.09313948036802 200.0   
70 2240 0.03870178883817488 6.229905654396837 40.194508818314304 4.3237837823715211e+01 50.720431105738534 200.0   
71 2272 0.035962238399975276 5.840441897513725 40.194508818314304 4.1362687694177495e+01 48.98349083939722 200.0   
72 2304 0.04098777661041202 6.645046483430742 40.194508818314304 4.3491696257818965e+01 49.86772530393678 200.0   
73 2336 0.03427450721223483 9.602270501530993 40.194508818314304 4.2118045026484921e+01 51.5370428937791 200.0   
74 2368 0.036789116392860935 8.879002860990614 40.194508818314304 4.1381573439175256e+01 49.44449857773276 200.0   
75 2400 0.04618506914839786 9.156293858005167 40.194508818314304 4.1364937013195643e+01 51.72544609981648 200.0   
76 2432 0.05641162661687423 15.07691850787229 40.194508818314304 4.2467030217509418e+01 49.827056644609726 200.0   
77 2464 0.04853787611488302 13.112114225208726 40.194508818314304 4.3993177100238555e+01 51.07041313333375 200.0   
78 2496 0.04772044261638313 13.177029194472796 40.194508818314304 4.0536131417149875e+01 50.64520165176583 200.0   
79 2528 0.04309365678477524 12.746126117468245 40.194508818314304 4.2992141473938261e+01 51.91209898177034 200.0   
80 2560 0.037007570960915094 16.497228971074026 40.194508818314304 4.3523083824429321e+01 50.37570940999252 200.0   
81 2592 0.038071834720478974 13.668046789554474 40.194508818314304 4.3451551204145709e+01 49.451891280243345 200.0   
82 2624 0.03221891919321855 16.56038920976305 40.194508818314304 4.4349882036095394e+01 51.832058487002186 200.0   
83 2656 0.0291723697208887 19.047314996348554 40.194508818314304 4.4385681748711121e+01 52.06821098605978 200.0   
84 2688 0.023956830468994866 17.68592541557487 40.194508818314304 4.1997315995745652e+01 50.643967862519176 200.0   
85 2720 0.023788007422872168 19.84108870975047 40.194508818314304 4.2674254058093609e+01 50.0132646321843 200.0   
86 2752 0.025916117487814617 16.443149531723076 40.194508818314304 4.3690806625220496e+01 51.091391301501 200.0   
87 2784 0.03224304170919983 20.53502205650398 40.194508818314304 4.4889446453982835e+01 54.04485286458118 200.0   
88 2816 0.033913994504522996 21.181182724286238 40.194508818314304 4.4262016351720746e+01 49.85737422413668 200.0   
89 2848 0.03199976336980861 30.791552652721602 40.194508818314304 4.4124694854888411e+01 50.625096531799706 200.0   
90 2880 0.03257786428887096 28.342333198229035 40.194508818314304 4.3065281050331762e+01 52.01315709212124 200.0   
91 2912 0.029738733763497248 35.4559460338292 40.194508818314304 4.2824699117012152e+01 50.46532844460422 200.0   
92 2944 0.03375009460550195 41.75932284986786 40.194508818314304 4.2791393526187520e+01 53.95200780567514 200.0   
93 2976 0.028658104104577007 54.394446376607284 40.194508818314304 4.1897869898894179e+01 51.12360660962045 200.0   
94 3008 0.03085620333740513 63.88508769321856 40.194508818314304 4.3274256752670780e+01 53.131854370794365 200.0   
95 3040 0.029764948493767266 83.02638964378737 40.194508818314304 4.2522472178379402e+01 51.406502404178575 200.0   
96 3072 0.027232117906910557 78.89925090350853 40.194508818314304 4.4121822614805239e+01 53.09244417197232 200.0   
97 3104 0.025353239743803744 68.93567971160988 40.194508818314304 4.4831418816324003e+01 52.65496751480723 200.0   
98 3136 0.02751440018789928 62.03406680881174 40.194508818314304 4.1744113657714969e+01 49.99031475960084 200.0   
99 3168 0.026544603918640265 60.00127118036946 40.194508818314304 4.2409517646250563e+01 53.74656379076236 200.0   
100 3200 0.022379577606426823 68.73745695670084 40.194508818314304 4.3763128396049090e+01 48.08398974696141 200.0   
101 3232 0.022289874956491842 78.25898377330226 40.194508818314304 4.1440003766938759e+01 54.81878556113004 200.0   
102 3264 0.023007962320356058 64.81219183876803 40.194508818314304 4.3516128935165604e+01 51.29800381464309 200.0   
103 3296 0.02208937296157864 55.5167954824012 40.194508818314304 4.2794131352455473e+01 49.22962311129037 200.0   
104 3328 0.023481919657792758 51.989191163342234 40.194508818314304 4.2183237472778082e+01 48.906627496602084 200.0   
105 3360 0.021330237273721 40.146068931619766 40.194508818314304 4.2595951829135998e+01 50.52480324796193 200.0   
106 3392 0.019101876068971218 40.2592276922934 40.194508818314304 4.2474582410958774e+01 51.73978941885151 200.0   
107 3424 0.023682031381498162 48.169701437966836 40.194508818314304 4.0642196329343875e+01 51.65116676966382 200.0   
108 3456 0.031379768668272016 47.96117973790335 40.194508818314304 4.4472725224844623e+01 50.42408669264774 200.0   
109 3488 0.03895795812198973 41.134806541572175 40.194508818314304 4.2999050915010130e+01 48.67984706886196 200.0   
110 3520 0.05437773890729219 34.987537786529714 40.194508818314304 4.1979569961006057e+01 48.539485415296255 200.0   
111 3552 0.05572850460160145 30.632410097236274 40.194508818314304 4.3650858520881641e+01 52.76289665877499 200.0   
112 3584 0.052153071528183735 27.738084037865704 40.194508818314304 4.2422718084622659e+01 50.00487527132181 200.0   
113 3616 0.05186185151570091 27.12539949463605 40.194508818314304 4.3660328644231846e+01 51.74336003442926 200.0   
114 3648 0.0444406791204647 23.148545421357706 40.194508818314304 4.2048341030953345e+01 48.95539910238856 200.0   
115 3680 0.04367977507773419 20.255558788675504 40.194508818314304 4.2547397189782529e+01 48.155339523566084 200.0   
116 3712 0.04903589374293239 23.657935041802265 40.194508818314304 4.3884243523100011e+01 51.94812571581788 200.0   
117 3744 0.05231820305359782 24.898120280852257 40.194508818314304 4.3225709106844576e+01 50.724092463811566 200.0   
118 3776 0.04701128632714813 30.817271351480642 40.194508818314304 4.4001688756166942e+01 52.497500721059694 200.0   
119 3808 0.04484054558270497 35.43919183383791 40.194508818314304 4.3094236231124775e+01 55.154088779185756 200.0   
120 3840 0.040995164710983335 40.41273240956574 40.194508818314304 4.3144866882916673e+01 53.30988895227276 200.0   
121 3872 0.03512017009020656 46.16420609008933 40.194508818314304 4.1270532580385897e+01 52.52052094040095 200.0   
122 3904 0.033610325782197366 45.52804650978254 40.194508818314304 4.4198903079205500e+01 52.87891843835256 200.0   
123 3936 0.030750485145091117 41.38016746876346 40.194508818314304 4.4132156067862070e+01 51.07182109983433 200.0   
124 3968 0.035603984473167205 38.13165205075705 40.194508818314304 4.2401237287671186e+01 52.07938871331844 200.0   
125 4000 0.03972712826194255 42.0107404528347 40.194508818314304 4.1601068946008098e+01 53.56726924531622 200.0   
126 4032 0.03965912656413704 55.79502215101325 40.194508818314304 4.3779026194931546e+01 51.96645468187089 200.0   
127 4064 0.03941923161660457 49.38701805677338 40.194508818314304 4.1669733648704941e+01 52.510648320598904 200.0   
128 4096 0.04008880497470622 50.62041710767138 40.194508818314304 4.5049231758978010e+01 51.545851136129905 200.0   
129 4128 0.037461992227416065 57.15334836112597 40.194508818314304 4.3711198091048672e+01 52.494904483813464 200.0   
130 4160 0.03480285604896915 64.29980031244399 40.194508818314304 4.0856395833939175e+01 50.94357087743518 200.0   
131 4192 0.034198724868771076 64.38586621334508 40.194508818314304 4.1944992861362628e+01 57.14337849032273 200.0   
132 4224 0.028217825873251452 68.0823795704181 40.194508818314304 4.2136424477075479e+01 53.84901868691544 200.0   
133 4256 0.029321977035803564 61.1661382314965 40.194508818314304 4.5146400927371261e+01 51.647380356441474 200.0   
134 4288 0.03687022255553303 48.62793641057373 40.194508818314304 4.2789253093729570e+01 51.82796055441655 200.0   
135 4320 0.04594957923440524 43.000275774927395 40.194508818314304 4.3606682531819779e+01 52.820259558924626 200.0   
