% # columns="iteration, evaluation, sigma, void, void,  stds==sigma*sqrt(diag(C))", seed=1, Fri Feb 20 08:01:46 2026, <python>{}</python>
1 32 0.15131700677503782 0 0 0.1663792096251503 0.12724513074720142 0.12166227586700859
2 64 0.16589965990433614 0 0 0.19341837823850297 0.12169836779054802 0.12000947023712222
3 96 0.15315747646896696 0 0 0.15603918614567322 0.11792276571539906 0.10470699181459488
4 128 0.1246150502625064 0 0 0.1118751372492577 0.08360673789214665 0.07183181580962116
5 160 0.11355131339032394 0 0 0.10360750669547393 0.0679692049641511 0.053996933789330036
6 192 0.11045046998706809 0 0 0.08897121018408144 0.07150893033682705 0.05004525667877489
7 224 0.08881872056640709 0 0 0.07317591294196607 0.05646716090109757 0.03411728199667603
8 256 0.07736122252756583 0 0 0.05067033448708457 0.044603293898531474 0.03411968381922079
9 288 0.06749380891489663 0 0 0.036990350830565316 0.040482918590280775 0.0297062372088864
10 320 0.07930964628501631 0 0 0.047115879763050254 0.04882811493729388 0.03844487518467006
11 352 0.08062081598790032 0 0 0.05772456061854653 0.052214822646000664 0.037286022374401255
12 384 0.07466893231083115 0 0 0.04714730888056526 0.04186877576217322 0.02786504898915553
13 416 0.08336009395503466 0 0 0.04836715015987708 0.050841047116594644 0.03329822276705257
14 448 0.07494866433885805 0 0 0.0372997473572967 0.03888290821026914 0.025834234853625522
15 480 0.0727590918526956 0 0 0.03455182263515932 0.03467103938739281 0.02365336978803797
16 512 0.07556027651361823 0 0 0.035266226089961494 0.03896892472728763 0.02636223008112082
17 544 0.08203080516847146 0 0 0.036668670159873636 0.042024220699211856 0.030931464202224153
18 576 0.07980610772028326 0 0 0.03543859321181602 0.047961596715333364 0.031269874761993145
19 608 0.08021583726943801 0 0 0.03824637738712057 0.04452291215147301 0.02768764387305792
20 640 0.06679100557812959 0 0 0.025051889889082454 0.03212295150373644 0.02100708391759276
21 672 0.05681434412827578 0 0 0.021208372861260486 0.026464807893195323 0.015658456839279772
22 704 0.050177233521806745 0 0 0.020516717267289927 0.02062416681198459 0.012016341193073057
23 736 0.045348711367631016 0 0 0.01718768221537001 0.014761794892842548 0.01007821349366787
24 768 0.04937310459269223 0 0 0.018071336510749828 0.016866427619226056 0.013116023454134462
25 800 0.05115890759714416 0 0 0.0194932985908601 0.020126939297273345 0.01473162619795929
26 832 0.06097323282417644 0 0 0.027645661125975957 0.02006615956133535 0.019358512905021105
27 864 0.06545572780288864 0 0 0.02978130834671352 0.018218148047470167 0.02080112309376585
28 896 0.05707627127406806 0 0 0.021791454639841515 0.014682946993858173 0.0147815089562022
29 928 0.051466375599065 0 0 0.01704542220796317 0.012286680101046098 0.012041007281289604
30 960 0.04544493477228366 0 0 0.012492882291478274 0.010152850752991724 0.009274637318520036
31 992 0.040729043287651444 0 0 0.01022638197608708 0.009460924260294993 0.0075650858616221625
32 1024 0.041582127380436415 0 0 0.010198287501462885 0.009463094424988116 0.006545631307743782
33 1056 0.04517158428953217 0 0 0.013456109406049336 0.009143442234048752 0.0070222134228942875
34 1088 0.043015218241347505 0 0 0.012444347304585657 0.008562247583288649 0.005847954600380889
35 1120 0.03555287086832978 0 0 0.008455217024455687 0.007482541462997802 0.0038054915637234107
36 1152 0.03878568172000451 0 0 0.009746000421477273 0.007762949995421765 0.003945323721671201
37 1184 0.03919637669875094 0 0 0.008019644827160848 0.006665511722186084 0.004177858974332188
38 1216 0.035331540406665925 0 0 0.006293821860927822 0.0059375191021731975 0.004114204795118086
39 1248 0.028635212433980303 0 0 0.004106987573732246 0.004615521101189006 0.0030437856498806595
40 1280 0.025762105934430485 0 0 0.0035329853137209214 0.003458258441999728 0.0025660763926757288
41 1312 0.02690411654770435 0 0 0.003586475634448687 0.004033115011233522 0.0026881069573386268
42 1344 0.029782573261442492 0 0 0.003470539745432825 0.004144491912042479 0.0031829313459399433
43 1376 0.025331494005415733 0 0 0.0030713464450864186 0.0031090291498179078 0.0024054211720509985
44 1408 0.02343930605367108 0 0 0.0024103470235714445 0.0025346075852752136 0.0023322074112382195
45 1440 0.019714379443852792 0 0 0.001879044822507141 0.0024647498105165276 0.0017807202834089501
46 1472 0.019262028303154405 0 0 0.0018450234593373632 0.0022398527531243303 0.00182621959265558
47 1504 0.021573509875185987 0 0 0.0021598028725825303 0.0024813746550053964 0.0020159722873678582
48 1536 0.02029151809070339 0 0 0.0020448905658300926 0.002092655398318425 0.0017803584613007993
49 1568 0.02083049763654848 0 0 0.002178604414295094 0.0018961593502065202 0.00182634275984618
50 1600 0.020886092535108886 0 0 0.0020253871095597103 0.0019254102866920106 0.001859857171734852
51 1632 0.017776341730050573 0 0 0.0013894339633697688 0.001546404655999313 0.00135771650004274
52 1664 0.016869076171315896 0 0 0.0012593842000133465 0.0014932955411024354 0.0012576458978605601
53 1696 0.017313014044773988 0 0 0.0012503299164287362 0.0013638810984481218 0.0012572102726726994
54 1728 0.018209995680719335 0 0 0.0012733602348345451 0.0016438095099129044 0.0016600876172305145
55 1760 0.016335666266945874 0 0 0.0010692733904061802 0.0013392376159110616 0.0014352815608939624
56 1792 0.014334588015858084 0 0 0.0007905743496509844 0.0011527302742526985 0.001087967493419644
57 1824 0.015883688366386532 0 0 0.0010165522987115217 0.0012450294783774964 0.0010678848633077593
58 1856 0.013818588106987644 0 0 0.001233484795240394 0.0011521831716783007 0.0008807954124039287
59 1888 0.014673220968231175 0 0 0.0014204627747473528 0.001472516612289773 0.0008652693165054885
60 1920 0.01489022889723541 0 0 0.0015072691899105147 0.0014952357385107867 0.0009278085408841515
61 1952 0.016632560820247177 0 0 0.0016126249363061752 0.0016287997977658065 0.0009005048042143792
62 1984 0.016369629271792294 0 0 0.0014502078435440306 0.0014927331805188596 0.00097183069881046
63 2016 0.015249510475594443 0 0 0.0013025609675765082 0.0014223166684296635 0.0007415990158463303
64 2048 0.015521894574246808 0 0 0.0013309830803773534 0.0013728078985251093 0.0008321001603982699
65 2080 0.014071539965980795 0 0 0.0011315614014716644 0.0011480274845709528 0.0006450623995033741
66 2112 0.016506822829064474 0 0 0.0011552085745812814 0.0012588339939408073 0.000814488219102151
67 2144 0.015437805540895074 0 0 0.0012677524959393963 0.0012842309746084746 0.0007391866856825992
68 2176 0.015111853857003072 0 0 0.0009876258687470318 0.0010408348790362917 0.000742065593146623
69 2208 0.014156288703595268 0 0 0.00098868455889504 0.0011600783646509277 0.0007009652061415452
70 2240 0.012905646481969828 0 0 0.0009224535214317647 0.0010905819899707412 0.0005661580017743778
71 2272 0.011595552144245182 0 0 0.0007818305028866582 0.0008679204866559844 0.00039400984237825435
72 2304 0.012395677887682746 0 0 0.0008761259508710351 0.0008725217803135476 0.00046631114461790285
73 2336 0.011544041933609297 0 0 0.0007910521242221768 0.0007893918643217582 0.00040292561495365695
74 2368 0.010627189596863892 0 0 0.0007128771440666813 0.0006716945114081966 0.0003595599915067812
75 2400 0.010445821815364107 0 0 0.0006500694992809164 0.0006108860434816918 0.0002861186784768826
76 2432 0.009267667633814829 0 0 0.0005257739650290097 0.0004993590238637531 0.0002038899456702968
77 2464 0.009594051349855526 0 0 0.0005901938192347539 0.0005778768127954264 0.00024032107728539184
78 2496 0.009290990703822746 0 0 0.0005341339094264666 0.000535815296270577 0.00026977340883710654
79 2528 0.009564952302345333 0 0 0.00046157135742245256 0.00045330715968364176 0.00026065033390664086
80 2560 0.011394290529008432 0 0 0.0005457434444525533 0.0004983955018125768 0.00044579687940316133
81 2592 0.010990296704983884 0 0 0.000457357380896899 0.00047783721956818216 0.00033080067929477366
82 2624 0.010614046572888064 0 0 0.00041594036563622557 0.0004647219671129466 0.00034147352920803136
83 2656 0.00888026034966765 0 0 0.000267987212778041 0.000367764812347115 0.0002515069614270249
84 2688 0.008765310395404355 0 0 0.0002594216434043303 0.0003783755657201702 0.00023227797221558533
85 2720 0.01073704147891898 0 0 0.00033021403673569425 0.0005122551626989087 0.00027540122198002734
86 2752 0.010001517475333828 0 0 0.00037197578221225626 0.0005794767227218831 0.00024355651091314458
87 2784 0.009523464408137092 0 0 0.0003328131032130975 0.0005468914243675315 0.0002117202089236951
88 2816 0.009678795677782395 0 0 0.0003117858836008807 0.0005527190145914305 0.0002134062081729587
89 2848 0.008980232974582827 0 0 0.00028554683101289686 0.000505595982794368 0.0002042142465907274
90 2880 0.007143580258495112 0 0 0.0002531257353327054 0.0004606984150634931 0.00016699160194731316
91 2912 0.006303468644463569 0 0 0.00022940692594763387 0.00043090881095671267 0.00014663110252587574
92 2944 0.005805719297667913 0 0 0.00017218068044115537 0.0003207751402897914 0.00012823696094074535
93 2976 0.005396149597879608 0 0 0.00014602708585004137 0.00024931232900267944 0.00010950896283700953
94 3008 0.005646333514791674 0 0 0.00017041644329131555 0.00029854626998894755 0.00013394095118587988
95 3040 0.005355281378327966 0 0 0.0001374521258086211 0.00024337224109058543 0.00011050342630519157
96 3072 0.004760113334208086 0 0 0.00011454333004328403 0.0001944189068931465 0.00010250016195583439
97 3104 0.0049458590372562505 0 0 0.0001426412532645924 0.00022848464179295379 0.00013390707152173385
98 3136 0.0047506239710344645 0 0 0.0001230966354292101 0.0001966902965134009 0.00012332761685160927
99 3168 0.004177476901652123 0 0 0.00010848212689948708 0.00017130539029405406 0.00011279203131771997
100 3200 0.004775651697834696 0 0 0.00013513785867344817 0.00021534966969175646 0.00011696509785236898
101 3232 0.004176191256858423 0 0 0.00010161996562521342 0.00016143480009116743 0.00010090738101945235
102 3264 0.004488795916793994 0 0 0.00011179326680849388 0.00017967085888552994 0.00011478543745391836
103 3296 0.0042972176009623934 0 0 9.399127794822055e-05 0.0001474193376550136 9.174092314232887e-05
104 3328 0.004032039108346688 0 0 9.091669966483939e-05 0.00013745249039606196 8.30977157402432e-05
105 3360 0.003649307299097935 0 0 7.495160375079692e-05 0.00011368992669618931 6.689449613513192e-05
106 3392 0.003982470019183077 0 0 8.450300050360024e-05 0.0001282101497060492 7.560231190679202e-05
107 3424 0.0044496551500006285 0 0 9.703420810042413e-05 0.0001454013610043841 8.450465281163208e-05
108 3456 0.00442599639915747 0 0 8.538231393255769e-05 0.0001286270791486868 8.251886791774226e-05
109 3488 0.004306725610102538 0 0 7.134317203303819e-05 0.00010631729210075747 6.846808514457941e-05
110 3520 0.004004000282558787 0 0 5.930382769157752e-05 8.589199630650076e-05 6.476516438506424e-05
111 3552 0.004251224743341909 0 0 5.9046796136034787e-05 8.703790698151412e-05 7.882329738136252e-05
