% # columns="iteration, evaluation, sigma, max axis length,  min axis length, all principal axes lengths  (sorted square roots of eigenvalues of C)", seed=1, Fri Feb 20 08:01:46 2026
1 32 0.15131700677503782 1.0000333338888951 1.0 1.0 1.0000166668055563 1.0000333338888951
2 64 0.16589965990433614 1.1004037315145563 0.7714727424669269 0.7714727424669269 0.8697848844746617 1.1004037315145563
3 96 0.15315747646896696 1.166845529194302 0.7220067893812432 0.7220067893812432 0.7333826800563686 1.166845529194302
4 128 0.1246150502625064 1.0235698376665232 0.671474917724081 0.671474917724081 0.7743453655089735 1.0235698376665232
5 160 0.11355131339032394 0.9126732458104612 0.5318314600094155 0.5318314600094155 0.687438222598322 0.9126732458104612
6 192 0.11045046998706809 0.9508505807392414 0.44569309670005824 0.44569309670005824 0.5605262070576015 0.9508505807392414
7 224 0.08881872056640709 0.8508500010826555 0.3867093692554367 0.3867093692554367 0.6323413472967332 0.8508500010826555
8 256 0.07736122252756583 0.8284906016074028 0.3260075254048692 0.3260075254048692 0.6616928041486455 0.8284906016074028
9 288 0.06749380891489663 0.6622393991418004 0.3778011477793746 0.3778011477793746 0.6120853483163204 0.6622393991418004
10 320 0.07930964628501631 0.6222628901193886 0.42468667608025046 0.42468667608025046 0.5350459406442994 0.6222628901193886
11 352 0.08062081598790032 0.7836037657987716 0.39974156720828125 0.39974156720828125 0.43944985883979215 0.7836037657987716
12 384 0.07466893231083115 0.8482510484541568 0.36027753118624933 0.36027753118624933 0.5446865371113155 0.8482510484541568
13 416 0.08336009395503466 0.7053295706854523 0.3314222428748392 0.3314222428748392 0.49501069476478793 0.7053295706854523
14 448 0.07494866433885805 0.7057518714507189 0.29069632567867537 0.29069632567867537 0.5344148231116514 0.7057518714507189
15 480 0.0727590918526956 0.6106913064981665 0.23215878852172034 0.23215878852172034 0.45694025462178933 0.6106913064981665
16 512 0.07556027651361823 0.5324612695332425 0.21581705737124135 0.21581705737124135 0.4776746410647781 0.5324612695332425
17 544 0.08203080516847146 0.6179136881765435 0.21637148517162919 0.21637148517162919 0.42060366139637206 0.6179136881765435
18 576 0.07980610772028326 0.6523388777193049 0.19447706228229675 0.19447706228229675 0.3756108841027144 0.6523388777193049
19 608 0.08021583726943801 0.7021436887046044 0.19766193181639555 0.19766193181639555 0.4240403205710637 0.7021436887046044
20 640 0.06679100557812959 0.6493523429893717 0.18813814738074 0.18813814738074 0.44439180243965803 0.6493523429893717
21 672 0.05681434412827578 0.5659681542821682 0.1701905555320603 0.1701905555320603 0.34875809705645755 0.5659681542821682
22 704 0.050177233521806745 0.5303841887510777 0.14997483393919053 0.14997483393919053 0.3584520519543059 0.5303841887510777
23 736 0.045348711367631016 0.48287538547621894 0.1587610831365408 0.1587610831365408 0.36756711988010937 0.48287538547621894
24 768 0.04937310459269223 0.4177978276627254 0.16429716519792495 0.16429716519792495 0.3121738193713305 0.4177978276627254
25 800 0.05115890759714416 0.41144765951152446 0.19975801023792047 0.19975801023792047 0.33473003392742917 0.41144765951152446
26 832 0.06097323282417644 0.44606207378305124 0.2040976047658478 0.2040976047658478 0.37717260533860764 0.44606207378305124
27 864 0.06545572780288864 0.5136573394073359 0.18244948994633875 0.18244948994633875 0.3428590751187717 0.5136573394073359
28 896 0.05707627127406806 0.5150312890276794 0.18084650947946201 0.18084650947946201 0.2958108786839099 0.5150312890276794
29 928 0.051466375599065 0.4345228325662243 0.1663325576246908 0.1663325576246908 0.2500780303030275 0.4345228325662243
30 960 0.04544493477228366 0.37702719698104803 0.15528358979983978 0.15528358979983978 0.23485648583523783 0.37702719698104803
31 992 0.040729043287651444 0.32367489681672373 0.13980854451083335 0.13980854451083335 0.20693416854825353 0.32367489681672373
32 1024 0.041582127380436415 0.3142882416527339 0.13183697991094523 0.13183697991094523 0.18799760932787613 0.3142882416527339
33 1056 0.04517158428953217 0.305393443101186 0.11935636816383621 0.11935636816383621 0.17090884419695704 0.305393443101186
34 1088 0.043015218241347505 0.33916414946347806 0.09768480675736403 0.09768480675736403 0.17117814718726118 0.33916414946347806
35 1120 0.03555287086832978 0.32575540609304576 0.08788344411920972 0.08788344411920972 0.16720995776897443 0.32575540609304576
36 1152 0.03878568172000451 0.26882335566208926 0.08052587342125768 0.08052587342125768 0.18319341479317008 0.26882335566208926
37 1184 0.03919637669875094 0.25947011802680486 0.09248125397454621 0.09248125397454621 0.19408872231005206 0.25947011802680486
38 1216 0.035331540406665925 0.21176510558264816 0.09088695299718604 0.09088695299718604 0.1704006725283478 0.21176510558264816
39 1248 0.028635212433980303 0.19777204612698313 0.0920685784060228 0.0920685784060228 0.16106819125855532 0.19777204612698313
40 1280 0.025762105934430485 0.163408597143507 0.09059939393425405 0.09059939393425405 0.15145525144918617 0.163408597143507
41 1312 0.02690411654770435 0.15253439882054368 0.07492939237708934 0.07492939237708934 0.1336685284848603 0.15253439882054368
42 1344 0.029782573261442492 0.17343455807615493 0.06476668779681234 0.06476668779681234 0.12629787800391004 0.17343455807615493
43 1376 0.025331494005415733 0.142563231769682 0.06871405481389625 0.06871405481389625 0.1389959449743723 0.142563231769682
44 1408 0.02343930605367108 0.14285416526378508 0.07214380496905377 0.07214380496905377 0.1147568462673807 0.14285416526378508
45 1440 0.019714379443852792 0.12796510585881998 0.0697536306250445 0.0697536306250445 0.10453460310690683 0.12796510585881998
46 1472 0.019262028303154405 0.1297569410091265 0.07057953533018127 0.07057953533018127 0.10514670243069278 0.1297569410091265
47 1504 0.021573509875185987 0.13789804955588658 0.06647673117151699 0.06647673117151699 0.09083202085794426 0.13789804955588658
48 1536 0.02029151809070339 0.1390571391435978 0.07079768806721999 0.07079768806721999 0.08738025369324623 0.1390571391435978
49 1568 0.02083049763654848 0.1316625024519631 0.0632276370195549 0.0632276370195549 0.08459802970255212 0.1316625024519631
50 1600 0.020886092535108886 0.12873461718732104 0.0563580055124268 0.0563580055124268 0.08463402699231762 0.12873461718732104
51 1632 0.017776341730050573 0.1276386823509992 0.05066737360266377 0.05066737360266377 0.08350288139751527 0.1276386823509992
52 1664 0.016869076171315896 0.114550824211173 0.04129771551002255 0.04129771551002255 0.06843329920459222 0.114550824211173
53 1696 0.017313014044773988 0.1157548906499553 0.034112377584021754 0.034112377584021754 0.0663715909604503 0.1157548906499553
54 1728 0.018209995680719335 0.10077155798638057 0.027795178482292772 0.027795178482292772 0.07594216186998994 0.10077155798638057
55 1760 0.016335666266945874 0.12194407643570984 0.03191824999208721 0.03191824999208721 0.07389161675909672 0.12194407643570984
56 1792 0.014334588015858084 0.11225543295378072 0.03057109985650046 0.03057109985650046 0.07203806008987847 0.11225543295378072
57 1824 0.015883688366386532 0.10125104251343685 0.02748106322606978 0.02748106322606978 0.06528367167781661 0.10125104251343685
58 1856 0.013818588106987644 0.09655587633825692 0.02628361992266158 0.02628361992266158 0.06889310328960281 0.09655587633825692
59 1888 0.014673220968231175 0.11634287042297942 0.023247309187958025 0.023247309187958025 0.07004714629767778 0.11634287042297942
60 1920 0.01489022889723541 0.13563304758479225 0.020766369507995534 0.020766369507995534 0.06397055480603801 0.13563304758479225
61 1952 0.016632560820247177 0.13972491006760623 0.01734212567219543 0.01734212567219543 0.06624895880540686 0.13972491006760623
62 1984 0.016369629271792294 0.13618567793565525 0.0183817297735505 0.0183817297735505 0.05511120508471545 0.13618567793565525
63 2016 0.015249510475594443 0.1250197140986552 0.01885100037996078 0.01885100037996078 0.060853577940564 0.1250197140986552
64 2048 0.015521894574246808 0.12443436235750027 0.01939731017023076 0.01939731017023076 0.05000029478757812 0.12443436235750027
65 2080 0.014071539965980795 0.12136389954815895 0.01987508926994669 0.01987508926994669 0.05408038967710454 0.12136389954815895
66 2112 0.016506822829064474 0.11318792530628893 0.017591793679137404 0.017591793679137404 0.045860175928315705 0.11318792530628893
67 2144 0.015437805540895074 0.10120501666283024 0.018775190992635686 0.018775190992635686 0.050529654855616876 0.10120501666283024
68 2176 0.015111853857003072 0.11532543487984545 0.017999548169313876 0.017999548169313876 0.0482964255539337 0.11532543487984545
69 2208 0.014156288703595268 0.09153795985609342 0.02493177970101078 0.02493177970101078 0.049249481279981654 0.09153795985609342
70 2240 0.012905646481969828 0.10568354727070933 0.020696066581820275 0.020696066581820275 0.04947414219512139 0.10568354727070933
71 2272 0.011595552144245182 0.10931782527501731 0.018584218718770088 0.018584218718770088 0.043343084854017895 0.10931782527501731
72 2304 0.012395677887682746 0.09933907537876316 0.017668018908181687 0.017668018908181687 0.03350762820372594 0.09933907537876316
73 2336 0.011544041933609297 0.09923096481119405 0.016517813562447935 0.016517813562447935 0.03529660028744622 0.09923096481119405
74 2368 0.010627189596863892 0.09629336761493557 0.01554807061315079 0.01554807061315079 0.032797408047428166 0.09629336761493557
75 2400 0.010445821815364107 0.09078790179139103 0.01672778376188214 0.01672778376188214 0.033424183245868565 0.09078790179139103
76 2432 0.009267667633814829 0.08376026344762753 0.016483536789985476 0.016483536789985476 0.027490317840085605 0.08376026344762753
77 2464 0.009594051349855526 0.07654957320539464 0.016610992260041996 0.016610992260041996 0.02168005088257467 0.07654957320539464
78 2496 0.009290990703822746 0.08418313995341314 0.01602052855145055 0.01602052855145055 0.026387170002670934 0.08418313995341314
79 2528 0.009564952302345333 0.07926769614668773 0.012243755057754324 0.012243755057754324 0.0322602950408836 0.07926769614668773
80 2560 0.011394290529008432 0.06499707812971278 0.012330351091782736 0.012330351091782736 0.03067047849956462 0.06499707812971278
81 2592 0.010990296704983884 0.06263679713108897 0.011548257319429064 0.011548257319429064 0.0410037664333499 0.06263679713108897
82 2624 0.010614046572888064 0.057835949276770944 0.01174916726773469 0.01174916726773469 0.03232730772980548 0.057835949276770944
83 2656 0.00888026034966765 0.05669527031580485 0.010107752371103111 0.010107752371103111 0.03422273938695831 0.05669527031580485
84 2688 0.008765310395404355 0.04797556851577956 0.00971044987265212 0.00971044987265212 0.032124603057025254 0.04797556851577956
85 2720 0.01073704147891898 0.04990971402129338 0.009491698369499925 0.009491698369499925 0.02933482437686924 0.04990971402129338
86 2752 0.010001517475333828 0.05527849271198814 0.011147104367048764 0.011147104367048764 0.02645650282613614 0.05527849271198814
87 2784 0.009523464408137092 0.06772970697379584 0.012751741236717174 0.012751741236717174 0.024150599619372236 0.06772970697379584
88 2816 0.009678795677782395 0.06663939423687469 0.010017397409733694 0.010017397409733694 0.021726846014467636 0.06663939423687469
89 2848 0.008980232974582827 0.06519676661641796 0.010406787202569621 0.010406787202569621 0.0206408179978277 0.06519676661641796
90 2880 0.007143580258495112 0.06475217401616325 0.008789162060186251 0.008789162060186251 0.0206857509500417 0.06475217401616325
91 2912 0.006303468644463569 0.07432697176964163 0.00823943903870769 0.00823943903870769 0.019203186991398846 0.07432697176964163
92 2944 0.005805719297667913 0.07869047889759136 0.006892108198955094 0.006892108198955094 0.017294570308534325 0.07869047889759136
93 2976 0.005396149597879608 0.06416202441248288 0.006427314262746361 0.006427314262746361 0.016189033036333723 0.06416202441248288
94 3008 0.005646333514791674 0.054864510975800265 0.005977826129878736 0.005977826129878736 0.01526188987387011 0.054864510975800265
95 3040 0.005355281378327966 0.06339214976644789 0.00502619452013774 0.00502619452013774 0.015017747705866443 0.06339214976644789
96 3072 0.004760113334208086 0.054383141914845765 0.004523848711136683 0.004523848711136683 0.013108785493138904 0.054383141914845765
97 3104 0.0049458590372562505 0.05036263348457749 0.004810525404185576 0.004810525404185576 0.012302570294158379 0.05036263348457749
98 3136 0.0047506239710344645 0.05957580610410101 0.0039265853269515785 0.0039265853269515785 0.011588474696365068 0.05957580610410101
99 3168 0.004177476901652123 0.05395821751937859 0.0037251977145350713 0.0037251977145350713 0.01158438164425378 0.05395821751937859
100 3200 0.004775651697834696 0.05448641000158727 0.0032724215374187334 0.0032724215374187334 0.01026864140395519 0.05448641000158727
101 3232 0.004176191256858423 0.0575114499010806 0.0028642888711177135 0.0028642888711177135 0.010872982850475117 0.0575114499010806
102 3264 0.004488795916793994 0.05000013701107055 0.002817242366093422 0.002817242366093422 0.01273837572294442 0.05000013701107055
103 3296 0.0042972176009623934 0.052196504215234654 0.002231262459467162 0.002231262459467162 0.012117302239439234 0.052196504215234654
104 3328 0.004032039108346688 0.044739259829356746 0.0022470658066726227 0.0022470658066726227 0.010218664357919282 0.044739259829356746
105 3360 0.003649307299097935 0.044335844064439564 0.0022407565858474565 0.0022407565858474565 0.01116368975289128 0.044335844064439564
106 3392 0.003982470019183077 0.04021120712580571 0.0018937309394206681 0.0018937309394206681 0.010386702023548123 0.04021120712580571
107 3424 0.0044496551500006285 0.04199813610506027 0.0018676186364880052 0.0018676186364880052 0.008928424886948437 0.04199813610506027
108 3456 0.00442599639915747 0.04252899771164333 0.0018427944921244554 0.0018427944921244554 0.00958614500790339 0.04252899771164333
109 3488 0.004306725610102538 0.03853294480902864 0.0017248080596523275 0.0017248080596523275 0.00875048291852724 0.03853294480902864
110 3520 0.004004000282558787 0.03277246367542267 0.001847609424077183 0.001847609424077183 0.007689513022749013 0.03277246367542267
111 3552 0.004251224743341909 0.02922209513338757 0.0017719808673938929 0.0017719808673938929 0.009170736861619977 0.02922209513338757
