% # columns="iteration, evaluation, sigma, axis ratio, bestever, best, median, worst objective function value, further objective values of best", seed=1, Sun Feb 22 05:25:13 2026, <python>{}</python>
1 32 0.15534886328848116 1.0000333338888951 58.34521244802922 5.8345212448029223e+01 200.0 200.0   
2 64 0.16384148096001544 1.4100355055633131 58.34521244802922 6.3915233957008411e+01 200.0 200.0   
3 96 0.14234819329936382 1.7068733544088128 58.34521244802922 6.3339214955256402e+01 200.0 200.0   
4 128 0.15070804702550902 1.6573344908363272 58.12800070956659 5.8128000709566592e+01 134.09592426246022 200.0   
5 160 0.1645446674543011 1.959394022744769 56.34341188996971 5.6343411889969708e+01 187.93812123260258 200.0   
6 192 0.15221899132375977 2.4648512313214694 56.34341188996971 5.7056551653830503e+01 181.5345416333824 200.0   
7 224 0.20602394048059683 2.8705184544200995 56.34341188996971 5.6375870614354582e+01 74.92326905080604 200.0   
8 256 0.1872137078515492 3.2218053062988674 56.34341188996971 5.7432706248580701e+01 200.0 200.0   
9 288 0.18604090221846925 2.894684970785705 54.44712918657031 5.4447129186570308e+01 200.0 200.0   
10 320 0.2042567698672437 2.8899884419063295 54.44712918657031 5.4887646416267991e+01 64.75580778646075 200.0   
11 352 0.2081420525626093 2.4427870073328775 54.44712918657031 5.5762529953223968e+01 194.25971461120585 200.0   
12 384 0.17572452351314422 2.1084468763316524 54.44712918657031 5.4872230093039278e+01 60.49319856118667 200.0   
13 416 0.18183972848879196 2.2788179371160378 54.22297237334098 5.4222972373340980e+01 57.74264839195268 200.0   
14 448 0.1398639166279128 2.8518631221432726 54.22297237334098 5.4511803388355403e+01 195.74466272202378 200.0   
15 480 0.15986304804997606 2.902405643100965 54.084918078561174 5.4084918078561174e+01 56.043655022992674 200.0   
16 512 0.13136994101689584 2.517672294505787 53.47695020805389 5.3476950208053893e+01 157.51431977961622 200.0   
17 544 0.14161201029414083 3.2717223949941148 53.47695020805389 5.3746676200660225e+01 55.48203829922375 200.0   
18 576 0.13418282252808053 4.620200112120728 53.47695020805389 5.4131446695405366e+01 87.83015477500417 200.0   
19 608 0.11890467836317492 6.057545272401689 53.47695020805389 5.3884137012905938e+01 57.566586665750556 200.0   
20 640 0.13076360871814394 6.142981547264594 53.47695020805389 5.3648715146605497e+01 54.83565709352549 200.0   
21 672 0.11914027280098488 8.388158030491793 53.47695020805389 5.3903215874238498e+01 59.65334906221079 200.0   
22 704 0.1096825328439297 9.21870830704807 53.47695020805389 5.3840081812331825e+01 60.93140808894954 200.0   
23 736 0.10201064223929653 8.279092756156565 53.42983068781515 5.3429830687815148e+01 54.85059512894115 200.0   
24 768 0.1175054708632651 9.037208050560034 53.42983068781515 5.3856521656686354e+01 55.212327631091036 200.0   
25 800 0.09670714633725593 5.983344525266434 53.42983068781515 5.3933857319766730e+01 60.9627464378643 200.0   
26 832 0.08468687933610342 6.104341367433193 53.42983068781515 5.3706928818554090e+01 55.11605467711678 200.0   
27 864 0.08403889787630625 5.876916807724428 53.42983068781515 5.3664221108735681e+01 54.777919647763696 200.0   
28 896 0.08413547070451628 5.604249091152052 53.42983068781515 5.3726381705648876e+01 54.576244420081274 200.0   
29 928 0.08424945813985651 6.145068058746553 53.42983068781515 5.3858190840475146e+01 54.59336987392282 200.0   
30 960 0.09874071696104995 6.691855284988682 53.42983068781515 5.3788656057588106e+01 54.573858472847434 200.0   
31 992 0.100342356969364 6.058625532153885 53.42983068781515 5.3740951123172934e+01 55.285675015311014 200.0   
32 1024 0.09694861972993692 7.306705173330844 53.42983068781515 5.3687984391251064e+01 55.23996163459311 200.0   
33 1056 0.08983548962644719 6.236151227454331 53.42983068781515 5.3469704848451201e+01 55.31049481129244 200.0   
34 1088 0.09933929504634084 7.407887909582115 53.42983068781515 5.3885037994646964e+01 54.047809637086466 200.0   
35 1120 0.08700806041994999 7.420846842102867 53.42983068781515 5.3629627232681131e+01 54.09349061613247 200.0   
36 1152 0.08856915815886901 7.33025218102529 53.42983068781515 5.3616933651607667e+01 55.16940923480636 200.0   
37 1184 0.1154994985276344 7.572728468095023 53.42983068781515 5.3823356471658407e+01 54.017871173660296 200.0   
38 1216 0.10594181619257727 10.245053088061729 53.42983068781515 5.3873217593931948e+01 55.2277561673395 200.0   
39 1248 0.12506695370451576 11.317998701545621 53.42983068781515 5.3731775706554437e+01 200.0 200.0   
40 1280 0.13841751195085983 15.121070325234987 53.42983068781515 5.3504762518729677e+01 54.05072951644972 200.0   
41 1312 0.14256364729094564 17.001111248678182 53.42983068781515 5.3507006746124468e+01 53.91735650378277 200.0   
42 1344 0.13190341136900738 25.155950489106726 53.42983068781515 5.3685043286710652e+01 54.09673753948027 200.0   
43 1376 0.154640324072577 22.216089059139545 53.42983068781515 5.3688920292857709e+01 54.051180037673156 200.0   
44 1408 0.16503623810757878 26.779153238275956 53.42983068781515 5.3707377328972932e+01 54.02665418775771 200.0   
45 1440 0.16298380448247018 27.25273443215137 53.42983068781515 5.3444018560914422e+01 55.21572520939217 200.0   
46 1472 0.16559220072505884 25.896968932891667 53.42983068781515 5.3498660807739377e+01 54.03945955084336 200.0   
47 1504 0.15201441047138547 25.72272942129254 53.42983068781515 5.3539694235827156e+01 53.95461573089828 200.0   
48 1536 0.13281902712457297 24.944926591006393 53.42983068781515 5.3814609384532126e+01 55.28432332425749 200.0   
49 1568 0.12719052685035628 24.60305642443333 53.42983068781515 5.3780846455021958e+01 55.25934791441237 200.0   
50 1600 0.13251551084097413 29.36706811439523 53.42983068781515 5.3466554886003202e+01 53.92330489771753 200.0   
51 1632 0.11393236831654714 28.912385068531517 53.42983068781515 5.3506864661585752e+01 53.891126836514665 200.0   
52 1664 0.11919141347624976 21.63660688155118 53.42983068781515 5.3697051037445277e+01 55.2695595888873 200.0   
53 1696 0.11609193623662704 20.9470340401524 53.42983068781515 5.3687119766384200e+01 53.87255934171474 200.0   
54 1728 0.129028586908783 17.5237145853036 53.42983068781515 5.3664864818130745e+01 53.878494450863734 200.0   
55 1760 0.13020889526437288 16.674454470684914 53.42983068781515 5.3685927576664447e+01 53.870730910231224 200.0   
56 1792 0.12681844782568727 15.395304914049536 53.42983068781515 5.3476986242982932e+01 53.85984171641423 200.0   
57 1824 0.14238280048408355 15.369058024566232 53.42983068781515 5.3680324029455903e+01 53.87214928369787 55.320830627018694   
58 1856 0.1334988145440068 13.111193290710755 53.42983068781515 5.3500979182265212e+01 53.857717858440104 200.0   
59 1888 0.12842916497345697 10.004478073971447 53.42983068781515 5.3651911587823093e+01 53.87601422381778 200.0   
60 1920 0.14826871855475643 8.796937338115088 53.382848145929295 5.3382848145929295e+01 53.85912625097086 200.0   
61 1952 0.14478664413042594 10.320142009306423 53.382848145929295 5.3443607929529115e+01 55.238491710901535 200.0   
62 1984 0.14114794970810599 13.661602941275392 53.382848145929295 5.3458536648132203e+01 53.86841436168617 200.0   
63 2016 0.16890461353212938 14.91397607270595 53.382848145929295 5.3767288788463077e+01 53.879866968551504 200.0   
64 2048 0.1869021780845734 9.62312709678916 53.382848145929295 5.3677239616624689e+01 53.86583640490669 200.0   
65 2080 0.21527260392039108 8.318745360673864 53.382848145929295 5.3773448139925350e+01 55.24040816881643 200.0   
66 2112 0.23238458717295557 9.593163299803544 53.382848145929295 5.3454261500809793e+01 53.94409942297145 200.0   
67 2144 0.1876904133196432 10.057176108070967 53.382848145929295 5.3543492011846666e+01 55.23254161771094 200.0   
68 2176 0.1622682740848345 10.763957616645108 53.382848145929295 5.3515817294478985e+01 53.889759072510266 200.0   
69 2208 0.1593812359860568 7.48936906101138 53.382848145929295 5.3465564249917335e+01 53.86082401405551 200.0   
70 2240 0.1620797616918102 7.708211999441546 53.382848145929295 5.3555961882913536e+01 53.85316362140388 200.0   
71 2272 0.18497767479555682 8.011934470431534 53.382848145929295 5.3477598425827466e+01 53.865730400847745 200.0   
72 2304 0.15068905520609924 8.787657155488523 53.382848145929295 5.3736725186178688e+01 53.87427267686646 200.0   
73 2336 0.1607899151367726 8.992522342723555 53.382848145929295 5.3675354881755112e+01 53.85964517902982 200.0   
74 2368 0.1599716141446309 14.412330144076542 53.382848145929295 5.3736716098437256e+01 53.87161931358872 200.0   
75 2400 0.15145963351202027 13.635354757863679 53.382848145929295 5.3561700372359290e+01 53.877233466024215 200.0   
76 2432 0.16401621496420862 13.650313425776893 53.382848145929295 5.3691196821414835e+01 55.25778509490516 200.0   
77 2464 0.16260924129324467 15.231458428905572 53.382848145929295 5.3452796269047077e+01 53.82682800907903 200.0   
78 2496 0.1513885529860279 19.97913198045984 53.382848145929295 5.3408237500790790e+01 53.8715306603395 200.0   
79 2528 0.15524901031653685 16.325232002952205 53.382848145929295 5.3499999964698688e+01 55.24230394870678 200.0   
80 2560 0.15104020169546778 17.402291290147932 53.382848145929295 5.3657448348225010e+01 53.87328785211291 200.0   
81 2592 0.17464058756396622 15.265671917978683 53.382848145929295 5.3555291832818583e+01 53.89162666824479 200.0   
82 2624 0.1646871672868344 15.772914294994626 53.30195708845761 5.3301957088457613e+01 53.90187476983142 200.0   
83 2656 0.16032394407957698 15.465671739682977 53.30195708845761 5.3715348360535579e+01 55.25786959300719 200.0   
84 2688 0.17258935961503774 11.462274687656356 53.30195708845761 5.3698567854678494e+01 53.865974770484875 200.0   
85 2720 0.16867651466231776 14.584036056940281 53.30195708845761 5.3549695127561300e+01 53.87502575057738 200.0   
86 2752 0.1952367312703082 17.56456891332284 53.30195708845761 5.3502712164530237e+01 53.866837415671746 200.0   
87 2784 0.1770825518847521 14.706457003983754 53.30195708845761 5.3666056876087914e+01 55.27104534796242 200.0   
88 2816 0.17130708955477084 14.350226695591136 53.30195708845761 5.3648542261699689e+01 53.90189503219342 200.0   
89 2848 0.2013443345530895 18.276999931233746 53.30195708845761 5.3639217457371259e+01 53.872404586956065 200.0   
90 2880 0.21084656272558258 21.1250703368436 53.30195708845761 5.3681697210360745e+01 53.86624607054031 200.0   
91 2912 0.21988739583756706 17.70919854768918 53.30195708845761 5.3470562129876015e+01 53.851967555642105 200.0   
92 2944 0.2448284321503043 20.697792012159976 53.30195708845761 5.3448934730542575e+01 53.88000636166088 200.0   
93 2976 0.23854553409709311 22.562102161427926 53.30195708845761 5.3698917244661409e+01 53.86011255554639 200.0   
94 3008 0.20550022196973305 19.77686963928017 53.30195708845761 5.3699584136355050e+01 53.87745350957793 200.0   
95 3040 0.18827261457233443 28.758651419343348 53.30195708845761 5.3715668023753814e+01 53.85805296604622 200.0   
96 3072 0.16315144728421893 30.157135201596983 53.30195708845761 5.3746889422534267e+01 53.85715161003749 200.0   
97 3104 0.15790299746069975 32.218042412204106 53.30195708845761 5.3480517160845487e+01 53.85765847550818 200.0   
98 3136 0.1540386969961641 47.16406519182828 53.30195708845761 5.3793225573158423e+01 53.87061372722213 200.0   
99 3168 0.15752540183114105 38.76443812017758 53.30195708845761 5.3645756106538045e+01 53.861363459947654 200.0   
100 3200 0.13044032138173114 31.71922603372294 53.30195708845761 5.3682987565366275e+01 53.854288214252534 200.0   
101 3232 0.11081070044162286 38.72152250696526 53.30195708845761 5.3503952126449207e+01 53.854899945076795 200.0   
