% # columns="iteration, evaluation, sigma, max axis length,  min axis length, all principal axes lengths  (sorted square roots of eigenvalues of C)", seed=1, Sun Feb 22 05:25:13 2026
1 32 0.15534886328848116 1.0000333338888951 1.0 1.0 1.0000166668055563 1.0000333338888951
2 64 0.16384148096001544 1.1044559901709272 0.7832823966582984 0.7832823966582984 0.8583232818001885 1.1044559901709272
3 96 0.14234819329936382 1.090693450973447 0.6390008070348113 0.6390008070348113 0.8052047459367363 1.090693450973447
4 128 0.15070804702550902 0.9093284864910016 0.5486692586914875 0.5486692586914875 0.7532590350130934 0.9093284864910016
5 160 0.1645446674543011 0.8733401754667482 0.4457195262050208 0.4457195262050208 0.792341944506915 0.8733401754667482
6 192 0.15221899132375977 0.9367911941229315 0.38005993311843567 0.38005993311843567 0.7559735245836444 0.9367911941229315
7 224 0.20602394048059683 0.9567636464583134 0.3333069135943243 0.3333069135943243 0.5977970512740096 0.9567636464583134
8 256 0.1872137078515492 0.9750388109377003 0.3026374092287412 0.3026374092287412 0.515035054229449 0.9750388109377003
9 288 0.18604090221846925 0.7632256256140464 0.26366448622797245 0.26366448622797245 0.4000759665214957 0.7632256256140464
10 320 0.2042567698672437 0.6453319495719317 0.22329914549632246 0.22329914549632246 0.3651960182591719 0.6453319495719317
11 352 0.2081420525626093 0.5381169672490227 0.22028812402951092 0.22028812402951092 0.2883019154694783 0.5381169672490227
12 384 0.17572452351314422 0.4296551546830386 0.2037780318328756 0.2037780318328756 0.253044056480078 0.4296551546830386
13 416 0.18183972848879196 0.35008197747981284 0.15362437331121753 0.15362437331121753 0.1970071317316483 0.35008197747981284
14 448 0.1398639166279128 0.35107942655537544 0.12310528644569985 0.12310528644569985 0.19301484936614088 0.35107942655537544
15 480 0.15986304804997606 0.2900065313169655 0.09991936585649658 0.09991936585649658 0.14857195889878147 0.2900065313169655
16 512 0.13136994101689584 0.24216239615913052 0.09618503436193486 0.09618503436193486 0.13759946850745897 0.24216239615913052
17 544 0.14161201029414083 0.2606408945438184 0.0796647340687006 0.0796647340687006 0.11621939274680348 0.2606408945438184
18 576 0.13418282252808053 0.2841422360871907 0.06149998467420623 0.06149998467420623 0.1095922032101424 0.2841422360871907
19 608 0.11890467836317492 0.28961775709377247 0.04781107595072833 0.04781107595072833 0.11099636122006114 0.28961775709377247
20 640 0.13076360871814394 0.24709578405838709 0.04022408046601023 0.04022408046601023 0.10033507905250659 0.24709578405838709
21 672 0.11914027280098488 0.2410320928461712 0.02873480589779013 0.02873480589779013 0.10736963077457547 0.2410320928461712
22 704 0.1096825328439297 0.2294501267171679 0.024889617837430017 0.024889617837430017 0.10085760142120619 0.2294501267171679
23 736 0.10201064223929653 0.20991109897869897 0.025354360092487573 0.025354360092487573 0.08569784231118029 0.20991109897869897
24 768 0.1175054708632651 0.21520235393456522 0.023812924603548235 0.023812924603548235 0.07527893732924594 0.21520235393456522
25 800 0.09670714633725593 0.19312317619814573 0.032276793586367335 0.032276793586367335 0.06947685779321601 0.19312317619814573
26 832 0.08468687933610342 0.17987079391739708 0.029466044424876377 0.029466044424876377 0.06489754038214741 0.17987079391739708
27 864 0.08403889787630625 0.15295517927313937 0.026026432613798455 0.026026432613798455 0.06065614774069046 0.15295517927313937
28 896 0.08413547070451628 0.13421675608458042 0.02394910609817127 0.02394910609817127 0.06075024083624441 0.13421675608458042
29 928 0.08424945813985651 0.14275544014229027 0.023230896513684665 0.023230896513684665 0.0548879195172268 0.14275544014229027
30 960 0.09874071696104995 0.13463881313238488 0.02011980346233871 0.02011980346233871 0.05102305734141996 0.13463881313238488
31 992 0.100342356969364 0.13719476269886408 0.022644535789636492 0.022644535789636492 0.041414223227253605 0.13719476269886408
32 1024 0.09694861972993692 0.1383144895012599 0.01892980299877184 0.01892980299877184 0.028837732829086513 0.1383144895012599
33 1056 0.08983548962644719 0.1166750394665292 0.018709462809829467 0.018709462809829467 0.0239697147858454 0.1166750394665292
34 1088 0.09933929504634084 0.11892834578468438 0.016054285274869018 0.016054285274869018 0.019871833256685165 0.11892834578468438
35 1120 0.08700806041994999 0.11685640014214169 0.015747043784699342 0.015747043784699342 0.01870794603733722 0.11685640014214169
36 1152 0.08856915815886901 0.09997291476864573 0.013638400466962164 0.013638400466962164 0.01696090660832385 0.09997291476864573
37 1184 0.1154994985276344 0.08374132397603498 0.011058276330499507 0.011058276330499507 0.019357069079562767 0.08374132397603498
38 1216 0.10594181619257727 0.1079309406949548 0.01053493230022631 0.01053493230022631 0.017760790349333002 0.1079309406949548
39 1248 0.12506695370451576 0.11726471780075076 0.010360905747827725 0.010360905747827725 0.013512571894426666 0.11726471780075076
40 1280 0.13841751195085983 0.1298036902274172 0.008584292476359473 0.008584292476359473 0.012463248843976532 0.1298036902274172
41 1312 0.14256364729094564 0.12806326823892264 0.00753264103538405 0.00753264103538405 0.010744155121206831 0.12806326823892264
42 1344 0.13190341136900738 0.1633175331615665 0.00649220283814312 0.00649220283814312 0.00958995172057802 0.1633175331615665
43 1376 0.154640324072577 0.14242958576219225 0.0064111007739950385 0.0064111007739950385 0.00818094160489329 0.14242958576219225
44 1408 0.16503623810757878 0.18485537500072363 0.006902958183775068 0.006902958183775068 0.007804974846907985 0.18485537500072363
45 1440 0.16298380448247018 0.15992926321468912 0.005868374918959061 0.005868374918959061 0.008145237581709463 0.15992926321468912
46 1472 0.16559220072505884 0.1410073933931777 0.005444938122240422 0.005444938122240422 0.00737611276146033 0.1410073933931777
47 1504 0.15201441047138547 0.1287656839319187 0.005005910602369053 0.005005910602369053 0.009202676414508108 0.1287656839319187
48 1536 0.13281902712457297 0.10761937992398836 0.0043142792796507685 0.0043142792796507685 0.009035098657290378 0.10761937992398836
49 1568 0.12719052685035628 0.09583759425424236 0.0038953531870563004 0.0038953531870563004 0.008842056133459576 0.09583759425424236
50 1600 0.13251551084097413 0.08997549737563601 0.0030638229538321386 0.0030638229538321386 0.00800807540563289 0.08997549737563601
51 1632 0.11393236831654714 0.08450958561743906 0.002922954485322624 0.002922954485322624 0.007064728276983421 0.08450958561743906
52 1664 0.11919141347624976 0.06371677907242712 0.0029448600430392025 0.0029448600430392025 0.006232294507199482 0.06371677907242712
53 1696 0.11609193623662704 0.052115030936217104 0.002487943201711527 0.002487943201711527 0.006615920770657496 0.052115030936217104
54 1728 0.129028586908783 0.04151397266289593 0.0023690167093746175 0.0023690167093746175 0.006716398008618212 0.04151397266289593
55 1760 0.13020889526437288 0.03784572640948288 0.0022696830337699406 0.0022696830337699406 0.007491100830680593 0.03784572640948288
56 1792 0.12681844782568727 0.03364015311129524 0.00218509170809574 0.00218509170809574 0.006631385575217348 0.03364015311129524
57 1824 0.14238280048408355 0.03244306644989862 0.002110933955616598 0.002110933955616598 0.005619488209216919 0.03244306644989862
58 1856 0.1334988145440068 0.03214034683614055 0.002451367020796795 0.002451367020796795 0.006076802886736579 0.03214034683614055
59 1888 0.12842916497345697 0.027975051656090925 0.0027962529828390896 0.0027962529828390896 0.00504259450492724 0.027975051656090925
60 1920 0.14826871855475643 0.023892499177261873 0.002716001974203138 0.002716001974203138 0.00472424988025932 0.023892499177261873
61 1952 0.14478664413042594 0.026840601782683753 0.0026007977175585015 0.0026007977175585015 0.004306778975573573 0.026840601782683753
62 1984 0.14114794970810599 0.029419333855098005 0.0021534320666145444 0.0021534320666145444 0.003959606079671312 0.029419333855098005
63 2016 0.16890461353212938 0.029784954394470882 0.0019971169491803257 0.0019971169491803257 0.004114534107252093 0.029784954394470882
64 2048 0.1869021780845734 0.02339448754562445 0.002431069163934271 0.002431069163934271 0.004102489363400913 0.02339448754562445
65 2080 0.21527260392039108 0.020558575687681848 0.002471355330200478 0.002471355330200478 0.003857667143950706 0.020558575687681848
66 2112 0.23238458717295557 0.022675173814647863 0.0023636805823072167 0.0023636805823072167 0.003367402964035937 0.022675173814647863
67 2144 0.1876904133196432 0.024280165955914566 0.0024142130648810585 0.0024142130648810585 0.0031614244704722834 0.024280165955914566
68 2176 0.1622682740848345 0.02219656771112951 0.0020621195754993785 0.0020621195754993785 0.00257001203851097 0.02219656771112951
69 2208 0.1593812359860568 0.017181879904134077 0.0022941692102717397 0.0022941692102717397 0.002526150772507222 0.017181879904134077
70 2240 0.1620797616918102 0.016993108870628975 0.002204546121961891 0.002204546121961891 0.0023750412009720867 0.016993108870628975
71 2272 0.18497767479555682 0.017128094966098673 0.0021378226481146108 0.0021378226481146108 0.002344089213926174 0.017128094966098673
72 2304 0.15068905520609924 0.016468168193650132 0.001874011229871955 0.001874011229871955 0.0028472515007978436 0.016468168193650132
73 2336 0.1607899151367726 0.015067768893053978 0.0016755887079053305 0.0016755887079053305 0.00277891014025391 0.015067768893053978
74 2368 0.1599716141446309 0.016641101567321646 0.0011546433783409498 0.0011546433783409498 0.0028783903468191535 0.016641101567321646
75 2400 0.15145963351202027 0.015671417369431673 0.0011493223057063308 0.0011493223057063308 0.0029029074874172794 0.015671417369431673
76 2432 0.16401621496420862 0.01410810187999357 0.0010335368456340498 0.0010335368456340498 0.0024528467822824995 0.01410810187999357
77 2464 0.16260924129324467 0.015496122608839775 0.0010173761548291354 0.0010173761548291354 0.0024369603980050804 0.015496122608839775
78 2496 0.1513885529860279 0.017960117122523087 0.0008989438149809807 0.0008989438149809807 0.002701243882046319 0.017960117122523087
79 2528 0.15524901031653685 0.01471964047743907 0.0009016496962969479 0.0009016496962969479 0.002786329497534089 0.01471964047743907
80 2560 0.15104020169546778 0.014416682220522888 0.0008284358639993973 0.0008284358639993973 0.0022558289127771356 0.014416682220522888
81 2592 0.17464058756396622 0.012581080703688222 0.000824141955315523 0.000824141955315523 0.0017966521326496546 0.012581080703688222
82 2624 0.1646871672868344 0.013686704148883023 0.0008677346426225342 0.0008677346426225342 0.001889545679924256 0.013686704148883023
83 2656 0.16032394407957698 0.014291994346216579 0.0009241108040296182 0.0009241108040296182 0.0017456275509545223 0.014291994346216579
84 2688 0.17258935961503774 0.011855048231137968 0.001034266631553036 0.001034266631553036 0.001650024213104266 0.011855048231137968
85 2720 0.16867651466231776 0.013537714692699756 0.0009282557064343928 0.0009282557064343928 0.001601724228730453 0.013537714692699756
86 2752 0.1952367312703082 0.013619969786690835 0.000775422946837027 0.000775422946837027 0.0015041795726662634 0.013619969786690835
87 2784 0.1770825518847521 0.012675249134539344 0.0008618832619648508 0.0008618832619648508 0.001525166803087624 0.012675249134539344
88 2816 0.17130708955477084 0.011423856583082512 0.0007960749906893317 0.0007960749906893317 0.0014541110742724564 0.011423856583082512
89 2848 0.2013443345530895 0.012086974047420653 0.0006613215567597121 0.0006613215567597121 0.0014527167315328425 0.012086974047420653
90 2880 0.21084656272558258 0.013027116491852682 0.0006166661830769141 0.0006166661830769141 0.0014496823516036083 0.013027116491852682
91 2912 0.21988739583756706 0.0132526503030968 0.0007483483946158646 0.0007483483946158646 0.0014790261033640214 0.0132526503030968
92 2944 0.2448284321503043 0.013880293541463772 0.0006706171138114193 0.0006706171138114193 0.001866168786836919 0.013880293541463772
93 2976 0.23854553409709311 0.014089967284163568 0.000624497096208159 0.000624497096208159 0.0016860529139484202 0.014089967284163568
94 3008 0.20550022196973305 0.012480888618958467 0.0006310851437362632 0.0006310851437362632 0.0015122724682590152 0.012480888618958467
95 3040 0.18827261457233443 0.01563599278529634 0.0005436970098945397 0.0005436970098945397 0.0011950593907288944 0.01563599278529634
96 3072 0.16315144728421893 0.014339317998449666 0.000475486743107161 0.000475486743107161 0.0009633006692652184 0.014339317998449666
97 3104 0.15790299746069975 0.013462288532129206 0.0004178493640268388 0.0004178493640268388 0.0008183296045999388 0.013462288532129206
98 3136 0.1540386969961641 0.015890792968705148 0.0003369258545478054 0.0003369258545478054 0.0006789299331727694 0.015890792968705148
99 3168 0.15752540183114105 0.012848905915423042 0.0003314611674645932 0.0003314611674645932 0.0006846893113488368 0.012848905915423042
100 3200 0.13044032138173114 0.010524478087355377 0.00033180122605028456 0.00033180122605028456 0.0005203466228253905 0.010524478087355377
101 3232 0.11081070044162286 0.01057287821901706 0.00027304913480907686 0.00027304913480907686 0.0005572896705328555 0.01057287821901706
