% # columns="iteration, evaluation, sigma, void, void,  stds==sigma*sqrt(diag(C))", seed=1, Sun Feb 22 05:25:13 2026, <python>{}</python>
1 32 0.15534886328848116 0 0 0.16754950944899455 0.12798100740864035 0.13256052362747783
2 64 0.16384148096001544 0 0 0.16990284604203335 0.10509113849019737 0.1427876906883908
3 96 0.14234819329936382 0 0 0.12922276574778196 0.0783905212344173 0.10727811172154257
4 128 0.15070804702550902 0 0 0.11951669265274636 0.0682815733021105 0.1309527857849376
5 160 0.1645446674543011 0 0 0.1513078070288125 0.06693448540892348 0.12557934841530297
6 192 0.15221899132375977 0 0 0.14160192311073766 0.06189100480436915 0.09046047587043328
7 224 0.20602394048059683 0 0 0.19166789782136398 0.08254041226454226 0.10931897089422621
8 256 0.1872137078515492 0 0 0.13819960303880532 0.06097508997057044 0.0751394479140923
9 288 0.18604090221846925 0 0 0.11682831941522784 0.04785389737434744 0.06940418086069525
10 320 0.2042567698672437 0 0 0.10868084370221828 0.045796339019186394 0.06053591122823299
11 352 0.2081420525626093 0 0 0.08910256051393436 0.04483647769696732 0.0511964174868596
12 384 0.17572452351314422 0 0 0.06111797435740172 0.02958006988339696 0.033185998164565265
13 416 0.18183972848879196 0 0 0.06345646091986547 0.02598266704634018 0.03326723610837817
14 448 0.1398639166279128 0 0 0.04026240304642994 0.014784642243190916 0.020801217538807978
15 480 0.15986304804997606 0 0 0.03869508953765978 0.018068255365014572 0.019880048390611277
16 512 0.13136994101689584 0 0 0.033566544095796264 0.01362805378286515 0.014233703283094853
17 544 0.14161201029414083 0 0 0.03839983803892151 0.015569272766293274 0.014793554214346135
18 576 0.13418282252808053 0 0 0.0382837997317904 0.012324017278161544 0.012477431435285388
19 608 0.11890467836317492 0 0 0.02909085142182805 0.009769484596843871 0.00931242991247599
20 640 0.13076360871814394 0 0 0.03148238723558513 0.010799239231101567 0.009842540593548863
21 672 0.11914027280098488 0 0 0.027072722752011086 0.009338110129362658 0.008963691749531379
22 704 0.1096825328439297 0 0 0.022817077539031887 0.007198600655072316 0.007330186783955319
23 736 0.10201064223929653 0 0 0.0213986351183103 0.006424987165511201 0.006900790053188644
24 768 0.1175054708632651 0 0 0.022252820530462153 0.0065717507703330355 0.00759155337530216
25 800 0.09670714633725593 0 0 0.017118614496659527 0.004700450550314984 0.005911559052185312
26 832 0.08468687933610342 0 0 0.012657861657709137 0.00386157274972764 0.004888685402894825
27 864 0.08403889787630625 0 0 0.0111940813926151 0.0034759259382050197 0.004466733378897147
28 896 0.08413547070451628 0 0 0.011958012578045237 0.0032111853992554612 0.00401245575786981
29 928 0.08424945813985651 0 0 0.011304329393130693 0.0031090125822584866 0.003545032640572884
30 960 0.09874071696104995 0 0 0.013470534896879152 0.003396071518534046 0.003499466552080444
31 992 0.100342356969364 0 0 0.013808574384571202 0.0024637872356095534 0.0028027321423936165
32 1024 0.09694861972993692 0 0 0.011246755224918886 0.0021180524496065087 0.0023799762461658358
33 1056 0.08983548962644719 0 0 0.010646513801337663 0.0014734183904955157 0.0019736606624640705
34 1088 0.09933929504634084 0 0 0.011571062572722593 0.0016913486240948997 0.001976453035692592
35 1120 0.08700806041994999 0 0 0.008657125438968207 0.001222137106960397 0.0016761616019360266
36 1152 0.08856915815886901 0 0 0.007390865356315911 0.0011270797767708597 0.0017360169576662058
37 1184 0.1154994985276344 0 0 0.012415545915420682 0.0014085384497579219 0.002226942969568623
38 1216 0.10594181619257727 0 0 0.01240598319876217 0.0011673826598976608 0.0015230850964005232
39 1248 0.12506695370451576 0 0 0.01617532600830216 0.0012353303084995763 0.001990677243498534
40 1280 0.13841751195085983 0 0 0.017650756051310737 0.0012652867815670064 0.002089691288783032
41 1312 0.14256364729094564 0 0 0.023194019314062737 0.0013023840712764047 0.0022741689779488903
42 1344 0.13190341136900738 0 0 0.0187203944078428 0.001069985172789597 0.0017974845038869608
43 1376 0.154640324072577 0 0 0.028467641100045113 0.0012467848929426835 0.0027928545551039563
44 1408 0.16503623810757878 0 0 0.026276413490581248 0.001405254466760887 0.0026401039153864316
45 1440 0.16298380448247018 0 0 0.02288351387550619 0.0011749227162614958 0.0023164324992281417
46 1472 0.16559220072505884 0 0 0.021212198448711167 0.001190901579468736 0.002507338834981773
47 1504 0.15201441047138547 0 0 0.0162747185236211 0.0010967169405601026 0.001971533581500728
48 1536 0.13281902712457297 0 0 0.012652581602263497 0.0009364016082611317 0.0016465348009266786
49 1568 0.12719052685035628 0 0 0.011385623579204236 0.0009076052589455929 0.0013034479329133203
50 1600 0.13251551084097413 0 0 0.01113310720872475 0.0009387786558215867 0.0012700025259292618
51 1632 0.11393236831654714 0 0 0.0072180245669575425 0.0007096162039321756 0.000843955869667765
52 1664 0.11919141347624976 0 0 0.006172601662906098 0.00071613119775618 0.000825034648192081
53 1696 0.11609193623662704 0 0 0.004790121641969952 0.0007197405066011674 0.0006687948467043021
54 1728 0.129028586908783 0 0 0.0048465107387655575 0.0008733172576265323 0.0007836561642738343
55 1760 0.13020889526437288 0 0 0.0043506707751740335 0.0008005662115404278 0.0006662177056464717
56 1792 0.12681844782568727 0 0 0.00409085901764845 0.0006729936500406528 0.0005653426423208751
57 1824 0.14238280048408355 0 0 0.004551199341451642 0.0008906504570162684 0.0005528847210209041
58 1856 0.1334988145440068 0 0 0.003719099204276607 0.0006876422746676461 0.0004852618719525028
59 1888 0.12842916497345697 0 0 0.0030532604800982046 0.0006296977560555298 0.00043189010539631054
60 1920 0.14826871855475643 0 0 0.003944825616979537 0.0007590875198577846 0.0005059499846025933
61 1952 0.14478664413042594 0 0 0.004225986993673567 0.0006888944612593295 0.00048570356872834175
62 1984 0.14114794970810599 0 0 0.00416700606598195 0.0007733069511898376 0.0003593478198647465
63 2016 0.16890461353212938 0 0 0.003906449610933538 0.0007895273154050396 0.0006155569648321332
64 2048 0.1869021780845734 0 0 0.0037976986341046967 0.0007988909438799383 0.0006609286444231045
65 2080 0.21527260392039108 0 0 0.004836240376848039 0.0009188189295519905 0.000615203136182515
66 2112 0.23238458717295557 0 0 0.005589769344168295 0.0009391457915480659 0.0007502852319729913
67 2144 0.1876904133196432 0 0 0.004134153319229323 0.0006141517125310168 0.0005199219950702802
68 2176 0.1622682740848345 0 0 0.0027641177856246274 0.0004956766180226822 0.00044037412606188987
69 2208 0.1593812359860568 0 0 0.0026823822372341044 0.00048248686467565564 0.00041727113743550887
70 2240 0.1620797616918102 0 0 0.002740077413920407 0.0004268762736052753 0.0005300831504467004
71 2272 0.18497767479555682 0 0 0.002999564745805208 0.0004499762257335051 0.0006908603461565
72 2304 0.15068905520609924 0 0 0.0022470448466161055 0.000333927886957675 0.0004835023716869011
73 2336 0.1607899151367726 0 0 0.0026586677814839227 0.00028177515140892897 0.0005101367230294293
74 2368 0.1599716141446309 0 0 0.0024932287372407646 0.00029583143639399904 0.00048032085956585925
75 2400 0.15145963351202027 0 0 0.0021228987237142142 0.00023640061494495284 0.00040729114956184826
76 2432 0.16401621496420862 0 0 0.0025340024519386766 0.0002625726507397431 0.0003966120657760073
77 2464 0.16260924129324467 0 0 0.002916052128853791 0.00022891436800225463 0.00043330507048263154
78 2496 0.1513885529860279 0 0 0.0022194355915363235 0.00024005650416750141 0.0004227782080537854
79 2528 0.15524901031653685 0 0 0.0022289473625804867 0.00021917178008681797 0.00036384038263165015
80 2560 0.15104020169546778 0 0 0.0018911790285806973 0.00020402753108042642 0.00028617404658938175
81 2592 0.17464058756396622 0 0 0.0023721625088230646 0.0002603895338838999 0.00038757702820277687
82 2624 0.1646871672868344 0 0 0.002335563254192253 0.00027386871842948206 0.000340425575797665
83 2656 0.16032394407957698 0 0 0.001887821465005893 0.0002353362416528936 0.00030114149746138225
84 2688 0.17258935961503774 0 0 0.0023193302623049283 0.00023936276272872424 0.0003529438526400323
85 2720 0.16867651466231776 0 0 0.0022748775678934916 0.00025625527492790666 0.0003444575168436772
86 2752 0.1952367312703082 0 0 0.002449718680427342 0.0003029782261219866 0.00038480692670775905
87 2784 0.1770825518847521 0 0 0.002008013862771502 0.0002586902527113575 0.0002820065466931834
88 2816 0.17130708955477084 0 0 0.002055774670502786 0.00023766329615066111 0.0002817662919700067
89 2848 0.2013443345530895 0 0 0.0025935311656374847 0.00030424293612841413 0.00040179525505992943
90 2880 0.21084656272558258 0 0 0.002752887382429757 0.000345245606069083 0.0004822231004539814
91 2912 0.21988739583756706 0 0 0.0029783461089247917 0.0003865541575325886 0.0006967666028877356
92 2944 0.2448284321503043 0 0 0.0033369375264446334 0.0004861665682706465 0.0008498089739876357
93 2976 0.23854553409709311 0 0 0.002873250761509665 0.00040428993458438287 0.0007732133453600348
94 3008 0.20550022196973305 0 0 0.0031033452588756895 0.0004204231139477978 0.0007680770216977421
95 3040 0.18827261457233443 0 0 0.0026002806869628733 0.00037838525358312636 0.0006516567106241866
96 3072 0.16315144728421893 0 0 0.002113939549669796 0.00031896159730574093 0.0005254837359761786
97 3104 0.15790299746069975 0 0 0.002420546593569533 0.00034980688797118115 0.0005735996748357396
98 3136 0.1540386969961641 0 0 0.001913143474420364 0.0002760830521868255 0.00044129024492523943
99 3168 0.15752540183114105 0 0 0.0016040444092239733 0.00021358250558470616 0.00037338493576660807
100 3200 0.13044032138173114 0 0 0.0013257670124766448 0.00018219047612782124 0.00034307408115545114
101 3232 0.11081070044162286 0 0 0.0009847554651271166 0.00014080001610016908 0.00024931896209775737
