% # columns="iteration, evaluation, sigma, axis ratio, bestever, best, median, worst objective function value, further objective values of best", seed=1, Fri Feb 20 09:26:33 2026, <python>{}</python>
1 32 0.17895432929889762 1.0000333338888951 18.064496682361547 1.8064496682361547e+01 43.117943182892176 200.0   
2 64 0.21066517209828156 1.6782851623417552 17.35291967447617 1.7352919674476169e+01 40.386604671776254 200.0   
3 96 0.24006307817200967 2.6201817797699087 17.15072878695414 1.7150728786954140e+01 29.28740345590425 200.0   
4 128 0.2357663653772485 2.988516496133942 16.444991465666934 1.6444991465666934e+01 27.08211495706845 200.0   
5 160 0.20880795560173815 3.1442497790292494 15.307176621619629 1.5307176621619629e+01 22.833365297145715 200.0   
6 192 0.21654848521568318 2.967991449493918 15.307176621619629 1.6025497684564879e+01 24.39289686082626 200.0   
7 224 0.18634543273748608 2.9548490977585136 14.912887666904616 1.4912887666904616e+01 19.307447061407906 200.0   
8 256 0.14726762585212855 2.8427509452074786 14.912887666904616 1.6316640306510276e+01 18.504477632237183 200.0   
9 288 0.13756183734763752 2.8874343092718617 13.27279213417364 1.3272792134173640e+01 16.731901141493125 200.0   
10 320 0.11352677228005173 2.257292016502973 13.27279213417364 1.4515021737433237e+01 16.818847295790228 200.0   
11 352 0.11247654166222465 2.372199646270036 13.27279213417364 1.5424892846550716e+01 16.687525637664613 200.0   
12 384 0.11168422994516003 3.080002705069062 13.27279213417364 1.4004469427893447e+01 16.691384335865994 200.0   
13 416 0.1058984664745185 3.2862621239125582 13.27279213417364 1.4250975686890214e+01 16.5656145569909 200.0   
14 448 0.08520210784190332 3.7191271933191734 13.27279213417364 1.5240586924498178e+01 16.605807429402574 200.0   
15 480 0.07354455781955811 4.400411528614037 13.27279213417364 1.5550970584233774e+01 16.492265435382258 200.0   
16 512 0.06628212911696095 4.763303196336395 13.27279213417364 1.4690351552140651e+01 16.49899442915219 200.0   
17 544 0.06760011701201916 4.405778085725482 13.27279213417364 1.5524216898128376e+01 16.519293652739375 200.0   
18 576 0.07722790025123041 4.920056536890257 13.27279213417364 1.4658840704477113e+01 16.345687123368535 200.0   
19 608 0.10007080190902269 5.489903685448782 13.27279213417364 1.4726064076749847e+01 16.4772313633396 200.0   
20 640 0.11439817710864339 6.298029958602352 13.27279213417364 1.5580789564265059e+01 16.572244135125366 200.0   
21 672 0.11539936286331122 6.409740510831818 13.27279213417364 1.5651782579850076e+01 16.692563595604078 200.0   
22 704 0.12496777537328294 5.527699402737512 13.27279213417364 1.5149485669696983e+01 16.747766227982492 200.0   
23 736 0.11624417984975381 5.6251986515832915 13.27279213417364 1.5554590024813216e+01 16.390225893131237 18.031526602131038   
24 768 0.14232400900031314 4.855041081746787 12.29057120706373 1.2290571207063730e+01 16.573503411189623 200.0   
25 800 0.12893336894116664 3.6619936552959227 12.29057120706373 1.5422790636475089e+01 16.486086298971976 200.0   
26 832 0.12554526259400148 3.7990266346815753 12.29057120706373 1.5632372448059513e+01 16.451954125720462 200.0   
27 864 0.11063663422291835 4.1703936356860165 12.29057120706373 1.4055010667546282e+01 16.40437423820655 200.0   
28 896 0.11457294446634919 5.113095406935658 12.29057120706373 1.2820684810547530e+01 16.55362871976664 200.0   
29 928 0.11425155351436692 4.708016646725976 12.29057120706373 1.5319725574236140e+01 16.30463066318999 200.0   
30 960 0.11896308769917677 6.247597486234881 12.29057120706373 1.5200005035553311e+01 16.437809321803762 200.0   
31 992 0.10147839679670737 7.784409678065566 12.29057120706373 1.5406424068709175e+01 16.41489706752007 200.0   
32 1024 0.09234604628102978 8.255361771038993 12.29057120706373 1.4604726397036151e+01 16.31176219404168 16.954125450488608   
33 1056 0.10383080204026511 9.641995936734686 12.29057120706373 1.3290962560490964e+01 16.39761898193494 200.0   
34 1088 0.10153063078334927 10.055353241359002 12.29057120706373 1.4182746532704741e+01 16.260532771991354 200.0   
35 1120 0.09602935373539581 10.200992319425906 12.29057120706373 1.5218596021703405e+01 16.475012624015946 200.0   
36 1152 0.10577697676536463 10.247402576795634 12.261904505095888 1.2261904505095888e+01 16.344516226310926 200.0   
37 1184 0.11921534475910281 8.842631665734842 12.261904505095888 1.5058433906704771e+01 16.45821123010561 200.0   
38 1216 0.12091873503622362 12.306109732295946 12.261904505095888 1.5391131763498109e+01 16.308223401517804 200.0   
39 1248 0.14204151256368902 11.084210311162156 12.261904505095888 1.4886908972718103e+01 16.481272794240322 200.0   
40 1280 0.13575597538634346 10.129159045567402 12.261904505095888 1.5308987589992579e+01 16.38910092333065 200.0   
41 1312 0.12072329186413665 11.513608102737171 12.261904505095888 1.5729997891454726e+01 16.47175179667253 200.0   
42 1344 0.12833747982015423 10.473349747811824 12.030993907538146 1.2030993907538146e+01 16.48762901469023 200.0   
43 1376 0.1501501532834248 7.3446927003997935 12.030993907538146 1.5358028177862828e+01 16.53561927042858 200.0   
44 1408 0.1698455987427326 7.319669443467965 12.030993907538146 1.4946768345332806e+01 16.223367175029665 200.0   
45 1440 0.21182504847414177 9.196708920300374 12.030993907538146 1.4533032435559191e+01 16.497530339549463 200.0   
46 1472 0.22557360251444614 8.030802230031124 12.030993907538146 1.5207821225488646e+01 16.37900349474094 200.0   
47 1504 0.22905931594952864 8.77782489749597 12.030993907538146 1.3601096355163685e+01 16.657174984760914 200.0   
48 1536 0.21495088361189804 8.707020791948349 12.030993907538146 1.4633363523074621e+01 16.472049004750147 17.477099188186777   
49 1568 0.2031572121126179 10.138086186512002 12.030993907538146 1.4137464712267370e+01 16.660049599024006 200.0   
50 1600 0.18417434318837003 10.70539970059243 12.030993907538146 1.5090750130850049e+01 16.75864681510049 200.0   
51 1632 0.14927174831729514 9.895054965252537 12.030993907538146 1.4077736023284551e+01 16.44020214456683 200.0   
52 1664 0.17597754948916033 8.282930270277692 12.030993907538146 1.2950139568233039e+01 16.30748106289706 200.0   
53 1696 0.1729097244149113 8.45405375297457 12.030993907538146 1.5762077067689740e+01 16.505132436648893 200.0   
54 1728 0.17736460850598584 8.576251650866768 12.030993907538146 1.4630189110616811e+01 16.522182353689765 200.0   
55 1760 0.14675820339988815 9.505396421235163 12.030993907538146 1.5223246775563979e+01 16.357152824220744 200.0   
56 1792 0.15272452267181233 9.173925776812574 12.030993907538146 1.5592510812811053e+01 16.401026291148938 200.0   
57 1824 0.13672452433791576 11.130130652794652 12.030993907538146 1.5255675992177849e+01 16.47751613440345 200.0   
58 1856 0.16306455949153079 9.528550423180166 12.030993907538146 1.3710762394904851e+01 16.44655582917268 200.0   
59 1888 0.14259675738384012 11.631915261757003 12.030993907538146 1.4105569102618746e+01 16.491615573199923 200.0   
60 1920 0.1499577526942748 12.359427384933195 12.030993907538146 1.4680668255640636e+01 16.371799576465584 200.0   
61 1952 0.15368069066873075 10.651457800635809 12.030993907538146 1.5572418875367756e+01 16.406465272792502 200.0   
62 1984 0.1771239630371527 12.632092685893536 12.030993907538146 1.5518165762702912e+01 16.542846703147493 200.0   
63 2016 0.17889286789271067 11.951116364441699 12.030993907538146 1.4983631971409551e+01 16.192638684212515 200.0   
64 2048 0.19316415401546172 14.044367084572468 12.030993907538146 1.2996327332444157e+01 16.479630284545948 200.0   
65 2080 0.1650250641721967 16.358635751055726 12.030993907538146 1.5187176418199432e+01 16.436701322023517 200.0   
66 2112 0.13766988208430694 18.315882609912933 12.030993907538146 1.3035098687434848e+01 16.55043491261051 200.0   
67 2144 0.12295910367976035 17.2979927496286 12.030993907538146 1.2248693177236486e+01 16.489439895878935 200.0   
68 2176 0.12336491727444658 21.796749840210854 12.030993907538146 1.4604818110799766e+01 16.507046802056614 200.0   
69 2208 0.10913650741894566 22.797665189981988 12.030993907538146 1.3330867605275726e+01 16.363881485185775 200.0   
70 2240 0.13764447235802152 23.818810526234977 12.030993907538146 1.3673272589255777e+01 16.431390966899443 200.0   
71 2272 0.12361231526090213 33.309634134179674 12.030993907538146 1.4076657327761787e+01 16.289762834585297 200.0   
72 2304 0.11155793504622001 39.08363722897188 12.030993907538146 1.3088542575131241e+01 16.312278483951964 200.0   
73 2336 0.11117027501534894 40.043842811226774 12.030993907538146 1.2133196006364948e+01 16.345632650051215 200.0   
74 2368 0.10189475771207954 34.11414435393563 12.030993907538146 1.5188546591492731e+01 16.51086387525453 200.0   
75 2400 0.09604985075591749 35.232667018684836 12.030993907538146 1.3868958475177598e+01 16.261439989043122 17.747287757875096   
76 2432 0.10461993570335032 39.0581828174545 12.030993907538146 1.4112273216999206e+01 16.561673963023793 200.0   
77 2464 0.09401331288374765 34.359377690403115 12.030993907538146 1.3857446142542889e+01 16.362101379649015 200.0   
78 2496 0.07707235425736379 44.23618621677388 12.030993907538146 1.4694246736102379e+01 16.31037982584543 200.0   
79 2528 0.06776411674797904 48.10599997437122 12.030993907538146 1.4098598842613253e+01 16.3045229269473 200.0   
80 2560 0.06440736204831811 50.86806821804861 12.030993907538146 1.5472746852193648e+01 16.338354994950702 200.0   
81 2592 0.0849206391242648 50.48484216157001 12.030993907538146 1.3429876105311616e+01 16.347608997170866 200.0   
82 2624 0.07671036176288527 40.84236276329827 12.030993907538146 1.4682171628797770e+01 16.497118561174933 200.0   
83 2656 0.08548544345681217 41.50618557449541 12.030993907538146 1.5078567625956822e+01 16.54892979255952 200.0   
84 2688 0.07732044677251607 30.692104981699863 12.030993907538146 1.3289489250937173e+01 16.502332325216145 200.0   
85 2720 0.06491370515866628 25.675452040223483 12.030993907538146 1.4719210617782121e+01 16.339416572018113 200.0   
86 2752 0.06588222963334145 29.515092292742636 12.030993907538146 1.3059299704981598e+01 16.622907607010987 200.0   
87 2784 0.07605654178853569 28.18104300047843 12.030993907538146 1.2562006541775357e+01 16.261278176943808 200.0   
88 2816 0.07233741760999118 23.660308930242746 12.030993907538146 1.4145551283315033e+01 16.423468126351807 200.0   
89 2848 0.08058403709767484 33.132452117481094 12.030993907538146 1.4868365907592072e+01 16.370257144801343 200.0   
90 2880 0.0802914196902383 41.276898535052105 12.030993907538146 1.5208693279854188e+01 16.47635654513735 200.0   
91 2912 0.07014157101208864 40.161463544472795 12.030993907538146 1.5474291593420363e+01 16.422113036439807 200.0   
92 2944 0.07047006693402637 46.979644707650856 12.030993907538146 1.5045288405586472e+01 16.394135426251225 200.0   
93 2976 0.0873383112710117 52.76456941961054 12.030993907538146 1.4194229673409371e+01 16.360417211537936 200.0   
94 3008 0.0940095495793927 57.86554219025906 12.030993907538146 1.4893913603623872e+01 16.517943302294285 200.0   
95 3040 0.10266068090086197 57.304939116046285 12.030993907538146 1.5361561191095468e+01 16.338459295268045 200.0   
96 3072 0.0930695504491391 66.52240589089342 12.030993907538146 1.5349975362408262e+01 16.66240117059329 200.0   
97 3104 0.08748800440316452 59.7991367024367 12.030993907538146 1.4440209200635859e+01 16.385343849973847 200.0   
98 3136 0.07526849784485183 77.46259866294939 12.030993907538146 1.5514681590182651e+01 16.388036012272877 200.0   
99 3168 0.0774520031388891 81.89045009182237 12.030993907538146 1.4437783920218752e+01 16.264732665660716 200.0   
100 3200 0.07337291413360338 79.72252450682653 12.030993907538146 1.5277892244901748e+01 16.451384631581277 200.0   
101 3232 0.062127124264305625 90.94384317282561 12.030993907538146 1.2827584351194691e+01 16.35785775514451 200.0   
