% # columns="iteration, evaluation, min max(neg(.)) min(pos(.)) max correlation, correlation matrix principal axes lengths  (sorted square roots of eigenvalues of correlation matrix)", seed=1, Fri Feb 20 09:26:33 2026
1 32 -0.2599632544224882 -0.23310026111586685 -0.05562930542854086 -0.023335313506053557 0.8294841102517908 1.0101188450319325 1.1364928639244287
2 64 -0.614829496042695 -0.5313157124794106 0.06064045249507781 0.1744453905899562 0.6121562060342287 0.9338660283412464 1.3240691147081127
3 96 -0.5438143369274038 -0.5338077918786319 0.048260197373165004 0.23227631540832555 0.6042952537061483 0.8766784989208385 1.3661120217164213
4 128 -0.6342666153992111 -0.5929750926411331 0.18095615580840574 0.39764171586684066 0.598648621619499 0.7962395625627102 1.416905920251242
5 160 -0.5023889761229952 -0.4687818542820152 0.19501643342706781 0.3826754074891155 0.7050707142708983 0.8151312789408484 1.355889481473244
6 192 -0.3260444654133119 -0.30871450806853573 0.27765737688006986 0.45578471451816216 0.7318669056786596 0.8746673661449066 1.3035826905008656
7 224 -0.28201481446152493 -0.2716081711209135 0.23269777339512188 0.39039311155985557 0.7782522454686536 0.8837985823409215 1.2701273590767093
8 256 -0.30323099403961207 -0.2874940352735439 0.2808198932307159 0.45452091063273437 0.7340783633531804 0.8871016745021213 1.2939009141167837
9 288 -0.30624706030359 -0.2821748437434476 0.029301854874286423 0.10905520452005536 0.8204287591164853 0.9484717183837622 1.1946957983690814
10 320 -0.4625426943585 -0.34638333538473715 0.09431120620398899 0.12505002775980156 0.7213321608706781 1.0005276003944794 1.2159870207130106
11 352 -0.4248147965820678 -0.3017056815318247 0.13746334216789788 0.16074390168422903 0.7213050554349176 1.0218629129228467 1.198129877850004
12 384 -0.39483400206457203 -0.30531992168692224 0.23452546410057087 0.3249598456520854 0.7115551884734319 0.9817922280631904 1.2368400198373493
13 416 -0.4733289832108417 -0.36524957980428885 0.21736605077190385 0.30349185755741515 0.6751122913905014 0.9812060056305899 1.2575604035305536
14 448 -0.5713217279049301 -0.4765087166238293 0.21490160035297573 0.35055869473081 0.6340902149721106 0.9121434509362695 1.3288807035210861
15 480 -0.569208325816529 -0.49596370054990196 0.19088760121061565 0.34659340986416115 0.651683970089439 0.8751755723686573 1.3451303731079975
16 512 -0.5136958329735521 -0.4821139940550781 0.21501661667252625 0.415811647996587 0.6959203759970323 0.7971498363995877 1.3712209773046284
17 544 -0.5916148202294775 -0.5422351231590697 0.3106012501601657 0.5455003441961698 0.6053444992276701 0.7799806668165439 1.42309107110094
18 576 -0.6519433057507341 -0.5600498292123609 0.34770489132239313 0.5583963216289379 0.5185571222455219 0.848487124131095 1.4181565890804115
19 608 -0.6807237362789993 -0.590879014544986 0.3935231010656965 0.6318124178685774 0.4660965244108765 0.8245149769271536 1.4501479520224534
20 640 -0.7644193873312889 -0.674145930621303 0.392041367288205 0.6571636765480551 0.410324541969747 0.7767326553122923 1.492755891774952
21 672 -0.5840550198480507 -0.462836555081956 0.3268642356161204 0.46887936774938443 0.5454551513035361 0.9503926802885908 1.3413546999844246
22 704 -0.7669116621767671 -0.6274343740682179 0.2902657135677979 0.45668845467125385 0.4329661078281858 0.9048228616994745 1.412032555721746
23 736 -0.776913353699256 -0.656764274224984 0.2807534472445812 0.47311027492683083 0.44460196597204527 0.8623042076692554 1.4348381599642834
24 768 -0.8028335803759967 -0.6039142199828345 0.08752860292456248 0.11909018350053248 0.43519048852452324 0.9989608663752131 1.3463604369368074
25 800 -0.7837621945946276 -0.5748459333290542 0.1714621972727216 0.21131531287440689 0.4170120755621279 1.0129222406834644 1.3416741270383643
26 832 -0.8185396146568639 -0.6299511923127712 0.15497932807342954 0.22803441252473708 0.4060472583757932 0.9833369396726392 1.366811650170114
27 864 -0.8647333927036758 -0.6884301993067595 0.17800942414120988 0.29051943856028356 0.3532205933094454 0.951609455601446 1.4034509811432825
28 896 -0.8565915931997113 -0.6954577625738273 0.08973217401452023 0.19032832225141874 0.37830788220813283 0.9562342013311568 1.3937357348018888
29 928 -0.9227066660952626 -0.8156505051928828 0.21444972105369153 0.4507603022335032 0.27548558161736614 0.8065419160609623 1.5078454270772101
30 960 -0.9501334037310593 -0.8640208795918789 0.2959025941103755 0.5964312278719467 0.22314010566977052 0.7080728806426813 1.5648774038051858
31 992 -0.9567679512946373 -0.864536242399931 0.3018196445305017 0.5983732312792729 0.20769669679371158 0.7161437471642939 1.5633298486047225
32 1024 -0.9676056288096544 -0.8515095352830142 0.2834073682962835 0.5456169092960759 0.17630142274661884 0.7742970057410236 1.5392796871387617
33 1056 -0.9717427078845142 -0.8505060936949159 0.24243369241403964 0.48551034026076 0.16809567883932222 0.8024917146334899 1.5256968541293348
34 1088 -0.9727416774624843 -0.859655472769126 0.2749094004150867 0.5400114867831327 0.164247111285282 0.7699890627668194 1.5427701480304559
35 1120 -0.968028800345711 -0.8501862078866855 0.312649447240399 0.582418739823735 0.1628250443999098 0.7651938487229908 1.5453046233000998
36 1152 -0.9425723830122272 -0.82594556054986 0.3597760180615355 0.6383897218029668 0.1917239905021502 0.7565482710922266 1.546245978159133
37 1184 -0.9531787246705585 -0.8176669489899252 0.35504141804647105 0.6104324313779698 0.13748233047248468 0.798216611300009 1.5309960320825737
38 1216 -0.9456968291807255 -0.8117251117317684 0.3624287599076474 0.6198416663384957 0.15119258818309655 0.796205638647989 1.5307505944025122
39 1248 -0.9324916662374684 -0.7921014527958349 0.36594952590000707 0.6115763053569876 0.16510508759320522 0.816655580954455 1.5184906888574528
40 1280 -0.9395247915667322 -0.7792834741628889 0.3358019735598514 0.5472558053969216 0.1463984137823916 0.8634532004354799 1.4943279677165007
41 1312 -0.9453082380770138 -0.804997906650193 0.34940724758871744 0.5938986342415334 0.1561917893554983 0.814367375739242 1.5206610083347007
42 1344 -0.8934335308911305 -0.726666804278552 0.3349301306139033 0.5220290489654765 0.2273221601705039 0.897337968076676 1.4639362030305278
43 1376 -0.92060466455039 -0.8258822312954346 0.40322134175984403 0.7182000995233147 0.2231276343216135 0.6966777771836594 1.5699853927920715
44 1408 -0.9329777049513832 -0.8643496035735974 0.44969934395119837 0.8190875584150111 0.18450151923601707 0.5947833673694425 1.6162276867138083
45 1440 -0.9446534624987196 -0.8568723480121885 0.3779326204586182 0.7017531621290225 0.20968562279110947 0.672708912280995 1.582243552343452
46 1472 -0.9587785169129581 -0.8820981356054145 0.3711013578495545 0.7121541410270007 0.19350828841804818 0.6370012374288632 1.5989946734831906
47 1504 -0.960388207370673 -0.8900499407031016 0.38225017569721476 0.7360119478297489 0.18961628353603258 0.6114095878393548 1.6094172799234177
48 1536 -0.9696974494011582 -0.9234856114848848 0.4177455722336275 0.8186107955568582 0.16870119551203536 0.503479827088541 1.648650348117424
49 1568 -0.9739188233769543 -0.9395482771281021 0.4271502669307893 0.8483459020349009 0.1606005545969227 0.447479022142658 1.6655239375660174
50 1600 -0.9643844476165466 -0.9350449775940562 0.4527565234146095 0.886017553728341 0.17788574399182097 0.4113094664375846 1.6730753673709098
51 1632 -0.9465901866770189 -0.9191855838210823 0.45527441681807107 0.886023147508519 0.21547969621934931 0.41603930086376495 1.6674770765003062
52 1664 -0.9477368605018434 -0.9275275232155206 0.467737111603722 0.9126159859238134 0.2094488337714072 0.3708946014580371 1.678859249800614
53 1696 -0.9355754316452324 -0.8963390588102474 0.4674290553119894 0.8827820538510834 0.2022609672585201 0.475560895751113 1.6531582911373148
54 1728 -0.930011912048151 -0.9005100703813519 0.489619393403792 0.9234940396653742 0.18396075773440418 0.4336840466770381 1.6667563071041946
55 1760 -0.9340350083585237 -0.9017650283267287 0.4810057363717679 0.9096593445728052 0.19198770531535359 0.4429678696237754 1.6634062003878423
56 1792 -0.9466786485606916 -0.9307404388298638 0.49366085944025273 0.9525230824661304 0.16643097132924095 0.3423411038850187 1.6897050927227484
57 1824 -0.9314026255928263 -0.9103436129547009 0.4903597705292845 0.9362018857191542 0.19144977698465176 0.3910199756108283 1.676439787635045
58 1856 -0.9355327618519985 -0.9129784019942678 0.49520121411328066 0.9420400596247329 0.17102528981182316 0.3934360258622644 1.6780817750629704
59 1888 -0.939799492282587 -0.9170906024152513 0.4936286746799218 0.9411595438443104 0.16835581699404462 0.3886397581886404 1.6794688021036124
60 1920 -0.9031534151508903 -0.8591256888995096 0.49540110753255745 0.9028823134251991 0.18902293716687818 0.5224534266278206 1.6405220956237239
61 1952 -0.8923800500683189 -0.8334291211245033 0.5034181741833301 0.8900830103421259 0.16074500234976208 0.5860276741095611 1.6219533314486312
62 1984 -0.8401621767671902 -0.7808065137706477 0.5294783852199467 0.906884355220269 0.16149232900790902 0.6329159168165567 1.6041626070669575
63 2016 -0.8383690009985881 -0.7856235973606761 0.5401995084302775 0.9293951400560166 0.13291438240266135 0.615774732232941 1.6134296532833308
64 2048 -0.8953642549372018 -0.8595606657076238 0.5248959159363131 0.9505778539213807 0.1163734758763635 0.5017821186624619 1.6536843469970515
65 2080 -0.8958911765434578 -0.8585461228991089 0.5274903886668993 0.952157505544553 0.1003871890853201 0.5073516076391055 1.6530325945042834
66 2112 -0.8825787139843017 -0.8324279930898181 0.5284657758228528 0.9319463112325929 0.10436769234074089 0.5659737199065653 1.633640454068946
67 2144 -0.8780022564229946 -0.8337528819565562 0.5359674798022718 0.9482915592554426 0.08397396705203525 0.55132469519259 1.6398138471571524
68 2176 -0.8604858287613596 -0.8235025513852683 0.5445441209105859 0.9635764009664461 0.0785862085778874 0.5464698052383087 1.641704894243834
69 2208 -0.8663669972217497 -0.8282961752437644 0.5429397611521403 0.9619475846394565 0.07413178291280235 0.5436516743300484 1.6428473257610714
70 2240 -0.9413806919851487 -0.9175059393247244 0.5178696607948295 0.9724534415075898 0.055042308085796715 0.39513321277082203 1.6854791866071788
71 2272 -0.9666124291484199 -0.949339092330038 0.5087298224535148 0.9774794572296506 0.04794543581651776 0.32071763225804883 1.7014233557651535
72 2304 -0.9748671950579157 -0.963352003758871 0.5067095739130976 0.9852149085047088 0.04658443270105213 0.26776529900131235 1.710593942255338
73 2336 -0.966314629847609 -0.953176283561199 0.5093679631375052 0.9837443657506633 0.05531790005944604 0.29567015265878666 1.7057312481043854
74 2368 -0.9582404933337456 -0.9441626267944898 0.512618659387327 0.9841345549086766 0.05515783306041541 0.3167727149967783 1.7019437888736662
75 2400 -0.9575500026707556 -0.9451061957373875 0.5136219560130317 0.9874208663298033 0.04858928532996051 0.3089220712991475 1.7035862864015334
76 2432 -0.9606802348526957 -0.9456281001719968 0.5116718937662841 0.9823864237316787 0.05285864158013223 0.3179569232186402 1.7017959216626533
77 2464 -0.9533933174184246 -0.9355484637672666 0.5152991431164413 0.9810701584265193 0.04060449178986476 0.3465401190659749 1.6965439048619482
78 2496 -0.9587641487333577 -0.944368093825364 0.5137850196228555 0.9854400025309349 0.03838143364670739 0.3180786245475048 1.7021612303648535
79 2528 -0.9453129750930352 -0.9269353596246042 0.5188428058181218 0.982391245497266 0.03566061722455568 0.3628294593555058 1.6932463210658264
80 2560 -0.9472396644432037 -0.9302500587733169 0.5182130105757163 0.984044428022174 0.0358656911647222 0.3526193265584337 1.6953976709712546
81 2592 -0.9677106635256353 -0.9574807989466066 0.5102036191244393 0.9892018939024261 0.04452004601480976 0.27444103025291006 1.7095906195392394
82 2624 -0.9773087626108685 -0.971086472602851 0.5067680916437072 0.9931639897178758 0.04383220592303235 0.22223390820945618 1.717175246667
83 2656 -0.9810618286609041 -0.9762175966441936 0.5039526710968752 0.9924985283271877 0.05966329612843733 0.19888478381913183 1.7195595755484332
84 2688 -0.9708905309447605 -0.9617638571816317 0.5064252932851053 0.9866950030108887 0.06997593283537519 0.2587642769364564 1.7111821696725837
85 2720 -0.9764195726815552 -0.969542975390652 0.5054246526688895 0.9902039313978336 0.06167046379817758 0.22892144581110607 1.7157481532971761
86 2752 -0.9856775582905822 -0.9822471052009656 0.5013448234258646 0.992445013211858 0.06758025780555568 0.16937962460621134 1.7224237142826366
87 2784 -0.9790833197745848 -0.9716307008504564 0.5022737019491021 0.9861225506248266 0.07640545192960313 0.22602972997034831 1.7155386233148364
88 2816 -0.9857341600864109 -0.9790877583507523 0.5020750760604438 0.9891496191285172 0.05444976852476029 0.20236785910456148 1.7193261680987222
89 2848 -0.9909208057675484 -0.9861661930859076 0.5011002086729133 0.9921010632442128 0.043662726911434344 0.1676759252843888 1.72336251275194
90 2880 -0.9931076655597385 -0.9898243828491781 0.5003261272655389 0.9937596812598841 0.04537131522004591 0.14153905669414416 1.7256616525800579
91 2912 -0.994551351829834 -0.9920474270680897 0.5004406821456017 0.9954327937884211 0.03867567269744172 0.12442990112836355 1.727142551165533
92 2944 -0.9961187414182872 -0.9940812936743479 0.5001005511495433 0.9961237183469012 0.03400582718453493 0.1096861445851146 1.7282397268329268
93 2976 -0.9963149535275495 -0.9940704732206014 0.5001501621610092 0.9959792269812645 0.030120703348740674 0.11254399596904709 1.7281280601278066
94 3008 -0.9972109507160476 -0.9951556527172766 0.49964862242508845 0.9958614161404391 0.029736386301189875 0.10521402636146131 1.7285964699682095
95 3040 -0.9982306574539394 -0.9971414168719224 0.49978513659149787 0.9976714138306209 0.025875252745079808 0.07839244218396844 1.7300823958135092
96 3072 -0.998573315019377 -0.9972294303539808 0.49909958650225894 0.9965320407889428 0.027648742910997764 0.08385592928118397 1.7297987542312057
97 3104 -0.9989282632558806 -0.9977511440739841 0.49936127940083547 0.9972216347105454 0.021369914706228815 0.07721574208948147 1.7301968257741718
98 3136 -0.9987692309450806 -0.9973898594700514 0.49942509899250326 0.9969840470049922 0.020313518725817697 0.08315995893355131 1.7299340398371108
99 3168 -0.9987698840955668 -0.9973313157234784 0.4993344696939164 0.9967844964609597 0.02082222646225294 0.08476164322670365 1.7298502532654856
100 3200 -0.9983704771692523 -0.9961798063234915 0.4992398877752555 0.9955224482957437 0.018300343087055474 0.10324804001335333 1.7288738935145898
101 3232 -0.9981230675386684 -0.9958838420356728 0.49939323794729906 0.9955797057719609 0.019406991786311 0.10506816943456285 1.7287521651299458
