% # columns="iteration, evaluation, sigma, max axis length,  min axis length, all principal axes lengths  (sorted square roots of eigenvalues of C)", seed=1, Fri Feb 20 09:26:33 2026
1 32 0.17895432929889762 1.0000333338888951 1.0 1.0 1.0000166668055563 1.0000333338888951
2 64 0.21066517209828156 1.2049929178566845 0.717990568524914 0.717990568524914 0.8616290764790253 1.2049929178566845
3 96 0.24006307817200967 1.378177947637908 0.5259856236993345 0.5259856236993345 0.6842754832421803 1.378177947637908
4 128 0.2357663653772485 1.3826863892053465 0.46266647381536685 0.46266647381536685 0.5877815808321742 1.3826863892053465
5 160 0.20880795560173815 1.1401289305815763 0.3626076204841391 0.3626076204841391 0.481274513015486 1.1401289305815763
6 192 0.21654848521568318 0.9440507543464384 0.3180773160608032 0.3180773160608032 0.4764873207327948 0.9440507543464384
7 224 0.18634543273748608 0.7482838115077063 0.2532392642572978 0.2532392642572978 0.4715700166830052 0.7482838115077063
8 256 0.14726762585212855 0.6239348794341005 0.21948277969477994 0.21948277969477994 0.40654049279455123 0.6239348794341005
9 288 0.13756183734763752 0.48255812418551924 0.16712349875319182 0.16712349875319182 0.3411062390792134 0.48255812418551924
10 320 0.11352677228005173 0.4034904042590519 0.1787497591402218 0.1787497591402218 0.28639521822469705 0.4034904042590519
11 352 0.11247654166222465 0.3928816483618791 0.1656191328498141 0.1656191328498141 0.23300658523030937 0.3928816483618791
12 384 0.11168422994516003 0.408876192080099 0.13275189382372016 0.13275189382372016 0.26192717988940534 0.408876192080099
13 416 0.1058984664745185 0.4229679194554332 0.1287079068884061 0.1287079068884061 0.26810128897764907 0.4229679194554332
14 448 0.08520210784190332 0.41960082357548384 0.11282239132053097 0.11282239132053097 0.24400326452835946 0.41960082357548384
15 480 0.07354455781955811 0.40703631071346824 0.09249960101837776 0.09249960101837776 0.21019235292746166 0.40703631071346824
16 512 0.06628212911696095 0.37281281343973627 0.07826770584884839 0.07826770584884839 0.19465968892745067 0.37281281343973627
17 544 0.06760011701201916 0.3280281808034448 0.07445408607079894 0.07445408607079894 0.17835453290195996 0.3280281808034448
18 576 0.07722790025123041 0.3726412758880031 0.07573922638773835 0.07573922638773835 0.16791561030836807 0.3726412758880031
19 608 0.10007080190902269 0.39258685344032285 0.07151069962864569 0.07151069962864569 0.1785756064662178 0.39258685344032285
20 640 0.11439817710864339 0.42794040790729393 0.06794829664517216 0.06794829664517216 0.17986395876044933 0.42794040790729393
21 672 0.11539936286331122 0.4122448033838634 0.06431536544844695 0.06431536544844695 0.14937877512436862 0.4122448033838634
22 704 0.12496777537328294 0.3406969924068589 0.06163450064562732 0.06163450064562732 0.1645989599964705 0.3406969924068589
23 736 0.11624417984975381 0.358868385886681 0.06379657112832317 0.06379657112832317 0.12322853177618903 0.358868385886681
24 768 0.14232400900031314 0.31922853551713176 0.0657519741114687 0.0657519741114687 0.10145834621139631 0.31922853551713176
25 800 0.12893336894116664 0.2861035494593705 0.07812781134822876 0.07812781134822876 0.09789041862918511 0.2861035494593705
26 832 0.12554526259400148 0.27684978199195676 0.07287387233997679 0.07287387233997679 0.1156982793761232 0.27684978199195676
27 864 0.11063663422291835 0.28291956607491653 0.06784001482593313 0.06784001482593313 0.094832599728685 0.28291956607491653
28 896 0.11457294446634919 0.285396166823412 0.055816710643866806 0.055816710643866806 0.09997514870324886 0.285396166823412
29 928 0.11425155351436692 0.2576891868064164 0.054734128220557 0.054734128220557 0.09410117914358593 0.2576891868064164
30 960 0.11896308769917677 0.2900348931452738 0.04642342817127669 0.04642342817127669 0.08439400948636278 0.2900348931452738
31 992 0.10147839679670737 0.29573553277817727 0.037990746249067904 0.037990746249067904 0.07481303299485821 0.29573553277817727
32 1024 0.09234604628102978 0.24804400844411245 0.0300464129039489 0.0300464129039489 0.06639460172943858 0.24804400844411245
33 1056 0.10383080204026511 0.22895267235471872 0.023745360800499857 0.023745360800499857 0.0616608803697408 0.22895267235471872
34 1088 0.10153063078334927 0.25357825130145883 0.02521823403065124 0.02521823403065124 0.05834814837143209 0.25357825130145883
35 1120 0.09602935373539581 0.25528892333215175 0.025025891142570623 0.025025891142570623 0.05158242201636104 0.25528892333215175
36 1152 0.10577697676536463 0.23660012359317778 0.023088789751359872 0.023088789751359872 0.04768657766122832 0.23660012359317778
37 1184 0.11921534475910281 0.22026845416420573 0.024909830296080862 0.024909830296080862 0.05049364745756181 0.22026845416420573
38 1216 0.12091873503622362 0.23251437259742022 0.018894222272958727 0.018894222272958727 0.06044592576015061 0.23251437259742022
39 1248 0.14204151256368902 0.20954428286551266 0.018904755231366806 0.018904755231366806 0.059677626306282316 0.20954428286551266
40 1280 0.13575597538634346 0.19524965940874953 0.01927599897784133 0.01927599897784133 0.053854599830809216 0.19524965940874953
41 1312 0.12072329186413665 0.1940563525448819 0.016854521259825422 0.016854521259825422 0.0528142553127517 0.1940563525448819
42 1344 0.12833747982015423 0.17862930612117736 0.017055604025684144 0.017055604025684144 0.0487354298534223 0.17862930612117736
43 1376 0.1501501532834248 0.14670695787119936 0.019974553579786076 0.019974553579786076 0.04678110946229551 0.14670695787119936
44 1408 0.1698455987427326 0.16775104152800752 0.022917843875819785 0.022917843875819785 0.04333113549482289 0.16775104152800752
45 1440 0.21182504847414177 0.1884430180932823 0.020490266651510762 0.020490266651510762 0.043313298669588954 0.1884430180932823
46 1472 0.22557360251444614 0.1967961743478444 0.024505170057846352 0.024505170057846352 0.04039573725001735 0.1967961743478444
47 1504 0.22905931594952864 0.19221910441040452 0.02189826143208193 0.02189826143208193 0.039560036295746566 0.19221910441040452
48 1536 0.21495088361189804 0.17941571825377786 0.02060586767171719 0.02060586767171719 0.034092467965882285 0.17941571825377786
49 1568 0.2031572121126179 0.18697164253785725 0.018442498820596894 0.018442498820596894 0.03389434740416393 0.18697164253785725
50 1600 0.18417434318837003 0.19500730368316688 0.018215789147263253 0.018215789147263253 0.028406889484516036 0.19500730368316688
51 1632 0.14927174831729514 0.17482493788242986 0.017667909728277902 0.017667909728277902 0.025299384388356223 0.17482493788242986
52 1664 0.17597754948916033 0.14508309732032876 0.01751591436679627 0.01751591436679627 0.02087140303847726 0.14508309732032876
53 1696 0.1729097244149113 0.1550282833721039 0.018337745169594764 0.018337745169594764 0.021072601892557618 0.1550282833721039
54 1728 0.17736460850598584 0.13884751906732568 0.016189767362212712 0.016189767362212712 0.025776375897945868 0.13884751906732568
55 1760 0.14675820339988815 0.14785181486078378 0.015554513279475768 0.015554513279475768 0.026211967969216203 0.14785181486078378
56 1792 0.15272452267181233 0.13511729314139057 0.014728404875795308 0.014728404875795308 0.02421491727561483 0.13511729314139057
57 1824 0.13672452433791576 0.14553885818022044 0.013076114083501551 0.013076114083501551 0.02144193827901876 0.14553885818022044
58 1856 0.16306455949153079 0.12820262955274872 0.013454578488756207 0.013454578488756207 0.022424041592751808 0.12820262955274872
59 1888 0.14259675738384012 0.14581039791869654 0.012535373121061738 0.012535373121061738 0.02734597730959582 0.14581039791869654
60 1920 0.1499577526942748 0.13231608556844673 0.010705680890180005 0.010705680890180005 0.02405873624105385 0.13231608556844673
61 1952 0.15368069066873075 0.10764163912303228 0.010105812850951437 0.010105812850951437 0.02650234542761654 0.10764163912303228
62 1984 0.1771239630371527 0.10346748451739135 0.008190842728136026 0.008190842728136026 0.028047251475036835 0.10346748451739135
63 2016 0.17889286789271067 0.09575783683126107 0.008012459582116573 0.008012459582116573 0.03096672238574987 0.09575783683126107
64 2048 0.19316415401546172 0.09276849168897904 0.006605387849117378 0.006605387849117378 0.029608478683739878 0.09276849168897904
65 2080 0.1650250641721967 0.10426509571804371 0.006373703608585748 0.006373703608585748 0.026599713074405774 0.10426509571804371
66 2112 0.13766988208430694 0.09885102913572065 0.005397011503132283 0.005397011503132283 0.02515144498723532 0.09885102913572065
67 2144 0.12295910367976035 0.08417363103560974 0.004866092398923973 0.004866092398923973 0.023718187151246302 0.08417363103560974
68 2176 0.12336491727444658 0.08514432786473453 0.003906285500770369 0.003906285500770369 0.023616687410558827 0.08514432786473453
69 2208 0.10913650741894566 0.08283695515375174 0.003633571879551635 0.003633571879551635 0.0224355080923811 0.08283695515375174
70 2240 0.13764447235802152 0.07811851702720407 0.003279698494648222 0.003279698494648222 0.020439773904015034 0.07811851702720407
71 2272 0.12361231526090213 0.10451071317544867 0.0031375521194394675 0.0031375521194394675 0.019008075584794625 0.10451071317544867
72 2304 0.11155793504622001 0.10907598592442565 0.002790835082349242 0.002790835082349242 0.015679976521878223 0.10907598592442565
73 2336 0.11117027501534894 0.11020883076407753 0.0027522041599159198 0.0027522041599159198 0.01326121934765508 0.11020883076407753
74 2368 0.10189475771207954 0.0893238334956549 0.0026183811784612422 0.0026183811784612422 0.012066128305998628 0.0893238334956549
75 2400 0.09604985075591749 0.08324822444026883 0.0023628135899028038 0.0023628135899028038 0.012392766234733392 0.08324822444026883
76 2432 0.10461993570335032 0.08312539171263134 0.0021282452412374874 0.0021282452412374874 0.011868782971339328 0.08312539171263134
77 2464 0.09401331288374765 0.08575009922487578 0.002495682546917215 0.002495682546917215 0.012135883355603339 0.08575009922487578
78 2496 0.07707235425736379 0.10007223643769901 0.0022622256798383923 0.0022622256798383923 0.015245608662995777 0.10007223643769901
79 2528 0.06776411674797904 0.0931404076028386 0.0019361494959560088 0.0019361494959560088 0.013323684689212594 0.0931404076028386
80 2560 0.06440736204831811 0.07922329442844303 0.0015574268338409917 0.0015574268338409917 0.01294803809713661 0.07922329442844303
81 2592 0.0849206391242648 0.07495664781056639 0.0014847357068222108 0.0014847357068222108 0.011848696293490543 0.07495664781056639
82 2624 0.07671036176288527 0.080832786855768 0.00197914080838648 0.00197914080838648 0.009793612946743389 0.080832786855768
83 2656 0.08548544345681217 0.08510982001355834 0.0020505334044922776 0.0020505334044922776 0.008463895548783136 0.08510982001355834
84 2688 0.07732044677251607 0.07533730933188022 0.0024546152626807455 0.0024546152626807455 0.006758587197836618 0.07533730933188022
85 2720 0.06491370515866628 0.061571505064339165 0.0023980689791899467 0.0023980689791899467 0.007121384315371759 0.061571505064339165
86 2752 0.06588222963334145 0.06138403043476604 0.0020797505840718495 0.0020797505840718495 0.00628754588568463 0.06138403043476604
87 2784 0.07605654178853569 0.06736990241211868 0.0023906106814774366 0.0023906106814774366 0.005236958695131475 0.06736990241211868
88 2816 0.07233741760999118 0.05882758240045558 0.0024863404182039997 0.0024863404182039997 0.005903284167648454 0.05882758240045558
89 2848 0.08058403709767484 0.06941628484205568 0.0020951146204307284 0.0020951146204307284 0.006078404812283432 0.06941628484205568
90 2880 0.0802914196902383 0.07418044337137873 0.0017971418881771151 0.0017971418881771151 0.005375108602503751 0.07418044337137873
91 2912 0.07014157101208864 0.07184916078916939 0.001789007532297901 0.001789007532297901 0.004411799876748539 0.07184916078916939
92 2944 0.07047006693402637 0.08047549179759884 0.0017129863858781596 0.0017129863858781596 0.004345245104921881 0.08047549179759884
93 2976 0.0873383112710117 0.08917846513550937 0.0016901202097626745 0.0016901202097626745 0.004188246401990118 0.08917846513550937
94 3008 0.0940095495793927 0.09154083784778592 0.001581957662244037 0.001581957662244037 0.004370146063679011 0.09154083784778592
95 3040 0.10266068090086197 0.08564213576745511 0.0014944983292631048 0.0014944983292631048 0.0037539929181628494 0.08564213576745511
96 3072 0.0930695504491391 0.09675967258963984 0.00145454259048207 0.00145454259048207 0.0031874963723901085 0.09675967258963984
97 3104 0.08748800440316452 0.08934435639080233 0.0014940743515309265 0.0014940743515309265 0.0030606218164577815 0.08934435639080233
98 3136 0.07526849784485183 0.09808345777128517 0.001266204070922795 0.001266204070922795 0.0030813217276508746 0.09808345777128517
99 3168 0.0774520031388891 0.08482020364952131 0.001035776498412377 0.001035776498412377 0.002874696588828179 0.08482020364952131
100 3200 0.07337291413360338 0.07846757635429631 0.0009842585497600146 0.0009842585497600146 0.00270337975482768 0.07846757635429631
101 3232 0.062127124264305625 0.07463723444898226 0.000820695847514878 0.000820695847514878 0.0031163039961113635 0.07463723444898226
