% # columns="iteration, evaluation, sigma, void, void,  stds==sigma*sqrt(diag(C))", seed=1, Fri Feb 20 09:26:33 2026, <python>{}</python>
1 32 0.17895432929889762 0 0 0.2083538875197638 0.13823704702696385 0.1557675160868291
2 64 0.21066517209828156 0 0 0.26746337613280086 0.15070895624281766 0.15199437097848523
3 96 0.24006307817200967 0 0 0.30653802801869573 0.1346380719702722 0.17416292398761837
4 128 0.2357663653772485 0 0 0.235510602086136 0.09970425333079838 0.16441763566381717
5 160 0.20880795560173815 0 0 0.17959394185978833 0.07543569789250552 0.12338642820992662
6 192 0.21654848521568318 0 0 0.1557113026275296 0.06652188625579819 0.10498100268144936
7 224 0.18634543273748608 0 0 0.11219057686637568 0.046889167506811893 0.0783880618531855
8 256 0.14726762585212855 0 0 0.06500183047435275 0.02866111837329145 0.055971005427815475
9 288 0.13756183734763752 0 0 0.050640005036358765 0.02534497531965353 0.04506404084307294
10 320 0.11352677228005173 0 0 0.03956936181084162 0.019184005993553882 0.033299956045732826
11 352 0.11247654166222465 0 0 0.03874926236724356 0.015440451832236605 0.03828776565102184
12 384 0.11168422994516003 0 0 0.042818910355349314 0.015470131131670336 0.035523504695147035
13 416 0.1058984664745185 0 0 0.03928377564214903 0.012762826140293386 0.03284514173294505
14 448 0.08520210784190332 0 0 0.02902221230235246 0.008467645815203003 0.02591478153973408
15 480 0.07354455781955811 0 0 0.022108334711054615 0.0061928149962503344 0.02151098715977647
16 512 0.06628212911696095 0 0 0.01896542876679058 0.005609349947589272 0.01567440385021773
17 544 0.06760011701201916 0 0 0.022557743004148353 0.0062055956184277105 0.015564923477418042
18 576 0.07722790025123041 0 0 0.02495985888116759 0.006837852773696236 0.021683214978641625
19 608 0.10007080190902269 0 0 0.036307869523813055 0.009145141601368626 0.028323715987804858
20 640 0.11439817710864339 0 0 0.038262966914729114 0.010299856868461797 0.03162412039806817
21 672 0.11539936286331122 0 0 0.03477301800206739 0.008444865160279254 0.02601289157135382
22 704 0.12496777537328294 0 0 0.038576704237348505 0.009530310847163995 0.027073447692451437
23 736 0.11624417984975381 0 0 0.03258237040194706 0.008975523286826716 0.02079383900683086
24 768 0.14232400900031314 0 0 0.03621054798811767 0.013583541052360365 0.021911206252290434
25 800 0.12893336894116664 0 0 0.031294535218554305 0.013883510960421772 0.020318859587287998
26 832 0.12554526259400148 0 0 0.03208386496001968 0.011681750878212365 0.017608620498141967
27 864 0.11063663422291835 0 0 0.02890140005477756 0.011430274771073678 0.013839606265232996
28 896 0.11457294446634919 0 0 0.026993253996746878 0.011018028427509305 0.013312096606852388
29 928 0.11425155351436692 0 0 0.02911649073651609 0.010959262629935037 0.015851939841413174
30 960 0.11896308769917677 0 0 0.03062915177034469 0.011375757583489668 0.016426463177898424
31 992 0.10147839679670737 0 0 0.021760204503732235 0.008625848265051195 0.011847582286932406
32 1024 0.09234604628102978 0 0 0.018384105374221887 0.00686141040317283 0.009959838519122143
33 1056 0.10383080204026511 0 0 0.023000138244619054 0.007003224073653661 0.012599071839797419
34 1088 0.10153063078334927 0 0 0.02259482217386812 0.006265531127853933 0.012487173997836585
35 1120 0.09602935373539581 0 0 0.019705775765368534 0.005460902422304394 0.011134214342895455
36 1152 0.10577697676536463 0 0 0.020026689928905515 0.006194368357438934 0.01178515718928282
37 1184 0.11921534475910281 0 0 0.023858968437445924 0.008149209293002698 0.013773156678202154
38 1216 0.12091873503622362 0 0 0.02174589706221812 0.008318482899213858 0.01253884569986282
39 1248 0.14204151256368902 0 0 0.023378440391769364 0.008137436287729796 0.014912868475635823
40 1280 0.13575597538634346 0 0 0.022312112956640023 0.007244627420071861 0.014154497450920138
41 1312 0.12072329186413665 0 0 0.01811402536867672 0.006431151757939618 0.011593728268162773
42 1344 0.12833747982015423 0 0 0.015841653997294747 0.00576423185761486 0.010626662724455024
43 1376 0.1501501532834248 0 0 0.020826395813344327 0.008046697532972066 0.01378807592503885
44 1408 0.1698455987427326 0 0 0.02698669214477542 0.01104027237463786 0.015506760050763254
45 1440 0.21182504847414177 0 0 0.0359262429137064 0.011262735274661477 0.02050298085819914
46 1472 0.22557360251444614 0 0 0.03754220066896408 0.012706921089274997 0.020327350199013775
47 1504 0.22905931594952864 0 0 0.03512593301064724 0.011453817539185287 0.020178972560908646
48 1536 0.21495088361189804 0 0 0.034156210802987266 0.01300483631085652 0.018661094823746
49 1568 0.2031572121126179 0 0 0.033867527281465894 0.011282960975073088 0.018498738268009456
50 1600 0.18417434318837003 0 0 0.027671699417872557 0.01022019995592196 0.014101500201907792
51 1632 0.14927174831729514 0 0 0.018812831971777858 0.006774549272911306 0.00925974373580097
52 1664 0.17597754948916033 0 0 0.023244314881493783 0.008743968132543776 0.01231625774001038
53 1696 0.1729097244149113 0 0 0.02035972092895671 0.008614152985522074 0.010740927560422229
54 1728 0.17736460850598584 0 0 0.022031064165224826 0.010044505005996974 0.011430068938203412
55 1760 0.14675820339988815 0 0 0.016515294235632815 0.006830792828260282 0.009544548970393573
56 1792 0.15272452267181233 0 0 0.01831364679811038 0.0077395427473739625 0.010652555126619572
57 1824 0.13672452433791576 0 0 0.014204884264780341 0.006214283575989882 0.008923796285258547
58 1856 0.16306455949153079 0 0 0.018111233221726444 0.007363016604907518 0.0143928424400456
59 1888 0.14259675738384012 0 0 0.014288782340435093 0.005376422145852962 0.011705576892746804
60 1920 0.1499577526942748 0 0 0.012016801487635656 0.004719038822451496 0.010581714102896073
61 1952 0.15368069066873075 0 0 0.011715086296589223 0.004481437632101079 0.010755333705022529
62 1984 0.1771239630371527 0 0 0.013006316346450683 0.005695109414586144 0.010870879757928768
63 2016 0.17889286789271067 0 0 0.012869744540365154 0.006023724807973937 0.010146472105991776
64 2048 0.19316415401546172 0 0 0.015234961551783562 0.0070208006664485905 0.01233495482837695
65 2080 0.1650250641721967 0 0 0.012518280973384881 0.005973997863056756 0.009577864769520291
66 2112 0.13766988208430694 0 0 0.008897528744599547 0.004256241189583816 0.006936498071107149
67 2144 0.12295910367976035 0 0 0.00810479428839135 0.003870036122688831 0.006132210714530914
68 2176 0.12336491727444658 0 0 0.008149115724907337 0.004082480385266161 0.005405384799505992
69 2208 0.10913650741894566 0 0 0.0068625503388572776 0.0034665680600703777 0.004321818236126368
70 2240 0.13764447235802152 0 0 0.011445099926632889 0.0051616517395031225 0.007505754962680102
71 2272 0.12361231526090213 0 0 0.010552356862998926 0.004407711545833401 0.007408816161337035
72 2304 0.11155793504622001 0 0 0.009684022837230686 0.004147646112028642 0.006516019374064383
73 2336 0.11117027501534894 0 0 0.007859413948560467 0.0033878441055357656 0.005219595470429173
74 2368 0.10189475771207954 0 0 0.006683117290470008 0.0028400023248437447 0.004569095822415608
75 2400 0.09604985075591749 0 0 0.0064040479390815655 0.0028388753270922424 0.004002185075125535
76 2432 0.10461993570335032 0 0 0.0072335317291079655 0.003305378551839851 0.004348859282585771
77 2464 0.09401331288374765 0 0 0.007648701950053978 0.0035677791183674735 0.004402343964317894
78 2496 0.07707235425736379 0 0 0.005790749528697672 0.0026107961025131706 0.003501330729482941
79 2528 0.06776411674797904 0 0 0.004343658419407485 0.0020335629255714394 0.002568851780583854
80 2560 0.06440736204831811 0 0 0.003913884814949134 0.0018458234867588473 0.0022744757264210615
81 2592 0.0849206391242648 0 0 0.005568869036340028 0.0025991744506118288 0.003173567490109149
82 2624 0.07671036176288527 0 0 0.005258063209934576 0.002509297074778651 0.0030212228067376013
83 2656 0.08548544345681217 0 0 0.005168340010621112 0.0024467581475706803 0.0030259226116538156
84 2688 0.07732044677251607 0 0 0.003823325888465407 0.0018253599539576092 0.002247759435534723
85 2720 0.06491370515866628 0 0 0.003204356146616089 0.0015070360791701867 0.0018770478967522898
86 2752 0.06588222963334145 0 0 0.0035468229920630114 0.0015791732946823624 0.0021840796644779226
87 2784 0.07605654178853569 0 0 0.0035731759881998983 0.001635637175911238 0.0021938817178285123
88 2816 0.07233741760999118 0 0 0.004015518145826027 0.0017706137164632525 0.0024841997342694953
89 2848 0.08058403709767484 0 0 0.004728598107637586 0.00205393628574935 0.003060049961562537
90 2880 0.0802914196902383 0 0 0.0045472369836001515 0.0019456742557596171 0.002993822509266249
91 2912 0.07014157101208864 0 0 0.004470212541517237 0.001940116987042895 0.002867552575621797
92 2944 0.07047006693402637 0 0 0.004957151952622117 0.0021388877250257308 0.0032321726102848575
93 2976 0.0873383112710117 0 0 0.006337036717812876 0.0028641018688575514 0.003965354482165025
94 3008 0.0940095495793927 0 0 0.006387463738004745 0.002924625745309404 0.003951282573338785
95 3040 0.10266068090086197 0 0 0.00784632653708607 0.0035531617693250555 0.004961077509039521
96 3072 0.0930695504491391 0 0 0.006548137497516152 0.0030201270798817076 0.004152638242741571
97 3104 0.08748800440316452 0 0 0.0067527558770269745 0.0030783638238736596 0.004317943002292012
98 3136 0.07526849784485183 0 0 0.00502500194957312 0.0022763699546819987 0.0032217295076837965
99 3168 0.0774520031388891 0 0 0.004791676494648192 0.002175094313231564 0.0030486237594857394
100 3200 0.07337291413360338 0 0 0.004317546966810199 0.0019282710943045367 0.002772524358144329
101 3232 0.062127124264305625 0 0 0.003484895128211786 0.00159575408725921 0.002217718048333628
