% # columns="iteration, evaluation, min max(neg(.)) min(pos(.)) max correlation, correlation matrix principal axes lengths  (sorted square roots of eigenvalues of correlation matrix)", seed=1, Fri Feb 20 09:26:33 2026
1 32 0.06599723492971477 0.09056507563431249 0.24110266727140747 0.26671402377917475 0.8444435702574583 0.9703741232689083 1.1598659911993856
2 64 -0.002400510727221883 0.05406089387357999 0.5049210427254018 0.5987463544085405 0.6001077525502463 1.000786015324052 1.2799601700290908
3 96 0.05751036177523058 0.15874425948255955 0.4965882410443948 0.5079690038576775 0.5840101892939823 0.9709509603216665 1.3100329505211843
4 128 -0.14661837822739454 -0.0335257112584563 0.49084096668383953 0.5525371923623332 0.5470844140310038 1.0593469628468688 1.2563767970762068
5 160 -0.24604615633066287 -0.1295451027867563 0.37066388207392587 0.4208991568169133 0.6312597830757603 1.0860255571122561 1.1925013943682237
6 192 -0.4072376978180512 -0.2733056045542757 0.21436441256821115 0.242988991678598 0.6801997621567928 1.0540446594389588 1.1942856188827076
7 224 -0.3464060983856736 -0.22292733237668835 0.1947985432535722 0.21056173578800716 0.7207662625530455 1.0613744633077948 1.1636065672740956
8 256 -0.41260528776095823 -0.27927647422247803 0.19847059654380156 0.22439080659408123 0.6878463494238694 1.0484265184834918 1.1948511350477269
9 288 -0.048086943783616956 0.010580979176427155 0.26530768663122517 0.29154866615611374 0.7942384044760046 1.0215248394826746 1.1513784604443953
10 320 -0.14213809701083358 -0.12363778026021441 0.3328162081360328 0.46646722085082937 0.7262471159001358 0.9810780168099568 1.2288413451617652
11 352 -0.20977511073513336 -0.19535786118965312 0.29380160626049295 0.4424375125317281 0.7437120358775055 0.9418760941695915 1.2489042521037277
12 384 -0.33812037282282237 -0.27992489619997496 0.2775122723132328 0.40512918519478797 0.7219184152970423 0.9468384733443566 1.2579072728345027
13 416 -0.322765122277288 -0.2726455942349206 0.33250599275185144 0.4841036603717414 0.6851837520785002 0.9422880901017335 1.2816459656005068
14 448 -0.2989962232717802 -0.22691814432785445 0.4085911811912914 0.5483495440870809 0.6163428556566269 0.995499777368714 1.2763626747675896
15 480 -0.23963597406242593 -0.15413605313783452 0.41948362265980366 0.525190260334425 0.6158913443271754 1.037424524724881 1.2427502594979487
16 512 -0.2741161433362542 -0.14991255472450293 0.3711007475937991 0.42056825975481515 0.616423636726454 1.0930335824027677 1.1938590736869679
17 544 -0.4215368308108725 -0.2897467788347645 0.3931242499357562 0.4889578742164884 0.5476424616050654 1.05090789362736 1.2632024118718463
18 576 -0.5130988328591811 -0.4164888111328561 0.4333832903889654 0.6200639691699141 0.5045428012275504 0.9357840010748902 1.3673861433632153
19 608 -0.5954627808860351 -0.49447636228576003 0.44022067580499824 0.6507999365683093 0.4559791190352636 0.8996190742583602 1.4081081507591509
20 640 -0.5913230899984172 -0.49443475267331866 0.49206820178012384 0.7240141826061728 0.3981928821298729 0.8948471155068682 1.428527587584553
21 672 -0.5087855574114835 -0.44249600824378427 0.39780287011828624 0.6116129470712772 0.5597916662007066 0.8725520993343671 1.3875468007960758
22 704 -0.47229383190052543 -0.41606665453281894 0.5170145320116045 0.7718144168253726 0.43486833058382857 0.8851614006312634 1.4238605373728617
23 736 -0.4039328753418949 -0.3350617980427264 0.5354193737380367 0.756708687032456 0.4364808837068312 0.94553518088964 1.3839969869398199
24 768 -0.19011622117979418 -0.1799433296019897 0.5684565556119594 0.8077502924388045 0.43724010443312955 0.9669856454850864 1.368853481020192
25 800 -0.4062964810536412 -0.3943067216628729 0.5210572006673208 0.8141887487199504 0.428957951503292 0.8555582159739548 1.443611864360211
26 832 -0.30613333019260724 -0.28434073194056014 0.5657812036285375 0.8273625838995229 0.409349958020178 0.9287664224196294 1.4035047361711044
27 864 -0.3077383229218308 -0.27850820629996936 0.6020750936665283 0.8663727437001663 0.3537238190816218 0.9395598462579938 1.4114201199904888
28 896 -0.017218704848630265 0.011279725440760838 0.6622774474232841 0.850778257794734 0.37634558313992694 1.0019309823715046 1.3617996580316578
29 928 0.01641891165072619 0.0693895757778583 0.7335497271103077 0.901965780093992 0.2708760556881747 0.9960876312343725 1.390839887750101
30 960 -0.08443473153023828 -0.02437961288454607 0.7304673483451128 0.9220278834426403 0.21824946883253002 1.0136762821399297 1.3873815496759672
31 992 -0.15277011803324056 -0.09812435183601234 0.716527967873106 0.9334329749122505 0.2039338585294095 1.0103908105842943 1.3919487746437078
32 1024 -0.26904229179092726 -0.2309919923020553 0.6885250956144634 0.9569804920977643 0.1748584519083546 0.9693949848466711 1.4246746594048536
33 1056 -0.06047733437710012 -0.027179298491118158 0.740427719967509 0.9629986902344028 0.16696261759166353 1.0045131516834163 1.4010984306685914
34 1088 -0.17069060821540075 -0.13428779907915847 0.7155644455089168 0.962445717902033 0.16294760663855215 0.9956809595508948 1.4078591919217547
35 1120 -0.46684505809362997 -0.4324514311497706 0.6392169354753804 0.9620460974065713 0.16208344293823082 0.8668815381658325 1.4907197443894442
36 1152 -0.6457200630058777 -0.6064899665189637 0.5854341689547747 0.9435121176257736 0.1918580265124827 0.7479853500075507 1.5503897619104743
37 1184 -0.7928049371341515 -0.7727874510698258 0.5512286559176562 0.9725498721824913 0.13943438567110922 0.5688119567917024 1.6300340517618996
38 1216 -0.7834225082666033 -0.7604297684137111 0.5518590831489204 0.9662959604835721 0.1534672696046804 0.5860501910001836 1.622649984065797
39 1248 -0.7920906051894252 -0.7684733998506694 0.5458866919286589 0.9603895171830126 0.168460176182176 0.5772780839692108 1.6243063697497175
40 1280 -0.8161022063997605 -0.8001151065722746 0.5406895279130176 0.9716373062472957 0.14988052772827762 0.52991794872887 1.6421701480123427
41 1312 -0.7664873195112241 -0.7438198235114302 0.5551740593937688 0.9655045243623747 0.1585196475144526 0.6027552392341756 1.6160314486196259
42 1344 -0.73087938047847 -0.7047844850134093 0.5432503427763207 0.9331670565745033 0.23420521145261297 0.6408835320543154 1.5919849927904541
43 1376 -0.6687100842460596 -0.6114461088777638 0.5716778142175396 0.9087884798810117 0.22125355631037072 0.7667013680146013 1.5372754717696344
44 1408 -0.7558558094354525 -0.6948989843100843 0.5557872301756915 0.9117258098789154 0.1820061016167037 0.708381849026916 1.570053800015623
45 1440 -0.5343006076991003 -0.4749419162156746 0.6166299320848009 0.9211285233682005 0.20600773428109556 0.8647306360635286 1.4865401913401246
46 1472 -0.4037178177689255 -0.34131432683378454 0.6581543357987696 0.9289070657411466 0.189138056859495 0.9426351463182433 1.440717104907483
47 1504 -0.4100044492263134 -0.3443737009531013 0.6582623325853123 0.9268435954915715 0.18483418785788874 0.9444219713281327 1.4401053652672777
48 1536 -0.3800901886659078 -0.3010218854862118 0.6735575383174253 0.9193490430722749 0.16241977084031503 0.9772552634413898 1.420771610117643
49 1568 -0.2711980076357889 -0.18213674236510363 0.7044809446256847 0.9109589083519288 0.15312010531822828 1.0228658979209395 1.389352218919927
50 1600 -0.4918885118401601 -0.3840727458673315 0.6357879286060208 0.8679257207909763 0.1659268923641857 0.9736729852175484 1.4228243687285906
51 1632 -0.5313232333972071 -0.401383875492507 0.603118730929034 0.8080135751648474 0.19552890532010186 0.994676454310265 1.4044170315205817
52 1664 -0.5723210244012369 -0.4254463338175643 0.5800916419787425 0.7683962766605056 0.18594821313221585 1.0072446522436407 1.3967395865226715
53 1696 -0.6964262390067428 -0.5935693395836179 0.5602742254221654 0.8420318476676351 0.1910450361331997 0.849017476451606 1.4975550470178418
54 1728 -0.7846766118626677 -0.6715918208202964 0.5203114268493498 0.8045277183635273 0.1733063005572382 0.8171830952333965 1.5172925607976635
55 1760 -0.7446053110730693 -0.6337765820437811 0.5388105469083722 0.8188441941964685 0.1804252326028732 0.8368386345065616 1.5057050957067897
56 1792 -0.7713240991110459 -0.626425894620174 0.5064788151836744 0.7392155139607519 0.15199252141886474 0.899140593482251 1.4725639091683325
57 1824 -0.7608588743121438 -0.6191364777995713 0.5068883344321111 0.740507541996766 0.1754757691154615 0.897834658682631 1.470748510154466
58 1856 -0.8012723473607777 -0.6768832229263013 0.5065570706138718 0.7766480440261198 0.15986392662530383 0.8345404366023773 1.5092997663285623
59 1888 -0.7935499407369189 -0.6720892540319771 0.514303598854566 0.7883071964451387 0.1573798487984862 0.8320461355276135 1.5109370640585031
60 1920 -0.8354118087464784 -0.7463023360845906 0.5071745360381203 0.8358906874171362 0.18350988838783094 0.7218214453918661 1.563744839107801
61 1952 -0.8935960476570013 -0.8375760255877556 0.5044823763152115 0.8958151548802882 0.1609784314994422 0.5748814838617621 1.6259142732951446
62 1984 -0.9254430792663477 -0.8682291398135895 0.480634739024753 0.8730420925181089 0.16310474021499283 0.5534763723882652 1.6331138199547897
63 2016 -0.9503793066124124 -0.9013980159058504 0.47753776071466447 0.8882017288816075 0.1345081473070808 0.5007043753683577 1.6526350736914064
64 2048 -0.9443142557883264 -0.8871670180490873 0.48228626980894274 0.8816234613557137 0.1159803730693309 0.5371944102744917 1.6425500657917678
65 2080 -0.9585844183161744 -0.9150712052521336 0.48656214306923495 0.910260046112317 0.10073142559974836 0.467931832583634 1.6645999459184075
66 2112 -0.9598170075570511 -0.9259575680949041 0.4924902178449421 0.9314467070294107 0.10582082077489069 0.4208938539864488 1.6767976376316145
67 2144 -0.9749551531419622 -0.9477650593540754 0.4900100201799475 0.9420782862367351 0.08518797694148411 0.3694899524715381 1.6900355569061847
68 2176 -0.9803562210481743 -0.9491952504818526 0.48111476746147924 0.9267238028762683 0.07938922225550177 0.3884559690167346 1.686060292968474
69 2208 -0.9819040901130912 -0.9550271033178632 0.4850380490418206 0.9381827796998206 0.0750122893277726 0.3615133475442947 1.692241488676225
70 2240 -0.9790267393088985 -0.95544292694384 0.4954853690537445 0.9555443220212143 0.0552221228575618 0.34187763082219264 1.697076958387718
71 2272 -0.9728266420559897 -0.9484116391327773 0.5009584362012677 0.9596667917227368 0.04784997878524009 0.3539541087317183 1.6948235508282818
72 2304 -0.9660228271101355 -0.9318036044635059 0.4990846863809037 0.9418282273490773 0.0461793812263874 0.4146535207831117 1.681050243880806
73 2336 -0.9637424499577469 -0.9221174643877693 0.49367993933157717 0.9239874216680484 0.05477163494347745 0.4529832163800107 1.670869915248832
74 2368 -0.9705794886936685 -0.9304928160590122 0.4886611169392834 0.921625755304059 0.054760042552032095 0.4401648908137955 1.6742927481878969
75 2400 -0.9773822615108543 -0.9399851376515924 0.4850628227556039 0.9226816856987408 0.048313947676089194 0.42156036496758076 1.6792714554676242
76 2432 -0.9715454955743601 -0.9372407160627896 0.49343505315602826 0.936022196717397 0.05257047299359476 0.4100000674963591 1.682003653391458
77 2464 -0.9858042804445457 -0.9675366559368379 0.49569826043541726 0.9651756080517944 0.04070262375130405 0.29811711042421624 1.7057167071035197
78 2496 -0.9856688703952796 -0.9649529406752377 0.493864662767326 0.9594212675281387 0.03838609010981686 0.3154583583800009 1.7026486813827084
79 2528 -0.990554265453213 -0.9762006350620238 0.4949100519994625 0.9709266506287688 0.03581894729551218 0.26224974658974837 1.7117073562464626
80 2560 -0.9900883044261348 -0.9742234546684492 0.49394005753168746 0.9674630451740475 0.03598543853672424 0.2751009796714176 1.7096854971593887
81 2592 -0.9753549257228903 -0.9377164893591492 0.4877008169713025 0.925201482717712 0.04418414036646509 0.4239452342738857 1.6787847390527877
82 2624 -0.9658530757753296 -0.9084964347721696 0.47782965637941766 0.8825817124267867 0.043152056559602144 0.5210520565222185 1.651254872637366
83 2656 -0.9232311026350883 -0.8192949819183875 0.46813765916779315 0.7933457521464858 0.05734021721811343 0.7079904354816797 1.5797030235952076
84 2688 -0.9317508681372545 -0.8502488079278465 0.4822351244648497 0.844894375053007 0.0679454705028873 0.6321270462827341 1.6111482893874192
85 2720 -0.9346415400206256 -0.8497815890077931 0.47767985447223765 0.835307051286082 0.05981077298856002 0.6414924650948003 1.6077655577418952
86 2752 -0.8676645203317351 -0.7265682525831941 0.4717513763080626 0.7300949848566071 0.0629578335932437 0.8377990483743678 1.5146382623360106
87 2784 -0.8863168205650168 -0.7848099208144201 0.4974508997681232 0.8233642735450408 0.07276058962317303 0.7222222487938033 1.572609589168561
88 2816 -0.9174386162625568 -0.8487356821544043 0.5068936968304102 0.8900672223838625 0.0527869741720755 0.5983043960701333 1.6245754476172873
89 2848 -0.9170879282555544 -0.8537086097178601 0.5121870924981781 0.9041063413658299 0.04236765536798779 0.580149173912653 1.6314508628172308
90 2880 -0.8800742909534024 -0.7926881201258855 0.5173429671678033 0.8666338254381827 0.04329430536544524 0.6852517284355987 1.5901432865622358
91 2912 -0.890428691825162 -0.8053157854979134 0.5133209412549047 0.8677536105119288 0.03699025446967821 0.6710613307993879 1.5963421974564298
92 2944 -0.8807627003784013 -0.7990466012361341 0.521975083676862 0.8805995461722601 0.03252010738576094 0.66790846073131 1.5977611619698204
93 2976 -0.9025666131641765 -0.8386954365002454 0.5215434200983649 0.9110851956339704 0.029132139441605205 0.594118045469276 1.6267068163929608
94 3008 -0.8719096186801732 -0.8048264721751682 0.5357977968765714 0.9155894067221463 0.02864554847975159 0.6306687865614786 1.6128968702956077
95 3040 -0.8454787055119383 -0.7594037586071949 0.538470211470805 0.8850199212587282 0.024586695341042814 0.7068289071895839 1.5810719118286127
96 3072 -0.7641571280116898 -0.680726796355818 0.5751219156432298 0.9103078213203739 0.026274630184729145 0.7604561429946056 1.555961470728123
97 3104 -0.818492508675464 -0.7540349736354779 0.5604198392168996 0.9341139084610395 0.020605736253846714 0.6688945921648253 1.5975466904620004
98 3136 -0.8613440797457409 -0.8087205877003532 0.5466559872466301 0.9458246868502369 0.01974432618676806 0.5957785201721748 1.626240485440233
99 3168 -0.8530259695350622 -0.7997602584190765 0.5498231259353318 0.9464185429374822 0.020232491934616702 0.6056949273403607 1.6225671946838658
100 3200 -0.9173395005986257 -0.8869464890881098 0.5290755263764123 0.9706898533540704 0.01803359463881463 0.4566468909531445 1.670673039959414
101 3232 -0.9199213634391149 -0.8874874550179004 0.5275271669867567 0.9667647992337612 0.019100591573998477 0.46154842921126926 1.6693136957726473
