% # columns="iter, evals, sigma, 0, fitness, xbest" seed=1, Fri Feb 20 09:26:33 2026, <python>{}</python>
1 32 0.17895432929889762 0 18.064496682361547 0.47794157032315004 0.1582350085487096 0.17077159625770552
2 64 0.21066517209828156 0 17.35291967447617 0.4405789274610866 0.14790168425413341 0.2831157392465593
3 96 0.24006307817200967 0 17.15072878695414 0.4056033191472831 0.186235831323719 0.05486223204897317
4 128 0.2357663653772485 0 16.444991465666934 0.49999173441062245 0.1262507513885588 0.05588384088971434
5 160 0.20880795560173815 0 15.307176621619629 0.344001870120085 0.14734055030023901 0.16160037342969258
6 192 0.21654848521568318 0 16.02549768456488 0.49224801662383677 0.12431231154397376 0.06390090420879163
7 224 0.18634543273748608 0 14.912887666904616 0.49191944389253334 0.1875117981046161 0.1946389530850481
8 256 0.14726762585212855 0 16.316640306510276 0.49989204244200736 0.12325097557292594 0.06679536514667592
9 288 0.13756183734763752 0 13.27279213417364 0.4956753827838773 0.13795604974790615 0.052785356358621104
10 320 0.11352677228005173 0 14.515021737433237 0.4734335166511068 0.14161693130350198 0.05259630792606955
11 352 0.11247654166222465 0 15.424892846550716 0.49998381148665233 0.10531019819480668 0.05008676018950315
12 384 0.11168422994516003 0 14.004469427893447 0.4781586933203276 0.14953914209270355 0.05149836578520266
13 416 0.1058984664745185 0 14.250975686890214 0.49313258608013394 0.13823459913285424 0.05004734336185491
14 448 0.08520210784190332 0 15.240586924498178 0.4899508086000966 0.12095629511789134 0.05057362821848262
15 480 0.07354455781955811 0 15.550970584233774 0.4984442373703436 0.10990264028694548 0.06400736799621688
16 512 0.06628212911696095 0 14.690351552140651 0.49990321555357886 0.12770731842941221 0.05028837412325457
17 544 0.06760011701201916 0 15.524216898128376 0.4987978731882896 0.11088988876533903 0.05609289519127278
18 576 0.07722790025123041 0 14.658840704477113 0.49959546745929645 0.11548443194212202 0.05899356463698436
19 608 0.10007080190902269 0 14.726064076749847 0.49996397986078106 0.11096072708642424 0.05089296911480166
20 640 0.11439817710864339 0 15.580789564265059 0.4976442864976221 0.10996249019250343 0.05503211226457243
21 672 0.11539936286331122 0 15.651782579850076 0.49815740826993926 0.10761442976001835 0.05270196082072922
22 704 0.12496777537328294 0 15.149485669696983 0.49955811289598945 0.11634082916697122 0.05220369903649767
23 736 0.11624417984975381 0 15.554590024813216 0.49379961044075366 0.11183149625932086 0.05614515504849449
24 768 0.14232400900031314 0 12.29057120706373 0.4974529042138272 0.12817384613573404 0.06131980398596054
25 800 0.12893336894116664 0 15.422790636475089 0.4952139013934816 0.09257357667774456 0.055271363113551394
26 832 0.12554526259400148 0 15.632372448059513 0.48950359539965266 0.11769566165701759 0.05010510797337459
27 864 0.11063663422291835 0 14.055010667546282 0.49734389684439717 0.13018540410623294 0.05560861396606254
28 896 0.11457294446634919 0 12.82068481054753 0.49966812391318355 0.13074251114941893 0.05296678584722073
29 928 0.11425155351436692 0 15.31972557423614 0.49784395600904147 0.12944026826415356 0.05075971758401525
30 960 0.11896308769917677 0 15.20000503555331 0.49953591841095607 0.1118533910026541 0.051179082116712404
31 992 0.10147839679670737 0 15.406424068709175 0.49722683400401774 0.12721727999499255 0.0501596225137726
32 1024 0.09234604628102978 0 14.604726397036151 0.4999764732299661 0.11505727696230014 0.05271485827967805
33 1056 0.10383080204026511 0 13.290962560490964 0.4978103025192308 0.12697586180153278 0.050195723849229434
34 1088 0.10153063078334927 0 14.18274653270474 0.49392248207040373 0.12155285835996119 0.05000164434624552
35 1120 0.09602935373539581 0 15.218596021703405 0.49983298342061444 0.11383539880224136 0.0527859902064461
36 1152 0.10577697676536463 0 12.261904505095888 0.4989655174494691 0.11389648897384015 0.05008957521450504
37 1184 0.11921534475910281 0 15.05843390670477 0.4999996564875643 0.11469696738578665 0.05181122992336922
38 1216 0.12091873503622362 0 15.391131763498109 0.4977311311306779 0.11937888079844147 0.050350470235121646
39 1248 0.14204151256368902 0 14.886908972718103 0.4998200438770863 0.11278624307690376 0.051670416643770145
40 1280 0.13575597538634346 0 15.30898758999258 0.4999057817531124 0.1189170030982243 0.052790367155890285
41 1312 0.12072329186413665 0 15.729997891454726 0.49968759682270175 0.1189872469879419 0.05422426047191862
42 1344 0.12833747982015423 0 12.030993907538146 0.499999212786535 0.116161332578584 0.054394959654115185
43 1376 0.1501501532834248 0 15.358028177862828 0.49857075625707176 0.12515968349478424 0.05044464991744785
44 1408 0.1698455987427326 0 14.946768345332806 0.49829603335782485 0.12213395424560501 0.05085460351612192
45 1440 0.21182504847414177 0 14.53303243555919 0.4999569126888378 0.12332477593676566 0.053173269819707984
46 1472 0.22557360251444614 0 15.207821225488646 0.494689667649589 0.1123636767277284 0.05799650949847181
47 1504 0.22905931594952864 0 13.601096355163685 0.49122010167510677 0.13005198576864319 0.050355415220537283
48 1536 0.21495088361189804 0 14.633363523074621 0.49498700465368944 0.09682168907452454 0.057257363534850315
49 1568 0.2031572121126179 0 14.13746471226737 0.4925706317140421 0.1361821885517943 0.050037616622586135
50 1600 0.18417434318837003 0 15.090750130850049 0.4984892926252388 0.11043690222267483 0.054602064819397285
51 1632 0.14927174831729514 0 14.077736023284551 0.4999719926064344 0.12265296430984997 0.05194629845625539
52 1664 0.17597754948916033 0 12.95013956823304 0.49711629500993404 0.11391683010914284 0.05799576245948111
53 1696 0.1729097244149113 0 15.76207706768974 0.4999768394107087 0.13115617814034314 0.05353234229645999
54 1728 0.17736460850598584 0 14.630189110616811 0.498741931152461 0.11955524984210972 0.05648453484921798
55 1760 0.14675820339988815 0 15.223246775563979 0.4891620519197631 0.1005108246452551 0.06582669209945269
56 1792 0.15272452267181233 0 15.592510812811053 0.49996566659809266 0.12459052515633139 0.051624231435988835
57 1824 0.13672452433791576 0 15.25567599217785 0.49953656240288635 0.11694345741636449 0.05315042811980477
58 1856 0.16306455949153079 0 13.710762394904851 0.499204211743734 0.1286832030995267 0.0500253031511003
59 1888 0.14259675738384012 0 14.105569102618746 0.4970091085708648 0.11321964422656726 0.06007368996775256
60 1920 0.1499577526942748 0 14.680668255640636 0.4996929225508955 0.11658002537387635 0.05254714743335013
61 1952 0.15368069066873075 0 15.572418875367756 0.4991871002353934 0.11483376167671372 0.052224654056587584
62 1984 0.1771239630371527 0 15.518165762702912 0.498672972352848 0.11298433710944009 0.05319434943525353
63 2016 0.17889286789271067 0 14.983631971409551 0.49836851091899087 0.11155440188282373 0.05283675211059389
64 2048 0.19316415401546172 0 12.996327332444157 0.4992689955548571 0.11296945289834016 0.053003111643369905
65 2080 0.1650250641721967 0 15.187176418199432 0.49934504875162566 0.1151393954068493 0.05253217752158333
66 2112 0.13766988208430694 0 13.035098687434848 0.49753188141627913 0.10756605893366887 0.05387254156085046
67 2144 0.12295910367976035 0 12.248693177236486 0.4990282418935398 0.1126094252269485 0.05230953525575591
68 2176 0.12336491727444658 0 14.604818110799766 0.49863380447859795 0.11110544808065904 0.05253312805303641
69 2208 0.10913650741894566 0 13.330867605275726 0.4993987915009398 0.11506630403856472 0.052139932299085055
70 2240 0.13764447235802152 0 13.673272589255777 0.49700323138589775 0.10684504190641075 0.054364500536155116
71 2272 0.12361231526090213 0 14.076657327761787 0.49894584001473413 0.11195855483590854 0.05254421300221146
72 2304 0.11155793504622001 0 13.08854257513124 0.499004595490069 0.11278082343683077 0.05275140993772885
73 2336 0.11117027501534894 0 12.133196006364948 0.4996581958542087 0.11618047748220738 0.051896378160980555
74 2368 0.10189475771207954 0 15.188546591492731 0.49890931210301726 0.11183787374782732 0.052324839184176124
75 2400 0.09604985075591749 0 13.868958475177598 0.4966952312022697 0.10644988909545088 0.05481041806267184
76 2432 0.10461993570335032 0 14.112273216999206 0.49871360313849444 0.11132906343615052 0.05281121914894423
77 2464 0.09401331288374765 0 13.857446142542889 0.49985601064167695 0.11810711907376284 0.05177831101362131
78 2496 0.07707235425736379 0 14.694246736102379 0.4984912349226907 0.11091772201908189 0.05307330565583084
79 2528 0.06776411674797904 0 14.098598842613253 0.49894698268494075 0.11227727600046215 0.052628901801965916
80 2560 0.06440736204831811 0 15.472746852193648 0.49872101384288475 0.11195139599424313 0.053051827849856424
81 2592 0.0849206391242648 0 13.429876105311616 0.499516162311539 0.11532231402055587 0.05207354730620989
82 2624 0.07671036176288527 0 14.68217162879777 0.49886290162714747 0.11233741572297762 0.05302102519080373
83 2656 0.08548544345681217 0 15.078567625956822 0.4989198892932416 0.11230627367168229 0.052832319414857255
84 2688 0.07732044677251607 0 13.289489250937173 0.49913863825774296 0.11371251616345619 0.05270448994951085
85 2720 0.06491370515866628 0 14.719210617782121 0.49970988070339795 0.11646585670084215 0.05177647495649738
86 2752 0.06588222963334145 0 13.059299704981598 0.4997513581497479 0.11653150826710379 0.05164357237168472
87 2784 0.07605654178853569 0 12.562006541775357 0.4993198979328747 0.11371719301146195 0.052143722442613866
88 2816 0.07233741760999118 0 14.145551283315033 0.49971948425017726 0.11652915341574459 0.05172993726769452
89 2848 0.08058403709767484 0 14.868365907592072 0.49910418697921394 0.11303655311836915 0.052590467315870554
90 2880 0.0802914196902383 0 15.208693279854188 0.49852003914513593 0.11117978846279894 0.05335662651600188
91 2912 0.07014157101208864 0 15.474291593420363 0.49808240392370406 0.10977780778732117 0.053802377300489215
92 2944 0.07047006693402637 0 15.045288405586472 0.49892185213669243 0.11276636430332274 0.052929218820973935
93 2976 0.0873383112710117 0 14.194229673409371 0.4998397041077515 0.11755729028443211 0.05150889806540311
94 3008 0.0940095495793927 0 14.893913603623872 0.4990273115604516 0.11314671654093696 0.0527717268812219
95 3040 0.10266068090086197 0 15.361561191095468 0.49998431211718836 0.12177045842480566 0.05067388153791281
96 3072 0.0930695504491391 0 15.349975362408262 0.4989158454008728 0.11239418784337275 0.052904399406529155
97 3104 0.08748800440316452 0 14.44020920063586 0.49998048038816223 0.11940630400590423 0.05098537107058657
98 3136 0.07526849784485183 0 15.51468159018265 0.4996490087250545 0.11584732629419654 0.05182280472688084
99 3168 0.0774520031388891 0 14.437783920218752 0.4994692193200709 0.11521125497925236 0.05215649249907799
100 3200 0.07337291413360338 0 15.277892244901748 0.49928418665971636 0.11407130763765383 0.05240081040400861
101 3232 0.062127124264305625 0 12.827584351194691 0.4995668661803907 0.11568350224639051 0.05201422887225932
