% # columns="iteration, evaluation, sigma, max axis length,  min axis length, all principal axes lengths  (sorted square roots of eigenvalues of C)", seed=1, Sun Feb 22 03:49:30 2026
1 32 0.1786742047450483 1.0000333338888951 1.0 1.0 1.0000166668055563 1.0000333338888951
2 64 0.1811226590732856 1.2633832647222312 0.7534454113880213 0.7534454113880213 0.7957540777481701 1.2633832647222312
3 96 0.17592074770000796 1.2003903123735282 0.6117879206214262 0.6117879206214262 0.7201768139915933 1.2003903123735282
4 128 0.16515755766156873 0.9775643757610508 0.6021577561366199 0.6021577561366199 0.6702448243183482 0.9775643757610508
5 160 0.17744991249876188 1.0267500405035541 0.5279267798021477 0.5279267798021477 0.5843348596967057 1.0267500405035541
6 192 0.15801359486515626 0.9915840724820784 0.4848877537828815 0.4848877537828815 0.5368933378950002 0.9915840724820784
7 224 0.17335623887009502 0.8129511554009607 0.39654192901552543 0.39654192901552543 0.5455479444847167 0.8129511554009607
8 256 0.1808563268844486 0.8134389505930922 0.36359609824484657 0.36359609824484657 0.5138312275967222 0.8134389505930922
9 288 0.1909053415499137 0.6993091167608402 0.34511378421725813 0.34511378421725813 0.5112272112664362 0.6993091167608402
10 320 0.17160579432351272 0.7316726693621869 0.34797902647178436 0.34797902647178436 0.43778195836019995 0.7316726693621869
11 352 0.22337243160891043 0.6485925727294816 0.3328531304845315 0.3328531304845315 0.46199855287638486 0.6485925727294816
12 384 0.19886526109336347 0.6175421540700214 0.318465129370018 0.318465129370018 0.45094179371848053 0.6175421540700214
13 416 0.1950665023812078 0.5402533422173185 0.22884390592620965 0.22884390592620965 0.34643201836745 0.5402533422173185
14 448 0.1615884002924447 0.5254383028665105 0.23669732817530426 0.23669732817530426 0.2657073898994157 0.5254383028665105
15 480 0.1519476323811046 0.4338197487088062 0.18944970264097982 0.18944970264097982 0.26777968960236326 0.4338197487088062
16 512 0.16530634468939176 0.44673080969645057 0.16398268866646576 0.16398268866646576 0.3210745314632596 0.44673080969645057
17 544 0.16904134629828546 0.4819819869238611 0.196358717124108 0.196358717124108 0.29469400587982614 0.4819819869238611
18 576 0.17099714719144993 0.4333590661131358 0.18122576147196556 0.18122576147196556 0.2981919751782402 0.4333590661131358
19 608 0.14686533234755977 0.4420450406404866 0.19007519820842694 0.19007519820842694 0.3181179416204735 0.4420450406404866
20 640 0.13020042038048746 0.4102465677168618 0.17768964865079148 0.17768964865079148 0.29141581578437875 0.4102465677168618
21 672 0.14044801861063075 0.39534737094219435 0.15124259961734468 0.15124259961734468 0.271070215100034 0.39534737094219435
22 704 0.174091743962168 0.41920600608375536 0.1379956944920724 0.1379956944920724 0.27373651915616554 0.41920600608375536
23 736 0.1570225452494166 0.5297100825262353 0.12996625802814732 0.12996625802814732 0.22420307164738562 0.5297100825262353
24 768 0.19479673023416516 0.4763700196980927 0.1085001227358095 0.1085001227358095 0.18543240186480472 0.4763700196980927
25 800 0.18641046398738742 0.3957011630424578 0.15322589555118293 0.15322589555118293 0.17324737965215778 0.3957011630424578
26 832 0.2087486969528665 0.3573184366892919 0.1448574096903913 0.1448574096903913 0.17651356075800292 0.3573184366892919
27 864 0.16791221427818198 0.28697440525313694 0.16740558084648424 0.16740558084648424 0.17621222960692054 0.28697440525313694
28 896 0.19545911594992055 0.2515625275798716 0.14581960148923553 0.14581960148923553 0.1693258835924102 0.2515625275798716
29 928 0.17824857721228637 0.2981912206654526 0.11920412038438935 0.11920412038438935 0.1891204010161598 0.2981912206654526
30 960 0.2074953662508535 0.2747816707402571 0.0947503729068397 0.0947503729068397 0.1651061835215978 0.2747816707402571
31 992 0.1857939432313209 0.3004338410259448 0.10000218781687134 0.10000218781687134 0.16006082811748326 0.3004338410259448
32 1024 0.20627797500276335 0.24428347425343835 0.0892482851685423 0.0892482851685423 0.12064779187888705 0.24428347425343835
33 1056 0.21306302192638088 0.20232643610121082 0.10684433376604553 0.10684433376604553 0.12749970918296785 0.20232643610121082
34 1088 0.2038721643815724 0.18619326848455237 0.08656601841000199 0.08656601841000199 0.14039874109954922 0.18619326848455237
35 1120 0.1654099268092875 0.18690191016393937 0.07884627642341756 0.07884627642341756 0.14065711935520028 0.18690191016393937
36 1152 0.14522269995521178 0.17211228775577245 0.0772671423189216 0.0772671423189216 0.1319207515728803 0.17211228775577245
37 1184 0.13323132703245974 0.17937337156467706 0.06251417544290082 0.06251417544290082 0.1189990774987018 0.17937337156467706
38 1216 0.1305145895972613 0.1753572405654208 0.056625649393935745 0.056625649393935745 0.10289691238207574 0.1753572405654208
39 1248 0.12252478681197328 0.16475787212804374 0.05949097947192023 0.05949097947192023 0.09342585880533617 0.16475787212804374
40 1280 0.13160242109579418 0.14946591013703972 0.05456091342412285 0.05456091342412285 0.08896577472741615 0.14946591013703972
41 1312 0.14693372259460177 0.15235355796288597 0.04552622832411207 0.04552622832411207 0.08395522658826668 0.15235355796288597
42 1344 0.1652309741995976 0.1608244093901809 0.04036539525122793 0.04036539525122793 0.07552007875939079 0.1608244093901809
43 1376 0.17560202621854895 0.14011536308736944 0.042439043848576344 0.042439043848576344 0.07493105705433424 0.14011536308736944
44 1408 0.19759826475426373 0.15779778841102937 0.040297504335076235 0.040297504335076235 0.0806474292607523 0.15779778841102937
45 1440 0.17230237133403078 0.20198348600883767 0.034614119334713214 0.034614119334713214 0.08740191624020614 0.20198348600883767
46 1472 0.19123618817265686 0.22818638415581363 0.031889692159376114 0.031889692159376114 0.08593943187170161 0.22818638415581363
47 1504 0.20154961416467154 0.24245244523769371 0.029413908359121815 0.029413908359121815 0.090039129567491 0.24245244523769371
48 1536 0.19383691029318284 0.21905612013109071 0.02559558039752402 0.02559558039752402 0.09084057718851418 0.21905612013109071
49 1568 0.1947595024368674 0.20228345579862503 0.025352159004898525 0.025352159004898525 0.07376889624570938 0.20228345579862503
50 1600 0.17156877798493914 0.18938629244213592 0.02703281798403516 0.02703281798403516 0.06927828317086017 0.18938629244213592
51 1632 0.2001702148056334 0.18961462396462164 0.022676623394251423 0.022676623394251423 0.060034450865271975 0.18961462396462164
52 1664 0.22652478788369412 0.18395733568905617 0.021197573189584717 0.021197573189584717 0.0712275325790029 0.18395733568905617
53 1696 0.2243393490923947 0.19182794714990167 0.020760827699429482 0.020760827699429482 0.07449302811742993 0.19182794714990167
54 1728 0.19402328613202935 0.16074196388956768 0.02013855623803128 0.02013855623803128 0.07165756462930478 0.16074196388956768
55 1760 0.18006710866988201 0.1519681455857263 0.022413620799636623 0.022413620799636623 0.05752691491626192 0.1519681455857263
56 1792 0.18031014402937662 0.12605872328566264 0.023161934289778946 0.023161934289778946 0.04594145301808698 0.12605872328566264
57 1824 0.15603529093493773 0.14436592354926456 0.02252269931535008 0.02252269931535008 0.046384134110812526 0.14436592354926456
58 1856 0.1589784824978127 0.13042345109773995 0.020818075984353836 0.020818075984353836 0.04356105548428283 0.13042345109773995
59 1888 0.18655161661998315 0.11336864815956504 0.02120261224606039 0.02120261224606039 0.04197429344893624 0.11336864815956504
60 1920 0.18609034200291336 0.09650660817384638 0.02137580046392066 0.02137580046392066 0.04883838990330934 0.09650660817384638
61 1952 0.216923717978112 0.09105883659352158 0.01954082826308363 0.01954082826308363 0.046721169384528825 0.09105883659352158
62 1984 0.2680145066093156 0.08002431470350949 0.015488590254261164 0.015488590254261164 0.05882386259439052 0.08002431470350949
63 2016 0.2727110670738095 0.07869006736821858 0.016406263633883842 0.016406263633883842 0.058501141684140605 0.07869006736821858
64 2048 0.2764843062301125 0.07022422257857763 0.018102508777479313 0.018102508777479313 0.056347191565345914 0.07022422257857763
65 2080 0.2730564454442689 0.06127757045068683 0.020116237474767075 0.020116237474767075 0.05981677573089604 0.06127757045068683
66 2112 0.28525046272973387 0.06164512960554185 0.023294156016163966 0.023294156016163966 0.05140539948184467 0.06164512960554185
67 2144 0.2326630503777608 0.05733834104251596 0.025894816790553467 0.025894816790553467 0.051820631544481494 0.05733834104251596
68 2176 0.22286539799092747 0.06209970424119118 0.020597432604328003 0.020597432604328003 0.04661747985377937 0.06209970424119118
69 2208 0.2097908413059586 0.05714269835201014 0.028271231100648272 0.028271231100648272 0.038483014864600235 0.05714269835201014
70 2240 0.2089597570537256 0.05369883930310559 0.026069604291686733 0.026069604291686733 0.03924883262660889 0.05369883930310559
71 2272 0.20814527666000954 0.054287278264998386 0.02227697454706882 0.02227697454706882 0.03432316312881538 0.054287278264998386
72 2304 0.206475841699284 0.055741400401721965 0.019052905662926688 0.019052905662926688 0.03359778413832004 0.055741400401721965
73 2336 0.2144589458098695 0.05681548037809578 0.015762774713501623 0.015762774713501623 0.027284963511228052 0.05681548037809578
74 2368 0.21701843223955244 0.05770169624825729 0.015956423153278578 0.015956423153278578 0.024744135792303844 0.05770169624825729
75 2400 0.24026600084354852 0.06708171355800621 0.014392488024848363 0.014392488024848363 0.025388934764955476 0.06708171355800621
76 2432 0.22825209936552876 0.05334774715947383 0.014908151361231902 0.014908151361231902 0.030750955411397746 0.05334774715947383
77 2464 0.20529051858890116 0.05048858075017564 0.016475966276189254 0.016475966276189254 0.028736226077294112 0.05048858075017564
78 2496 0.20837521828481062 0.0659851433087616 0.012550556748935977 0.012550556748935977 0.03640094955916045 0.0659851433087616
79 2528 0.18704674685753078 0.05722426788595442 0.011672306434508645 0.011672306434508645 0.037058649017371006 0.05722426788595442
80 2560 0.14680700120630014 0.05245702898850025 0.010697485321964061 0.010697485321964061 0.03390295289901501 0.05245702898850025
81 2592 0.1473795829671845 0.042711275200377 0.01057617641761019 0.01057617641761019 0.027640762424510273 0.042711275200377
82 2624 0.15027944835649132 0.043041730036333346 0.00936611863273033 0.00936611863273033 0.028411895179395606 0.043041730036333346
83 2656 0.17977940848520538 0.04937071616207213 0.008867440001278306 0.008867440001278306 0.022318231857399954 0.04937071616207213
84 2688 0.19837150536507717 0.04556876138385604 0.010060711735168756 0.010060711735168756 0.022140215404272523 0.04556876138385604
85 2720 0.19458597653369125 0.05116766928340628 0.009780025345555016 0.009780025345555016 0.017293324074810514 0.05116766928340628
86 2752 0.20523202778446667 0.04385724344798847 0.010826860341458806 0.010826860341458806 0.01660756463150754 0.04385724344798847
87 2784 0.22768986704055993 0.050745645281043625 0.01305240085836975 0.01305240085836975 0.019168704072737387 0.050745645281043625
88 2816 0.2010250682481835 0.04792538427729576 0.012358505261937203 0.012358505261937203 0.02018048526870958 0.04792538427729576
89 2848 0.1705264390243264 0.04772068077851269 0.012480418481282798 0.012480418481282798 0.019864406606310468 0.04772068077851269
90 2880 0.18554012867315722 0.04633821870583716 0.010240729444517297 0.010240729444517297 0.019873040769998507 0.04633821870583716
91 2912 0.23833837414237052 0.05244079524709363 0.011484727106882442 0.011484727106882442 0.019547157078604428 0.05244079524709363
92 2944 0.22685120971611625 0.06323011688147823 0.011165065394032312 0.011165065394032312 0.0199568936181902 0.06323011688147823
93 2976 0.2528154365196366 0.05784655573278748 0.009829339700807195 0.009829339700807195 0.020307171523991807 0.05784655573278748
94 3008 0.2691344001138245 0.07188329391797756 0.009923390832158261 0.009923390832158261 0.017633200311579136 0.07188329391797756
95 3040 0.26592377764738895 0.09871600129411205 0.008691702350184129 0.008691702350184129 0.015274471016286902 0.09871600129411205
96 3072 0.2408988031789231 0.07529266530797828 0.008668795317631992 0.008668795317631992 0.013770327534044694 0.07529266530797828
97 3104 0.20764945557170741 0.06664877586473748 0.007672281042253805 0.007672281042253805 0.013998213838836085 0.06664877586473748
