% # columns="iteration, evaluation, min max(neg(.)) min(pos(.)) max correlation, correlation matrix principal axes lengths  (sorted square roots of eigenvalues of correlation matrix)", seed=1, Sun Feb 22 03:49:30 2026
1 32 -0.20219860783446636 -0.14833451037550022 0.03962806526682129 0.04841815968862898 0.8881072716256906 1.0029883683077006 1.0978523612603968
2 64 -0.2423233668235254 -0.1682857337447018 0.09808175703318181 0.11283328754698607 0.8422299489577075 1.0200404218161043 1.1181083359585158
3 96 -0.16328859394876985 -0.1579982946028623 0.057969169606037506 0.1246680249964299 0.9132772455325957 0.937345441409844 1.1345960498171055
4 128 -0.480787468478641 -0.37432708912274404 -0.04675096439859244 -0.044019302179772166 0.7136055646656683 1.0049150068418913 1.2169276589436835
5 160 -0.482961791334499 -0.4157252419495376 0.026332216209858796 0.10644815287802946 0.7099260226396776 0.9605339516369037 1.254344278948887
6 192 -0.44110117513666386 -0.35961307664585396 0.10854437791145677 0.18310876427308373 0.7436931833191384 0.9596248406950832 1.2353301640474836
7 224 -0.4836230777507807 -0.39188297371861436 0.09608631316067036 0.16700263808826554 0.7166097860067432 0.9645431392359334 1.2474481741348058
8 256 -0.32299732861724845 -0.27946171105276635 -0.11583274276394018 -0.10482537089881352 0.7726005890146137 1.037589115507504 1.1517365832666024
9 288 -0.45685896714934093 -0.345801476122547 0.15091019561591315 0.20542326183527268 0.709726575359481 0.9952665804295349 1.227082972788965
10 320 -0.42259070782243113 -0.3019154775647143 0.07092814398967923 0.07453412091676025 0.7462871881280758 1.0100555987516842 1.1928298790130412
11 352 -0.1283160327402509 -0.03146886756788096 0.26417581914184685 0.26587688287271954 0.7477472613932294 1.0621955566806247 1.145693952348036
12 384 -0.13512092637755088 -0.03416452535985505 0.3551706660110412 0.3839926621169774 0.6795208996591351 1.060902386940796 1.1885863335533358
13 416 -0.13836928519997255 -0.11025208114543826 0.26241385779003584 0.3585186333806596 0.789814169548745 0.99128346394051 1.1804874720631848
14 448 -0.19420702742003929 -0.09598882598031411 0.3377564760480399 0.38412004195109933 0.6857168544423485 1.07034448481886 1.1765012024437291
15 480 -0.4884331403882143 -0.31130744914220526 0.30323868097611084 0.33096169976954054 0.5428842803140416 1.0951863261820305 1.2271281795850881
16 512 -0.47144487169286003 -0.311916572594655 0.20731765093645704 0.22086742634862272 0.6344864388731496 1.0593731409606042 1.2145597997205955
17 544 -0.39688059944080867 -0.25854398467004414 0.2892989358703169 0.33357662794633935 0.6310622792714949 1.0740719501194647 1.2033826680018438
18 576 -0.42606198436069276 -0.25962293205912057 0.27311728596303686 0.28425830633551713 0.5994707094068076 1.1004028492717142 1.1957208862765558
19 608 -0.3974008608444279 -0.24653761500646482 0.24180542301111235 0.25372318984567505 0.6480726045159277 1.085533180494678 1.183900170335764
20 640 -0.35553132355708045 -0.20390514453423442 0.3193452473225982 0.34213586558536313 0.6045164173035932 1.118298264072567 1.1764220729749637
21 672 -0.495567482885339 -0.3105826532715736 0.30783039150245695 0.32898324348003505 0.5257043039414317 1.103448635144261 1.2272066225439473
22 704 -0.5226578918072868 -0.3791547029907942 0.41112185480262226 0.5310441852506017 0.4783092307823602 1.025352766345421 1.3114388984227132
23 736 -0.47994352517383926 -0.35892308354106855 0.47091877343557703 0.6265122841283549 0.45692670103104926 1.001995761976641 1.336870406159749
24 768 -0.40266853026289107 -0.34928152244890703 0.31690396321291 0.48557878395286497 0.6736827691141554 0.9026823870570951 1.3157948300155262
25 800 -0.3223225166940597 -0.3031059408538138 0.3792378468477484 0.5874692002413565 0.6372388498812908 0.8957079634921132 1.338519290984923
26 832 -0.0959746678596618 -0.07523270492276374 0.2764533525348181 0.372940075417114 0.7860431530017521 0.996858467459189 1.1783078364646402
27 864 -0.05633165705660127 -0.039487250287321654 0.23304483437707113 0.30704445582925577 0.828067349257101 1.0019564917404982 1.1447216490280032
28 896 -0.48591420423782633 -0.3820791149715494 0.04845267647969635 0.0881281843638347 0.716770707781075 0.9877519543140555 1.229058920156304
29 928 -0.46226248259225755 -0.36795782438191577 0.04145233172524441 0.08361772555062275 0.7333043309707177 0.9854171229292957 1.2211543113044059
30 960 -0.5242074800931135 -0.4627157283021085 0.05676442317940367 0.1684327218822361 0.6798599616646569 0.929697553401474 1.2936200724032707
31 992 -0.37358528720658146 -0.3243844888286174 0.10171384691027277 0.1945458271119388 0.7911100512933099 0.9300980016819992 1.228439088441038
32 1024 -0.18571706404210386 -0.1308589574644012 0.12996586439269892 0.16204936510069629 0.8580315814367062 1.0165591863946761 1.109229113309698
33 1056 -0.0226977197881294 -0.006129080344225159 0.06072459662757882 0.0664405161742759 0.9534367134783912 1.010203641272964 1.0346241039867423
34 1088 -0.31228652122562567 -0.22671288086070712 0.06502459153107937 0.07669677529675631 0.8187515765128504 1.0068795940739796 1.1471004049319926
35 1120 -0.26164647927960205 -0.16654745814756872 0.1687922400994358 0.18547311838307065 0.7852190491737648 1.0535111814824567 1.1285146145735496
36 1152 -0.2081588240147853 -0.13441486600695024 0.30303097094558695 0.37510229192193095 0.7283438696773709 1.0357526093228118 1.1818340576343114
37 1184 0.044417976760707675 0.0886178943075146 0.3351784535944261 0.37316538914325637 0.7646316797899261 0.9803707754263856 1.2059069354438194
38 1216 -0.20691561991557283 -0.14442904903198528 0.29653019578882617 0.3810300398455091 0.739868904579772 1.0178335536926957 1.1902137879445134
39 1248 -0.2626231087917369 -0.1944241168553106 0.327360558638899 0.4330897918672093 0.6992515421709512 1.0044997594120986 1.2255723210453893
40 1280 -0.34201495913422353 -0.26246682194771725 0.35233630762512747 0.4777225469629027 0.6508333241303974 0.9886619295245201 1.2645013140800723
41 1312 -0.385583353026571 -0.3104783271970009 0.3326915480447813 0.47197648062913866 0.6561759275673182 0.9574003075091395 1.2856196184185178
42 1344 -0.4068954220722951 -0.2939326497258283 0.35101657345465975 0.4530368755016889 0.6068647742745334 1.022103091025055 1.2597699857758748
43 1376 -0.2268168229267274 -0.09948720100887168 0.3458944997118777 0.36702544470093845 0.6417484879989928 1.1015347582209913 1.1725101511637455
44 1408 -0.3441282071476074 -0.19196100863492305 0.3269034884487664 0.3476911222973119 0.6008080742708467 1.1245029099711161 1.1724004705549418
45 1440 -0.27642034237614066 -0.11157675938302102 0.414764912964888 0.42536855408773805 0.52288003685655 1.1285443661539662 1.2053978930954856
46 1472 -0.22098490473121835 -0.08319447139117053 0.49412332249087254 0.5487721537781725 0.4980026528012105 1.0905186635605697 1.2501049564852649
47 1504 -0.35255487485838355 -0.24599569592994666 0.47808783874713706 0.6128898380443948 0.5093997799202804 1.0312689982984644 1.294988848355711
48 1536 -0.29553829635963474 -0.18861068054690172 0.4419465261724836 0.545204645932879 0.5642862645128605 1.0531735461822207 1.253956336282922
49 1568 -0.4428843557309792 -0.3419091395100873 0.39480384811149594 0.5393996277644652 0.5664706935624075 0.980696981515865 1.3104748695723225
50 1600 -0.6415943083640553 -0.5962119440392646 0.42621548449183505 0.7216422630107442 0.4822625588318187 0.7386730976844739 1.4905652884413385
51 1632 -0.6276043340997546 -0.5945915128280255 0.5015479577540285 0.8339149600096508 0.3845091938451715 0.732881768651355 1.521524562084687
52 1664 -0.695037394927519 -0.6720328379877204 0.5250455024519258 0.9010670589920093 0.29904926444773855 0.6611063982160222 1.5727389699727998
53 1696 -0.6964794850663332 -0.6448372291239535 0.5159432557236601 0.8512278280638181 0.3246016833673605 0.7250405244000395 1.5391393650780267
54 1728 -0.7038511888224745 -0.6904374960713799 0.4569739571016345 0.8260307487415446 0.41084343624704606 0.6125871454435057 1.5671453857667756
55 1760 -0.678357835275961 -0.6774767784177285 0.40627095631901883 0.7666391443730353 0.483036469962655 0.5937845904084088 1.5537360229072166
56 1792 -0.784060042370393 -0.781063472278621 0.462504375030414 0.8740304207083204 0.35436528216965457 0.5034303604595248 1.6189450636017313
57 1824 -0.7886369205018083 -0.7547814683550649 0.4673335224092681 0.8408497338506357 0.3536591448839481 0.5920078119242397 1.5888524034222402
58 1856 -0.7332882209973737 -0.6953037874625334 0.44065440770576164 0.7813227058936862 0.421796838536483 0.649200112156518 1.5493955729175792
59 1888 -0.6685901855799464 -0.5721631493224608 0.45895121311761344 0.7062289643401526 0.3979149102548975 0.8471291041550864 1.4574072886774778
60 1920 -0.6816236533644663 -0.5512536408547511 0.4331165644790367 0.6308699537472509 0.3841097149347598 0.9167140785707463 1.4184833538124177
61 1952 -0.4621346725665827 -0.31804637372388445 0.5619672919622495 0.7112168816815959 0.3112939940562429 1.0507364347488357 1.3412863206473917
62 1984 -0.43983436935045905 -0.23787237657346466 0.49248916816096655 0.5339810236287825 0.31928029900549354 1.1633685228637087 1.242832961695527
63 2016 -0.2773856961940784 -0.0945209317467723 0.5295514484669126 0.5547108107575015 0.36446894361922166 1.1268170709026804 1.2639009762870637
64 2048 -0.4190504993429337 -0.24679989208901382 0.47390278369224326 0.5418864016987424 0.41169710718331215 1.1214852070923809 1.2541038323080955
65 2080 -0.4581319995871067 -0.31892451403915806 0.4340361887444232 0.5458156041243349 0.48678576428499765 1.0474470989381186 1.29069523692295
66 2112 -0.21348388630679496 -0.08706395181236887 0.42695595042840084 0.4718759833475646 0.5788375128597332 1.0881790830177094 1.216886772460402
67 2144 -0.486177468780284 -0.32753375767928666 0.4223834044389531 0.5137120807107024 0.4633660362940099 1.071518001779481 1.2795081431048752
68 2176 -0.5066227211877696 -0.38086811447945085 0.20284403895696093 0.27166015006077937 0.653172319397889 0.9984978081655493 1.2555349649695058
69 2208 -0.5568779836138904 -0.41033266650581957 0.1810500518443201 0.23163230751962913 0.6213266807020628 1.0103253749482592 1.2622185993651882
70 2240 -0.6722966601735594 -0.5031044972383583 0.1398568876562642 0.18498518635260403 0.5491470945386883 1.0011431954737169 1.3023631485558829
71 2272 -0.7307086667907627 -0.5297606986645512 0.14659990370424114 0.17110546970096047 0.47998988611740095 1.0159732217975321 1.3181077808037347
72 2304 -0.8120073068181367 -0.5906381822917406 0.12167952466272564 0.1377496357878183 0.40168950420387156 1.0119577888883067 1.3470660621219501
73 2336 -0.8268348634203194 -0.6130978799095433 0.11845205269272167 0.14856504671603402 0.3932021980188931 1.0048766512165304 1.3548486805960889
74 2368 -0.8726356456090518 -0.7029004395190497 0.2561994032900743 0.40616414480311347 0.3148484204221799 0.9243166105627323 1.4305625731143259
75 2400 -0.7698009857455734 -0.6154619533367057 0.32342789400684174 0.4820521440458231 0.3934606635928179 0.9293130303691342 1.4076810710495595
76 2432 -0.7382989169490423 -0.6127589413715467 0.30190219422730585 0.4812492638494279 0.4616355708310912 0.8870044320311553 1.4142544810961502
77 2464 -0.8746879114254457 -0.6823139702948608 0.2737990344504406 0.4001294282349562 0.27280318918321245 0.9595957280144286 1.415893519565623
78 2496 -0.8545357549541882 -0.6202422140265182 0.2114366252643765 0.2543693641003381 0.2880483560200993 1.02221404402681 1.3682494629227793
79 2528 -0.8738820008735473 -0.6246166833205644 0.15328334003951527 0.16331803027322567 0.28533871300468594 1.021642605507822 1.3692436618337942
80 2560 -0.8220874516466226 -0.5768430002772161 0.16167327628978184 0.1626009171093748 0.345308182673311 1.0289150113406058 1.349850420756617
81 2592 -0.8797589375060247 -0.6450678320507706 0.14088335754882403 0.16817598196010128 0.30286078847422593 1.0107830852637836 1.3735329982746667
82 2624 -0.9272956051165083 -0.6879318805118193 0.07416644194773048 0.08883549149622474 0.2551937156398748 1.0028560344203798 1.3889405825032783
83 2656 -0.8729548152453054 -0.6554874207758438 0.16417012993163385 0.21992191903133151 0.3170102836131404 0.9992688679493402 1.378755311732564
84 2688 -0.9070040131342814 -0.7261457343960555 0.21529569695512424 0.3482512286672916 0.27742263983254983 0.937866726915251 1.4294903572440119
85 2720 -0.8799991648119879 -0.7130650147598386 0.15290669439881188 0.27462978073287947 0.3429503036447886 0.9399936024900549 1.4137882148708536
86 2752 -0.8528294929232991 -0.7264233738758155 0.2699401811097826 0.4756552470574984 0.36718222571552733 0.8464897170379901 1.4658213984205357
87 2784 -0.8377588518540401 -0.7295735115891587 0.3176791999159774 0.5585780968194748 0.37690514310231393 0.7986682985254578 1.4899904234703905
88 2816 -0.8233258608100709 -0.6886672189539773 0.2946511442282435 0.4877652900995568 0.38232098543149173 0.8695117050874809 1.4483715196090248
89 2848 -0.8563750398465877 -0.6844508864561328 0.2708777828889088 0.4173965192801345 0.32376324170652654 0.9320725191793359 1.4235231583330035
90 2880 -0.853072723741518 -0.7052517881143393 0.30627059048560834 0.4956237810584122 0.3305776450659279 0.8814034916430398 1.4539072547800709
91 2912 -0.8966627632593259 -0.7428200189700787 0.2976945455725089 0.4906899894641242 0.27306072056451985 0.8767894093633608 1.4685633028620295
92 2944 -0.8789648024070947 -0.6722192591530165 0.24621650935097752 0.3456162222648973 0.26882508366662294 0.982166867712901 1.4011000386691388
93 2976 -0.9355047160820329 -0.7044657699197131 0.13946248580400541 0.1897329582162584 0.2181735532188514 0.9977870369408923 1.3988642999192504
94 3008 -0.9713311007416114 -0.7231573257336613 0.07983600095172635 0.09932666817223887 0.14565728932680783 1.002158716062616 1.4051554582627845
95 3040 -0.9568888343716356 -0.7040636049314322 0.06717032214763553 0.07142306840045454 0.18683393793337627 1.0040181310677794 1.3989426979413668
96 3072 -0.9524729656467247 -0.7047285148690179 0.10128657416773626 0.1222138197356141 0.18474329268351702 1.00484158422872 1.3986290810694484
97 3104 -0.9539088270211423 -0.7084499574536043 0.07744808587717758 0.09395523075323349 0.1958523726246721 1.0027182894108622 1.39864144090551
