% # columns="iteration, evaluation, sigma, axis ratio, bestever, best, median, worst objective function value, further objective values of best", seed=1, Sun Feb 22 03:49:30 2026, <python>{}</python>
1 32 0.1786742047450483 1.0000333338888951 41.977758143592574 4.1977758143592574e+01 200.0 200.0   
2 64 0.1811226590732856 1.6768079619660645 41.977758143592574 5.0364279256256175e+01 189.27083560778715 200.0   
3 96 0.17592074770000796 1.962102015930989 41.977758143592574 5.0477544783463429e+01 200.0 243.6184642294349   
4 128 0.16515755766156873 1.6234356624964856 41.977758143592574 4.7314157423261328e+01 200.0 307.42730859385944   
5 160 0.17744991249876188 1.9448720538260087 41.977758143592574 5.1445603892561600e+01 200.0 263.3183634738011   
6 192 0.15801359486515626 2.044976522393429 41.977758143592574 4.3654530127860887e+01 200.0 218.82455431719663   
7 224 0.17335623887009502 2.050101378734989 41.977758143592574 4.6201380853389395e+01 121.30937939125678 292.6471276417371   
8 256 0.1808563268844486 2.237204839435104 33.595547060436566 3.3595547060436566e+01 124.63967792216617 200.0   
9 288 0.1909053415499137 2.0263146496652444 30.331512407855513 3.0331512407855513e+01 103.89972797757855 200.0   
10 320 0.17160579432351272 2.102634393747044 30.331512407855513 3.9713441633332657e+01 135.1075905851714 215.49314463820983   
11 352 0.22337243160891043 1.9485848662000889 30.331512407855513 3.1403984444402028e+01 145.1212086319922 213.06454362593087   
12 384 0.19886526109336347 1.9391201645581488 30.331512407855513 4.1790881680970848e+01 108.46178550561858 225.29787470759314   
13 416 0.1950665023812078 2.360794096878954 28.222480183498945 2.8222480183498945e+01 98.68453786655417 200.0   
14 448 0.1615884002924447 2.219874245802036 28.222480183498945 4.4650514101763832e+01 103.21823554509601 200.0   
15 480 0.1519476323811046 2.2898940598018482 25.523221287516467 2.5523221287516467e+01 96.65172395925988 200.0   
16 512 0.16530634468939176 2.7242559158490396 25.523221287516467 2.6773901756487863e+01 91.77265361588725 200.0   
17 544 0.16904134629828546 2.454599388216749 25.523221287516467 3.0370207783989020e+01 106.91434375584602 200.0   
18 576 0.17099714719144993 2.3912663552536575 25.523221287516467 3.9872646129821234e+01 99.0612423146162 200.0   
19 608 0.14686533234755977 2.325632406579222 25.523221287516467 2.5765251806340093e+01 74.60412176353158 200.0   
20 640 0.13020042038048746 2.308781467192318 25.523221287516467 2.8052516708884781e+01 81.20185381733558 238.1074117927349   
21 672 0.14044801861063075 2.6139948132500592 25.523221287516467 2.7835276241749249e+01 74.19561690386934 277.08557890235835   
22 704 0.174091743962168 3.037819459706679 25.523221287516467 2.6296473627440960e+01 88.36579401720954 223.112366403762   
23 736 0.1570225452494166 4.075750818427918 23.157566928734727 2.3157566928734727e+01 80.04897712126284 266.90907814934604   
24 768 0.19479673023416516 4.390502127430968 23.157566928734727 3.3111050518991576e+01 96.8238196621851 200.0   
25 800 0.18641046398738742 2.5824692465920647 23.157566928734727 2.5080123105572024e+01 97.25991935266904 200.0   
26 832 0.2087486969528665 2.466690778559418 23.157566928734727 2.5100775052467817e+01 88.27423325762202 200.0   
27 864 0.16791221427818198 1.7142463459226056 23.157566928734727 2.5123569465231100e+01 82.32675748505122 200.0   
28 896 0.19545911594992055 1.7251626325315532 23.157566928734727 2.5584814413116824e+01 96.07684738102458 200.0   
29 928 0.17824857721228637 2.501517730292341 23.157566928734727 2.4659549948912041e+01 81.25317996318324 200.0   
30 960 0.2074953662508535 2.9000589898514435 23.157566928734727 2.8699191561242138e+01 74.81693206678416 200.0   
31 992 0.1857939432313209 3.004272682274844 23.157566928734727 2.4974456580018206e+01 79.15901628546618 200.0   
32 1024 0.20627797500276335 2.7371223300494507 22.636479662956457 2.2636479662956457e+01 79.15456928581031 200.0   
33 1056 0.21306302192638088 1.8936562096427139 22.636479662956457 2.4032862731781197e+01 92.23151400915164 200.0   
34 1088 0.2038721643815724 2.1508817421021558 22.636479662956457 2.7140187126854848e+01 81.58505767020625 200.0   
35 1120 0.1654099268092875 2.3704595656520944 22.636479662956457 2.4540757842493608e+01 69.72164805284447 200.0   
36 1152 0.14522269995521178 2.2274964828565254 22.636479662956457 2.3347469471539757e+01 58.70654117250494 200.0   
37 1184 0.13323132703245974 2.8693231622084348 22.636479662956457 2.8591565196660152e+01 91.47148532829851 200.0   
38 1216 0.1305145895972613 3.0967810955330157 22.636479662956457 2.7381722441431883e+01 82.24864757367872 200.0   
39 1248 0.12252478681197328 2.769459733064397 22.636479662956457 2.7440008349081950e+01 70.43645423655735 200.0   
40 1280 0.13160242109579418 2.739431962496376 22.636479662956457 2.7602783892397106e+01 78.2517158581445 200.0   
41 1312 0.14693372259460177 3.3465007660692794 22.636479662956457 2.5378286051323006e+01 72.39725793182511 200.0   
42 1344 0.1652309741995976 3.9842149046041744 22.636479662956457 3.2779685879082031e+01 93.18828209582976 200.0   
43 1376 0.17560202621854895 3.3015673865628274 22.636479662956457 2.6462905175792852e+01 55.54415235093585 200.0   
44 1408 0.19759826475426373 3.915820371875415 22.636479662956457 2.5446909488760934e+01 73.97638468739952 200.0   
45 1440 0.17230237133403078 5.835291779510217 22.636479662956457 2.7589320192955185e+01 76.09716499434809 200.0   
46 1472 0.19123618817265686 7.155490338865593 22.636479662956457 2.7929986469953342e+01 71.58598623797646 200.0   
47 1504 0.20154961416467154 8.242782369399222 22.636479662956457 2.7978768190484210e+01 59.897769444351006 200.0   
48 1536 0.19383691029318284 8.558357213586804 22.636479662956457 3.0726092393231905e+01 71.04974273664114 200.0   
49 1568 0.1947595024368674 7.978943953433708 22.636479662956457 2.3335337185774783e+01 77.06669034532942 200.0   
50 1600 0.17156877798493914 7.005791721528339 22.636479662956457 2.7211571732416793e+01 77.36337862260167 200.0   
51 1632 0.2001702148056334 8.361678044743178 22.636479662956457 2.7829572521806519e+01 62.191447404130066 200.0   
52 1664 0.22652478788369412 8.678226231078298 22.636479662956457 2.8336686673765772e+01 63.60276834412852 200.0   
53 1696 0.2243393490923947 9.239898809774969 22.636479662956457 2.3019823510396904e+01 62.94629584507713 200.0   
54 1728 0.19402328613202935 7.981801773158373 22.636479662956457 2.4450573856442794e+01 60.95317870529201 200.0   
55 1760 0.18006710866988201 6.780169386473696 22.636479662956457 2.7878488206035044e+01 83.93843690713851 200.0   
56 1792 0.18031014402937662 5.442495506141328 22.636479662956457 2.4874816564301149e+01 78.9143307249561 200.0   
57 1824 0.15603529093493773 6.409796691237345 22.636479662956457 2.5696735730487848e+01 60.29246357043099 200.0   
58 1856 0.1589784824978127 6.264913779532836 22.636479662956457 2.7734519910183376e+01 78.66607283807124 200.0   
59 1888 0.18655161661998315 5.346918900553389 22.636479662956457 2.8487902020188521e+01 109.70696460655513 200.0   
60 1920 0.18609034200291336 4.514759965912665 22.636479662956457 2.6962751428042498e+01 49.426235094863245 200.0   
61 1952 0.216923717978112 4.659927172357846 22.636479662956457 2.7387504203093698e+01 79.3660135809536 200.0   
62 1984 0.2680145066093156 5.1666622584643225 22.636479662956457 2.7260567209340792e+01 52.073361688636425 200.0   
63 2016 0.2727110670738095 4.796342977550358 22.636479662956457 2.4099732054352334e+01 89.01508503794686 200.0   
64 2048 0.2764843062301125 3.879253612954525 22.636479662956457 2.4822467974164589e+01 63.77500868455228 200.0   
65 2080 0.2730564454442689 3.0461745407186966 22.636479662956457 3.0326056383105104e+01 77.162837746485 200.0   
66 2112 0.28525046272973387 2.6463774674972513 22.636479662956457 2.9745967982457913e+01 70.50720951885333 200.0   
67 2144 0.2326630503777608 2.2142786916118755 22.636479662956457 2.3601817372364973e+01 77.21387381399765 200.0   
68 2176 0.22286539799092747 3.0149245021994915 22.636479662956457 2.7224820454980041e+01 76.61621318919946 200.0   
69 2208 0.2097908413059586 2.0212313410964207 22.636479662956457 2.3257513523345370e+01 77.07948960471714 200.0   
70 2240 0.2089597570537256 2.0598256384056226 22.636479662956457 2.3174645177954609e+01 78.83178910207138 200.0   
71 2272 0.20814527666000954 2.4369232972051607 22.636479662956457 2.7466223766008401e+01 72.05131801123413 200.0   
72 2304 0.206475841699284 2.92561152549997 22.636479662956457 2.7093511776652452e+01 61.141769354023644 200.0   
73 2336 0.2144589458098695 3.604408577217716 22.636479662956457 2.6633952817151162e+01 65.35756678948518 200.0   
74 2368 0.21701843223955244 3.616204941042898 22.636479662956457 2.5772029142548089e+01 54.58753654912429 200.0   
75 2400 0.24026600084354852 4.6608837500639835 22.636479662956457 2.3193451463025873e+01 78.85174361190204 200.0   
76 2432 0.22825209936552876 3.578428060383307 22.636479662956457 2.3836046785394974e+01 55.69936839445141 200.0   
77 2464 0.20529051858890116 3.0643775244393865 22.636479662956457 2.5943541236261481e+01 58.402535130455504 200.0   
78 2496 0.20837521828481062 5.257547105578065 22.636479662956457 2.2956059368277643e+01 57.47943580369556 200.0   
79 2528 0.18704674685753078 4.902567303816962 22.636479662956457 2.5806681523274339e+01 97.80567089167533 200.0   
80 2560 0.14680700120630014 4.903678519735434 22.636479662956457 2.7998409451919464e+01 77.67318611683571 200.0   
81 2592 0.1473795829671845 4.038442014758686 22.636479662956457 2.7341027080475236e+01 84.78562246976844 200.0   
82 2624 0.15027944835649132 4.595471371238247 22.636479662956457 2.4901819296822097e+01 61.59694692259379 200.0   
83 2656 0.17977940848520538 5.567640283436367 22.636479662956457 2.6837599938391982e+01 56.7662495380541 200.0   
84 2688 0.19837150536507717 4.529377501649657 22.636479662956457 2.8182177246591667e+01 76.38853626842142 200.0   
85 2720 0.19458597653369125 5.231854466170866 22.636479662956457 2.5595791638223826e+01 77.3491098028274 200.0   
86 2752 0.20523202778446667 4.050781303610975 22.636479662956457 2.6833105624083970e+01 64.69798051989572 200.0   
87 2784 0.22768986704055993 3.8878399331800613 22.636479662956457 2.7110237630697792e+01 70.78593626636761 200.0   
88 2816 0.2010250682481835 3.8779272461776193 22.636479662956457 2.5262630486859379e+01 77.80142534577307 200.0   
89 2848 0.1705264390243264 3.8236442832490445 22.636479662956457 2.5861631074533225e+01 81.96987603641905 200.0   
90 2880 0.18554012867315722 4.5248943404755035 22.636479662956457 2.6801767604575545e+01 79.43730883567304 200.0   
91 2912 0.23833837414237052 4.566133331602409 22.636479662956457 2.5089512662627726e+01 71.75433180241757 200.0   
92 2944 0.22685120971611625 5.663210617223478 22.636479662956457 2.3256887600341500e+01 81.08358669372035 200.0   
93 2976 0.2528154365196366 5.885090707368376 22.636479662956457 2.7785367968731183e+01 87.17722777723462 200.0   
94 3008 0.2691344001138245 7.243823722535323 22.636479662956457 2.4714947704920650e+01 74.67493647021485 200.0   
95 3040 0.26592377764738895 11.357499062542196 22.636479662956457 2.4714647381685360e+01 95.18348846531886 200.0   
96 3072 0.2408988031789231 8.685481955587985 22.636479662956457 2.7820594069784789e+01 88.88182671183422 200.0   
97 3104 0.20764945557170741 8.686957046760995 22.636479662956457 2.8910792694456749e+01 83.70380897877331 200.0   
