% # columns="iteration, evaluation, sigma, max axis length,  min axis length, all principal axes lengths  (sorted square roots of eigenvalues of C)", seed=1, Fri Feb 20 05:06:27 2026
1 32 0.1522178743887454 1.0000333338888951 1.0 1.0 1.0000166668055563 1.0000333338888951
2 64 0.16852891643095397 1.0897875172787088 0.7524998390988905 0.7524998390988905 0.8571357031024817 1.0897875172787088
3 96 0.1684193112749545 1.0585035193405703 0.6479618572988761 0.6479618572988761 0.73073898840943 1.0585035193405703
4 128 0.14923974647689808 1.031532982560367 0.6528451374328409 0.6528451374328409 0.8028292347475277 1.031532982560367
5 160 0.1377286641759022 1.0370745348142463 0.5395960563097755 0.5395960563097755 0.7472341507975359 1.0370745348142463
6 192 0.1330053629297568 0.9881260292217173 0.44157832416510323 0.44157832416510323 0.6334298600884651 0.9881260292217173
7 224 0.13266611843840478 0.915080990327463 0.3887559654038928 0.3887559654038928 0.7042770948116015 0.915080990327463
8 256 0.12624209467970632 0.9129485335384179 0.35702932995023323 0.35702932995023323 0.6768027801539253 0.9129485335384179
9 288 0.11788121053329452 0.8530433019592043 0.3324384391461977 0.3324384391461977 0.6154437156616044 0.8530433019592043
10 320 0.10470619014504516 0.7604539737274988 0.33827232256839446 0.33827232256839446 0.5524345184733845 0.7604539737274988
11 352 0.09625494919515432 0.7531155798836935 0.31304167864003973 0.31304167864003973 0.4317951825203729 0.7531155798836935
12 384 0.09362338104854909 0.7812254862323491 0.26067815788126975 0.26067815788126975 0.42460998425644586 0.7812254862323491
13 416 0.08946838886118746 0.5995140020610386 0.2524686520387167 0.2524686520387167 0.3875832031923276 0.5995140020610386
14 448 0.09294876558726005 0.6543855460433581 0.23929542624058617 0.23929542624058617 0.36642429611545196 0.6543855460433581
15 480 0.07708570923046142 0.753046562240585 0.21244550174086835 0.21244550174086835 0.3157617429980378 0.753046562240585
16 512 0.08854908984366286 0.7434702109055676 0.19179884591486301 0.19179884591486301 0.3534715155984876 0.7434702109055676
17 544 0.07488975657565647 0.8007694112331353 0.18885102990383484 0.18885102990383484 0.36536316279867015 0.8007694112331353
18 576 0.07862961511020328 0.8165228039977638 0.1510970462586028 0.1510970462586028 0.34719689646243757 0.8165228039977638
19 608 0.07446036411655543 0.8754768956146768 0.15593982715041776 0.15593982715041776 0.39105716043219096 0.8754768956146768
20 640 0.06446169274849184 0.7670415363107236 0.15723535262708785 0.15723535262708785 0.3161534590632096 0.7670415363107236
21 672 0.06997779583611903 0.7770440298135767 0.12657483116649598 0.12657483116649598 0.2564515183782708 0.7770440298135767
22 704 0.07129246907197696 0.8155784438921946 0.11298063537164087 0.11298063537164087 0.22017159182459603 0.8155784438921946
23 736 0.08032576435779042 0.693609963888604 0.11426513883628168 0.11426513883628168 0.1974946663028875 0.693609963888604
24 768 0.07596087234586828 0.5439331106954959 0.13245212398218034 0.13245212398218034 0.18120599179043073 0.5439331106954959
25 800 0.08724609544515782 0.4391674411926186 0.1403010336034397 0.1403010336034397 0.16039737923008543 0.4391674411926186
26 832 0.13212410060780613 0.4123717544798889 0.14462301230331345 0.14462301230331345 0.19246078295633007 0.4123717544798889
27 864 0.12067525644754783 0.38485895651695956 0.14347141515558648 0.14347141515558648 0.20704880338851644 0.38485895651695956
28 896 0.12470615088880803 0.30881924640696007 0.12739695800286804 0.12739695800286804 0.17299342379031174 0.30881924640696007
29 928 0.10335712917463573 0.2903635634810123 0.11067886889829215 0.11067886889829215 0.18613452556798069 0.2903635634810123
30 960 0.09220599499135358 0.23822730818020768 0.09259776691018999 0.09259776691018999 0.1706637022253409 0.23822730818020768
31 992 0.09691623131336374 0.22481923795695502 0.07680950022039164 0.07680950022039164 0.14361912388990805 0.22481923795695502
32 1024 0.07853660486380536 0.25008749852384216 0.06659509910675326 0.06659509910675326 0.13780814069840194 0.25008749852384216
33 1056 0.07094097973416348 0.23123555476108618 0.057761663919810906 0.057761663919810906 0.10554703772251521 0.23123555476108618
34 1088 0.06099514813722878 0.20220247709171152 0.052264950459669016 0.052264950459669016 0.10110951548195427 0.20220247709171152
35 1120 0.064489822466399 0.18158103171843837 0.047222289587958655 0.047222289587958655 0.09939609659236655 0.18158103171843837
36 1152 0.07566150717541566 0.18526435889415038 0.05278707625317466 0.05278707625317466 0.08107300417230427 0.18526435889415038
37 1184 0.08687227157463687 0.23027263532047168 0.052652126397578186 0.052652126397578186 0.08700641454680595 0.23027263532047168
38 1216 0.08463990900828591 0.21821631990477847 0.05153932611700302 0.05153932611700302 0.09546874667189502 0.21821631990477847
39 1248 0.0859762227405057 0.17776787418943818 0.043857200703785806 0.043857200703785806 0.10119750363924043 0.17776787418943818
40 1280 0.09584601623430444 0.18688482836870798 0.038955735514517476 0.038955735514517476 0.08651528875227986 0.18688482836870798
41 1312 0.10544499621713335 0.19387360945619853 0.03698660740938436 0.03698660740938436 0.07401656199688487 0.19387360945619853
42 1344 0.11122140641795795 0.2014415650473227 0.03653376870602362 0.03653376870602362 0.07093152930390118 0.2014415650473227
43 1376 0.1119805327849721 0.21403552695175168 0.04232244439049072 0.04232244439049072 0.060039157319611486 0.21403552695175168
44 1408 0.10223369465422005 0.2065078635428227 0.041175880479045 0.041175880479045 0.0638138571015597 0.2065078635428227
45 1440 0.10529349242855195 0.1731152839058408 0.042180057459073196 0.042180057459073196 0.05534817043951558 0.1731152839058408
46 1472 0.11008211824062446 0.17462161898442355 0.047808508069804745 0.047808508069804745 0.05161208833213144 0.17462161898442355
47 1504 0.09808721621891787 0.16139528079893212 0.044305331829148836 0.044305331829148836 0.05426622731232119 0.16139528079893212
48 1536 0.10757232720898963 0.1303690193942049 0.04296642818798987 0.04296642818798987 0.049393527374586056 0.1303690193942049
49 1568 0.10631303187312635 0.1394240406126511 0.04261203855816616 0.04261203855816616 0.058686413273023846 0.1394240406126511
50 1600 0.11496241468308 0.14836693341834087 0.03703192422932196 0.03703192422932196 0.04972471089111509 0.14836693341834087
51 1632 0.11767596867255155 0.12891813506095826 0.0321975503398232 0.0321975503398232 0.0526647140092019 0.12891813506095826
52 1664 0.11879148716930676 0.1267966194749054 0.02640262061928922 0.02640262061928922 0.06827502116443972 0.1267966194749054
53 1696 0.09252458571491592 0.13930319230442684 0.02448915067267676 0.02448915067267676 0.07719303904121409 0.13930319230442684
54 1728 0.07729106691740727 0.11550602077300086 0.020523760754122697 0.020523760754122697 0.07637140408785659 0.11550602077300086
55 1760 0.07668264824641231 0.09090820772352304 0.01904816164351903 0.01904816164351903 0.06602866814676268 0.09090820772352304
56 1792 0.06607666319146044 0.08827775488216108 0.019158490982760814 0.019158490982760814 0.06326858028631063 0.08827775488216108
57 1824 0.06552078708941836 0.08311578009573968 0.01622347095929438 0.01622347095929438 0.053002404524467334 0.08311578009573968
58 1856 0.06303307253771827 0.08602152402011065 0.016062040444903034 0.016062040444903034 0.051320449362340315 0.08602152402011065
59 1888 0.06237108324211043 0.0912914408867289 0.014950723453354036 0.014950723453354036 0.0521973553532083 0.0912914408867289
60 1920 0.06340912344316375 0.09421869844094087 0.014147908506761373 0.014147908506761373 0.0442498017998373 0.09421869844094087
61 1952 0.07003638122233882 0.10268354338342253 0.011661257200185208 0.011661257200185208 0.0378079704706675 0.10268354338342253
62 1984 0.07496191520744813 0.10042143545139182 0.011752492575180035 0.011752492575180035 0.04395725444824162 0.10042143545139182
63 2016 0.07993239141071151 0.11905791819812943 0.011411608996527989 0.011411608996527989 0.05020803084883108 0.11905791819812943
64 2048 0.06951490131836796 0.11182855335815226 0.010196403916664943 0.010196403916664943 0.04470019594063899 0.11182855335815226
65 2080 0.07223891511156819 0.10108699070762324 0.007647943996851873 0.007647943996851873 0.04368861931445196 0.10108699070762324
66 2112 0.07875154394057604 0.11630430465069393 0.006758082573944616 0.006758082573944616 0.04307795023415526 0.11630430465069393
67 2144 0.06401774742943198 0.11230999590580423 0.007344445354309769 0.007344445354309769 0.04686847517495884 0.11230999590580423
68 2176 0.05395944314757455 0.09542165345278952 0.007766918022003899 0.007766918022003899 0.04112949326706101 0.09542165345278952
69 2208 0.04805338852705729 0.09853683896372933 0.008172252314267024 0.008172252314267024 0.03961478617425976 0.09853683896372933
70 2240 0.05092220328131152 0.08766591220582656 0.007322428051738218 0.007322428051738218 0.035453635175734764 0.08766591220582656
71 2272 0.05554128159805821 0.08420166747791683 0.005661127173630485 0.005661127173630485 0.038211395216155235 0.08420166747791683
72 2304 0.04919475249786712 0.07596315044938935 0.005009953761272023 0.005009953761272023 0.048216087672820804 0.07596315044938935
73 2336 0.05616980874805214 0.07670248143213644 0.00460451853170524 0.00460451853170524 0.040895555027372486 0.07670248143213644
74 2368 0.06178100718736228 0.07213634981358448 0.004542142655363818 0.004542142655363818 0.0395795609604454 0.07213634981358448
75 2400 0.06352622645096202 0.061409580466487416 0.0052598466789004 0.0052598466789004 0.04124567044555795 0.061409580466487416
76 2432 0.05946066007990722 0.05008062768573108 0.006485857099029163 0.006485857099029163 0.04202650608338463 0.05008062768573108
77 2464 0.062065709726993816 0.05203029139072839 0.006410512548951972 0.006410512548951972 0.035188849223965805 0.05203029139072839
78 2496 0.05896496435515979 0.0571265837633324 0.0052337094712806035 0.0052337094712806035 0.035284311375148224 0.0571265837633324
79 2528 0.04519990523906628 0.04855284254778154 0.005308932384831419 0.005308932384831419 0.03457870641700865 0.04855284254778154
80 2560 0.043376462331094885 0.0445990001131895 0.003895785497161625 0.003895785497161625 0.0327775458212401 0.0445990001131895
81 2592 0.04455778595230877 0.04447393624514081 0.003952958814757846 0.003952958814757846 0.02983985358435252 0.04447393624514081
82 2624 0.04857195868490655 0.04224907268428466 0.004028796714003856 0.004028796714003856 0.026147225117623806 0.04224907268428466
83 2656 0.05431889455551468 0.04433528508034903 0.0042652969722915685 0.0042652969722915685 0.022116756260512727 0.04433528508034903
84 2688 0.05872514956809583 0.04099368986182738 0.005061043349272148 0.005061043349272148 0.01732876251077456 0.04099368986182738
85 2720 0.05703319116048295 0.03808722463835458 0.005070683420144438 0.005070683420144438 0.019940297511153098 0.03808722463835458
86 2752 0.05743177607783039 0.03471737911017147 0.004505632626033119 0.004505632626033119 0.018036256903252963 0.03471737911017147
87 2784 0.05396056426441056 0.039258023594558725 0.004403320351278938 0.004403320351278938 0.016899980995287712 0.039258023594558725
88 2816 0.053388571410388636 0.041503260697467716 0.003501669703473663 0.003501669703473663 0.014950238262472658 0.041503260697467716
89 2848 0.04844744761919161 0.0457351426132162 0.003306869934343932 0.003306869934343932 0.013005711674936221 0.0457351426132162
90 2880 0.05816330207854028 0.047347302067230666 0.002594063262787353 0.002594063262787353 0.012032262638412953 0.047347302067230666
91 2912 0.05597838743535646 0.06097720777795304 0.0024492049778970667 0.0024492049778970667 0.010747272854357467 0.06097720777795304
92 2944 0.05105528711916051 0.0629973909222695 0.0019851190855716236 0.0019851190855716236 0.00884104419855221 0.0629973909222695
93 2976 0.04187811408686049 0.06060376694835256 0.001784667157858335 0.001784667157858335 0.007229658671417904 0.06060376694835256
94 3008 0.05416024984203942 0.05620547951026089 0.001453985572137576 0.001453985572137576 0.006272646045300913 0.05620547951026089
95 3040 0.05189474920873858 0.04889777918939959 0.0013444142231880437 0.0013444142231880437 0.008212718794326956 0.04889777918939959
96 3072 0.04718268600276677 0.043798787334414266 0.0010995722999679598 0.0010995722999679598 0.006050836583652876 0.043798787334414266
97 3104 0.04339424039128256 0.04306799745508563 0.000886762945619021 0.000886762945619021 0.004693621533048267 0.04306799745508563
98 3136 0.04457724814996728 0.044302500969858466 0.000842441138541316 0.000842441138541316 0.004522464437257205 0.044302500969858466
99 3168 0.051532472130890405 0.04402433314219646 0.0007962395394392092 0.0007962395394392092 0.004133637559047439 0.04402433314219646
100 3200 0.06621074203575424 0.03696095010784303 0.0008622507073765271 0.0008622507073765271 0.004017158962313578 0.03696095010784303
101 3232 0.0771752215565564 0.03878063419584721 0.0007736556411670576 0.0007736556411670576 0.00458249932807935 0.03878063419584721
102 3264 0.09026900811136808 0.035057979385357374 0.0006333042077608012 0.0006333042077608012 0.004447227058162618 0.035057979385357374
103 3296 0.09334079639672752 0.036664121347897094 0.0005261587948238532 0.0005261587948238532 0.003940049963403972 0.036664121347897094
104 3328 0.11358162703827458 0.03502923094632984 0.0005332321912752564 0.0005332321912752564 0.0034439299040464897 0.03502923094632984
105 3360 0.10603851247459004 0.039047438958145865 0.0005013762385971182 0.0005013762385971182 0.00333675924341938 0.039047438958145865
106 3392 0.11050914145502175 0.03692465071652382 0.0004237616636271687 0.0004237616636271687 0.0025855483926637444 0.03692465071652382
107 3424 0.11914104553313097 0.03449465040964725 0.0003713903820382327 0.0003713903820382327 0.0026684974445789155 0.03449465040964725
108 3456 0.109545162263736 0.04162030366173489 0.0003126917865683812 0.0003126917865683812 0.002291431463251313 0.04162030366173489
109 3488 0.10930277058277595 0.035085010356997556 0.0002695116647570868 0.0002695116647570868 0.00212415857419929 0.035085010356997556
110 3520 0.11707489806768145 0.03059238119385846 0.00024567037227994946 0.00024567037227994946 0.0021224520930311535 0.03059238119385846
111 3552 0.13769132250996374 0.029773563542591985 0.00020629083331377365 0.00020629083331377365 0.0024230926852789017 0.029773563542591985
112 3584 0.14856796694784638 0.032716611961995753 0.00017632471691184204 0.00017632471691184204 0.0022637281380837758 0.032716611961995753
113 3616 0.1567951533361176 0.027614892174271054 0.000172589902135686 0.000172589902135686 0.0018479752901452882 0.027614892174271054
114 3648 0.13900433123291075 0.027579997561102756 0.00015204049281682125 0.00015204049281682125 0.0016382295789769137 0.027579997561102756
115 3680 0.15489782084581707 0.025465005889480495 0.0001236100758322581 0.0001236100758322581 0.0015326529121226166 0.025465005889480495
116 3712 0.18924690567746427 0.029705368910366858 0.00011963931923367604 0.00011963931923367604 0.0013879716966783595 0.029705368910366858
117 3744 0.16139781417929766 0.027219384764633106 0.00015735622064124352 0.00015735622064124352 0.001346529239627917 0.027219384764633106
118 3776 0.15304316424019984 0.025526736009506463 0.00012796796333397812 0.00012796796333397812 0.00131367836257623 0.025526736009506463
