% # columns="iteration, evaluation, void, void, void, xmean", seed=1, Fri Feb 20 05:06:27 2026, <python>{}</python> # scaling_of_variables: 1, typical_x: 0
1 32 0 0 0 0.3346047057494713 0.26630619989251486 0.24742421304622764
2 64 0 0 0 0.4028304240575335 0.2763407578917042 0.2983608086885466
3 96 0 0 0 0.41620244453281674 0.2992532362160245 0.34319009073458373
4 128 0 0 0 0.45174672622788575 0.3094919812970607 0.33843921476919203
5 160 0 0 0 0.4431581256029485 0.2651408147515983 0.31938158988342596
6 192 0 0 0 0.43297119971661285 0.24031656277616362 0.33055510911621766
7 224 0 0 0 0.48372298552690046 0.2590915190154103 0.31765005020811343
8 256 0 0 0 0.5148849144940455 0.2660639448550059 0.3320909349801039
9 288 0 0 0 0.5174314462682824 0.2726508984802728 0.3145307123407453
10 320 0 0 0 0.5356925933615447 0.28448729881150364 0.32399579746493223
11 352 0 0 0 0.5427553648687592 0.29767854010334593 0.33054833384694954
12 384 0 0 0 0.5351754341153925 0.3106751517521637 0.32781207597885476
13 416 0 0 0 0.5578475362194288 0.3138761402927427 0.3364492049149013
14 448 0 0 0 0.5168061471023391 0.30495762767371515 0.33080107775377104
15 480 0 0 0 0.53835087170981 0.3071316833214642 0.33308201119600744
16 512 0 0 0 0.5642254938482487 0.29486312483585764 0.3337378474750542
17 544 0 0 0 0.563487642199502 0.29812724267315616 0.3314513208413241
18 576 0 0 0 0.5371900493995688 0.29304425366844306 0.32542048490708014
19 608 0 0 0 0.5186676365998174 0.2960752537893589 0.3205803840379505
20 640 0 0 0 0.5301290272266468 0.2964248485747954 0.32066173382765834
21 672 0 0 0 0.562750659807358 0.2943277427845816 0.3281543663205114
22 704 0 0 0 0.5606146853761852 0.29155202182160084 0.32342115197592797
23 736 0 0 0 0.5655428005933868 0.2868651918303381 0.3195437081988472
24 768 0 0 0 0.5696563247557984 0.28845178608405264 0.3181367228327046
25 800 0 0 0 0.5641025202382621 0.29458048450519275 0.31100757484284575
26 832 0 0 0 0.5593789038054845 0.2996408817801625 0.29471977666075866
27 864 0 0 0 0.557176919591919 0.2978189387430364 0.29451996208759273
28 896 0 0 0 0.5720032402248543 0.30321999141346234 0.2947905723079518
29 928 0 0 0 0.5618087659505693 0.3020669639825729 0.29530264863588535
30 960 0 0 0 0.5701024993584459 0.2996825065944559 0.2955107843410154
31 992 0 0 0 0.575923366885461 0.29629474635298303 0.3028368812572727
32 1024 0 0 0 0.5752387587768988 0.2984607693407931 0.30002615666141297
33 1056 0 0 0 0.5757103945838583 0.3003200899020691 0.2995518370114809
34 1088 0 0 0 0.5764840707306718 0.29822694341647854 0.3020011379314142
35 1120 0 0 0 0.5780633597268029 0.29415226662536725 0.3058576700223456
36 1152 0 0 0 0.578278034595479 0.2897886248840503 0.3107894433353053
37 1184 0 0 0 0.5749735447344233 0.2879824785810334 0.30941114793627716
38 1216 0 0 0 0.5718220710721466 0.28995312387200317 0.3073402881561455
39 1248 0 0 0 0.5767334563871854 0.28528412863749303 0.31174591838161836
40 1280 0 0 0 0.5814759962970849 0.2835686198543042 0.3131118456992608
41 1312 0 0 0 0.5864888668182607 0.28206090440532433 0.3180403386794173
42 1344 0 0 0 0.5795033037176055 0.2890265369068271 0.3078826255162584
43 1376 0 0 0 0.5748721092802441 0.29152887837371894 0.3067142214404936
44 1408 0 0 0 0.5770543557468282 0.29170005528684045 0.3086147685875846
45 1440 0 0 0 0.5798038426897826 0.2921835517199738 0.3105994405708422
46 1472 0 0 0 0.5839453817633151 0.2903989811679297 0.31170942781398925
47 1504 0 0 0 0.5847328090427227 0.29096308458927816 0.312371658204603
48 1536 0 0 0 0.5866103055323929 0.2924364768149691 0.3097685498882555
49 1568 0 0 0 0.586823062133974 0.2949973230808471 0.30888786341752034
50 1600 0 0 0 0.5889556722414141 0.2967268312533848 0.3068918011399068
51 1632 0 0 0 0.5886603828722182 0.29891241155152454 0.30248031345879933
52 1664 0 0 0 0.5876383785794522 0.30009259288562135 0.2986012586814649
53 1696 0 0 0 0.5872523325474218 0.2991814953535632 0.30032083479460675
54 1728 0 0 0 0.5871403930423472 0.30019442040529465 0.2985802581759435
55 1760 0 0 0 0.5880185237830533 0.3015398570990607 0.29805216522599665
56 1792 0 0 0 0.5868145178510313 0.30158847989389 0.2974800652201052
57 1824 0 0 0 0.5861079841729254 0.3011866467324887 0.2969794187183506
58 1856 0 0 0 0.5860819794310819 0.3001717201788981 0.29804417191599275
59 1888 0 0 0 0.5860300274978651 0.299169072790073 0.29904019626582257
60 1920 0 0 0 0.5854219812842042 0.29766436198310753 0.30111668633213745
61 1952 0 0 0 0.5869117071718104 0.2978849899150467 0.3016322981328172
62 1984 0 0 0 0.5878002122033765 0.2972412707542157 0.30238302568023967
63 2016 0 0 0 0.5902822936128409 0.29985225735805365 0.2992678819926813
64 2048 0 0 0 0.5902429344244765 0.2990170684480734 0.30047137276338876
65 2080 0 0 0 0.592053605873393 0.3013360530600635 0.2979304491786418
66 2112 0 0 0 0.5921527708794008 0.3023477945996176 0.296942243987793
67 2144 0 0 0 0.5925329031053159 0.30192079173482494 0.2974589773857398
68 2176 0 0 0 0.5927008527355477 0.30261836979199047 0.29653865748317765
69 2208 0 0 0 0.5917963189099786 0.30170343083232465 0.29753264430253007
70 2240 0 0 0 0.590952874117299 0.30180246033793845 0.2969364588375795
71 2272 0 0 0 0.5899774922049477 0.30180306033685894 0.29653769325246454
72 2304 0 0 0 0.5902079887109689 0.3011060113562893 0.2975959317178423
73 2336 0 0 0 0.5906695192190715 0.29998407804862026 0.29924167318993966
74 2368 0 0 0 0.590508941472751 0.29987622585531687 0.2990517947509204
75 2400 0 0 0 0.5897462235087887 0.30003933020592727 0.29896952573973823
76 2432 0 0 0 0.5893427416203434 0.3005046005561183 0.29829967370790716
77 2464 0 0 0 0.5905262156095842 0.299545364869387 0.29984686443097003
78 2496 0 0 0 0.5903981005370815 0.2995229076845368 0.30008534175748014
79 2528 0 0 0 0.5903787570113804 0.2995692433801351 0.2999700833107839
80 2560 0 0 0 0.589732271737042 0.2997986687843671 0.2994597303947805
81 2592 0 0 0 0.5901698528209727 0.29973779302422654 0.29983562635521693
82 2624 0 0 0 0.5888259846590944 0.29949805851173766 0.2998971305067166
83 2656 0 0 0 0.5885639764016425 0.2993122086207839 0.29985537783166466
84 2688 0 0 0 0.5884605737314272 0.2995128622249367 0.29938285783791846
85 2720 0 0 0 0.5884828350163512 0.29975352534832983 0.2992170336571223
86 2752 0 0 0 0.5893319101298836 0.29969461664979447 0.29949903593233296
87 2784 0 0 0 0.5884138731716068 0.29947552266020966 0.299530856085777
88 2816 0 0 0 0.5875495588293034 0.29938368881796534 0.299597987569598
89 2848 0 0 0 0.5875068350239186 0.29924163239213347 0.2997417491612439
90 2880 0 0 0 0.585588160774032 0.29901597345517494 0.2998389695741864
91 2912 0 0 0 0.5848454227480082 0.29900324047880283 0.29978431586277743
92 2944 0 0 0 0.5864235279083638 0.2990936848566025 0.2998333117720926
93 2976 0 0 0 0.5865679381879738 0.2990972755002719 0.2998473887607167
94 3008 0 0 0 0.5874101960195122 0.29900291653283834 0.3000661808220268
95 3040 0 0 0 0.5865875047555007 0.2989287559786777 0.30007180952980794
96 3072 0 0 0 0.5859075551232287 0.2989032626276281 0.3000435840322179
97 3104 0 0 0 0.5855242234784124 0.2989207451763462 0.29997551392404675
98 3136 0 0 0 0.5850484151712783 0.29888396426339037 0.30001835222669804
99 3168 0 0 0 0.5847594596217882 0.2988550287495847 0.3000796411414205
100 3200 0 0 0 0.5846484961002799 0.29880700168694285 0.30021430750823763
101 3232 0 0 0 0.5848540665476053 0.29872474462631454 0.3003557394088045
102 3264 0 0 0 0.5863910112581661 0.2987415966837356 0.300426433304298
103 3296 0 0 0 0.584785931340069 0.29873234529701526 0.30028831933165284
104 3328 0 0 0 0.5824891606891742 0.29858951805266665 0.3003718241786865
105 3360 0 0 0 0.5830867485530994 0.29863906816969227 0.30037334228970974
106 3392 0 0 0 0.5817893088784359 0.29860413433312993 0.3003727248504559
107 3424 0 0 0 0.5797397215025074 0.29852355905286637 0.3003632813702251
108 3456 0 0 0 0.5793924382820105 0.2984688537377853 0.30043862541706046
109 3488 0 0 0 0.5787747293140163 0.2984179174633976 0.3005004379293269
110 3520 0 0 0 0.5776733976170517 0.29828363965116744 0.3006187294714889
111 3552 0 0 0 0.5810085115140148 0.29858887738020357 0.30035486413769913
112 3584 0 0 0 0.5807183755421532 0.2986411783822037 0.3002848552598468
113 3616 0 0 0 0.5784736439694698 0.2984034624224265 0.30051735048808254
114 3648 0 0 0 0.5801920333738999 0.298527846369567 0.30041509021516444
115 3680 0 0 0 0.582372902815165 0.2986846065680513 0.3003024246954059
116 3712 0 0 0 0.580815590372636 0.29856336489193486 0.3004225448953684
117 3744 0 0 0 0.579835344207048 0.2985046094186621 0.3004537150388106
118 3776 0 0 0 0.5802360914250938 0.2984715135143586 0.30050669793570295
