% # columns="iteration, evaluation, sigma, axis ratio, bestever, best, median, worst objective function value, further objective values of best", seed=1, Sun Feb 22 19:37:38 2026, <python>{}</python>
1 32 0.16558371856398424 1.0000333338888951 64.53241971301763 6.4532419713017632e+01 200.0 200.0   
2 64 0.17325710874721928 1.5904820832571267 64.53241971301763 6.7120179816544535e+01 200.0 200.0   
3 96 0.18680316757374124 2.0826722040577232 64.53241971301763 6.8788984793666188e+01 200.0 200.0   
4 128 0.1505129375906979 2.669549714569908 64.53241971301763 6.6637483147867300e+01 200.0 200.0   
5 160 0.14482912248519503 2.8244463171243646 64.53241971301763 6.6673326303173880e+01 87.56721564154213 200.0   
6 192 0.12300136227021355 4.2006195543775044 64.53241971301763 6.7039469577159849e+01 92.52173501312889 200.0   
7 224 0.12832335188674254 4.185894064062011 64.53241971301763 6.6437158850529627e+01 79.39500218556667 200.0   
8 256 0.16790661633336587 5.21037424920913 61.656301383336924 6.1656301383336924e+01 77.02740957512601 200.0   
9 288 0.17576117707151415 4.118088957866822 60.507428628664314 6.0507428628664314e+01 123.35701190168965 200.0   
10 320 0.15098441397081216 4.375562476360555 60.507428628664314 6.2197984861039529e+01 72.15901168934522 200.0   
11 352 0.1528644273616648 4.800185327063197 60.507428628664314 6.1062508207566395e+01 73.66507609463584 200.0   
12 384 0.14770608732377793 4.500853195141257 60.507428628664314 6.1117464564418739e+01 64.16730181014606 200.0   
13 416 0.15183007013099714 4.961386663546096 59.450279088560094 5.9450279088560094e+01 64.22918152415633 200.0   
14 448 0.1684274172601122 4.1009445861504465 59.450279088560094 5.9932840106536204e+01 63.14297004477664 200.0   
15 480 0.16067968637650545 4.341306043641538 59.450279088560094 6.0481915151839161e+01 102.05614813101194 200.0   
16 512 0.16100120989953906 4.725496731239128 59.450279088560094 6.0766666251677627e+01 200.0 200.0   
17 544 0.18076006429192276 3.4039769968714264 59.450279088560094 6.0097849548193970e+01 62.15437319936427 200.0   
18 576 0.16343040499737505 3.4336788502328814 59.450279088560094 5.9868969731374982e+01 62.83711963084281 200.0   
19 608 0.15104609904607683 3.0485071025755155 59.450279088560094 6.0110437425777789e+01 62.94157014361384 200.0   
20 640 0.1720169430820057 3.619866897311594 59.450279088560094 5.9807547707501172e+01 200.0 200.0   
21 672 0.1509741568224139 3.582255068710428 59.36737673643392 5.9367376736433918e+01 200.0 200.0   
22 704 0.14329714239282695 3.3135668802563485 59.10074491788639 5.9100744917886388e+01 62.390161901608366 200.0   
23 736 0.15469748102344372 3.1544025918308116 59.10074491788639 5.9382239829542513e+01 200.0 200.0   
24 768 0.14419658577698463 3.1155313944157146 59.04363841933487 5.9043638419334869e+01 200.0 200.0   
25 800 0.1521884562388824 2.9274954074210897 58.878244948501305 5.8878244948501305e+01 61.68691940191011 200.0   
26 832 0.14433036979056243 3.8138100505557087 58.878244948501305 5.8940497701228587e+01 62.04927995136966 200.0   
27 864 0.13363664288780153 3.6469914698989796 58.878244948501305 5.9402652569376151e+01 200.0 200.0   
28 896 0.12921327640017816 3.949426488519156 58.878244948501305 5.9267986236451321e+01 60.534521870013286 200.0   
29 928 0.1396376015373238 4.071116126751287 58.878244948501305 5.9176857215938128e+01 61.71283563899781 200.0   
30 960 0.17221255315842396 5.049986161266865 58.878244948501305 5.9349820701841438e+01 62.40751920884097 200.0   
31 992 0.18483426108359086 6.005041073106195 58.878244948501305 5.9199164999977747e+01 60.90625778484978 200.0   
32 1024 0.1732585932371402 4.98734648493193 58.878244948501305 5.9272297342054074e+01 60.796218276211484 200.0   
33 1056 0.1873974827151494 6.161903903112263 58.878244948501305 5.9434317229167718e+01 60.37120458738513 200.0   
34 1088 0.16657592611660182 7.213576504068823 58.878244948501305 5.9235904696915149e+01 60.772494333643735 200.0   
35 1120 0.1394235649811888 7.832052486709826 58.878244948501305 5.9081339816950148e+01 62.1005815960283 200.0   
36 1152 0.15937198975247271 8.677044610916395 58.878244948501305 5.9379093550983541e+01 59.66423745760491 200.0   
37 1184 0.22171426488175883 8.385084293809289 58.878244948501305 5.9039018864457873e+01 59.83241851887651 200.0   
38 1216 0.22071601432906054 6.335328613478356 58.878244948501305 5.9302396930903299e+01 60.94986316166884 200.0   
39 1248 0.20391122911529524 7.110360390241176 58.878244948501305 5.9323762972511894e+01 59.975654288923444 200.0   
40 1280 0.2094761814863745 6.677527919064533 58.878244948501305 5.8999850999217131e+01 59.69870965847885 200.0   
41 1312 0.22244471704772212 7.196952173275472 58.878244948501305 5.9225027706262580e+01 59.71333060847633 200.0   
42 1344 0.23301814445911442 6.7710014729979795 58.74665024749937 5.8746650247499367e+01 61.956587510338075 200.0   
43 1376 0.21490409332857466 5.638111069907588 58.74665024749937 5.9021446955782231e+01 60.99766931986184 200.0   
44 1408 0.27910197315986096 5.573355664343748 58.74665024749937 5.8925819126929618e+01 59.66689332878532 200.0   
45 1440 0.29086009437336324 6.63762491649065 58.74665024749937 5.9365048489588652e+01 61.3551478457292 200.0   
46 1472 0.28751752585076207 8.238118482467774 58.74665024749937 5.9166893731912758e+01 60.5556085552166 200.0   
47 1504 0.2945593002440868 7.270989139379124 58.74665024749937 5.9001232193570274e+01 60.43424321125463 200.0   
48 1536 0.3603355462949214 9.738618176552949 58.74665024749937 5.9268350937366570e+01 59.64142880299064 200.0   
49 1568 0.3920062156800413 13.986511012138878 58.74665024749937 5.8978455017865365e+01 59.6898776096528 200.0   
50 1600 0.36173430147792934 14.76937305929 58.74665024749937 5.9012808766033693e+01 59.71602836638016 200.0   
51 1632 0.4245442131744735 15.197474836299527 58.74665024749937 5.9223198088374481e+01 59.740804918752666 200.0   
52 1664 0.3409689655537743 14.620400543085843 58.74665024749937 5.8753881497232776e+01 60.618143583143066 200.0   
53 1696 0.32969707553818467 15.999447035433416 58.74665024749937 5.9241807223001480e+01 60.980263089211675 200.0   
54 1728 0.3678035757783579 16.960935624319273 58.74665024749937 5.8955004603357594e+01 59.65352047577334 200.0   
55 1760 0.34005979773028666 13.491891717856786 58.74665024749937 5.9269974916015499e+01 59.66707157112936 200.0   
56 1792 0.31219434690054704 12.359439156019242 58.74665024749937 5.9192237704643169e+01 59.6973982257836 200.0   
57 1824 0.3282780780254925 11.397568873512814 58.74665024749937 5.9204440101071981e+01 59.645303240099985 200.0   
58 1856 0.3856874338208184 10.293682306798607 58.74665024749937 5.9024077733183773e+01 59.68473747090837 200.0   
59 1888 0.37628623530322514 12.571382866211763 58.74665024749937 5.8938432522965698e+01 59.648692569272214 200.0   
60 1920 0.34229569317232234 14.356568464025809 58.74665024749937 5.9238571485478360e+01 59.65436969203957 200.0   
61 1952 0.33902821555810764 16.42089822053502 58.74665024749937 5.8777043702011724e+01 59.63466069266829 200.0   
62 1984 0.37478906639541376 18.162662912555334 58.66638006738571 5.8666380067385710e+01 60.37439747624343 200.0   
63 2016 0.320248966883529 21.950710631520288 58.66638006738571 5.8903312431901398e+01 60.54208534819392 200.0   
64 2048 0.341543885550719 22.26527128519322 58.66638006738571 5.8950830526188092e+01 60.901691822747026 62.320540512666284   
65 2080 0.2925332169157895 20.098681489438626 58.66638006738571 5.8980785122613916e+01 59.65196070750867 200.0   
66 2112 0.2521234883568147 15.305169997504661 58.22145896459604 5.8221458964596039e+01 59.6619722644454 200.0   
67 2144 0.216532052537766 20.00443249982225 58.22145896459604 5.8952082357116495e+01 60.92475181161868 200.0   
68 2176 0.18767723859664448 20.585224524679198 58.22145896459604 5.8919473445643852e+01 60.86585787924127 200.0   
69 2208 0.16681809625306515 22.77575486656167 58.22145896459604 5.8826868957137883e+01 60.58718982932876 200.0   
70 2240 0.15354279863569933 25.04485818464131 58.22145896459604 5.8771002706654087e+01 59.57515419994967 200.0   
71 2272 0.1421192753813646 21.06750684849195 58.22145896459604 5.8963496481676742e+01 60.89831284005617 200.0   
72 2304 0.15583084674278863 18.772229000041133 58.22145896459604 5.9193063523177486e+01 60.5542856872118 200.0   
73 2336 0.1862753885254839 19.440446140951977 58.22145896459604 5.8928883837212759e+01 59.58938876456467 200.0   
74 2368 0.16084146722227324 13.012236262809699 58.22145896459604 5.8909520006665886e+01 60.87562748621903 200.0   
75 2400 0.16486242534032858 15.939641565807909 58.22145896459604 5.8787984353508712e+01 59.56909266374647 200.0   
76 2432 0.17627772905584335 15.548174611481313 58.22145896459604 5.8758115905659089e+01 60.878159233399664 200.0   
77 2464 0.1941665026324516 17.28248021145048 58.22145896459604 5.8909505141277016e+01 59.59335151988161 200.0   
78 2496 0.1926186969011768 20.27289124676295 58.22145896459604 5.9003541164573136e+01 59.60050596385206 200.0   
79 2528 0.17448465631259727 21.12502297219729 58.22145896459604 5.8946139327246804e+01 59.577371320921095 200.0   
80 2560 0.17123705829696648 22.70333290941748 58.22145896459604 5.8945114160102285e+01 59.57614340231491 200.0   
81 2592 0.18178988058128007 21.224341692047506 58.22145896459604 5.8960280157393839e+01 59.57233779540922 200.0   
82 2624 0.1618224510359686 27.02604862226744 58.22145896459604 5.8921152460208020e+01 59.57638097429404 200.0   
83 2656 0.14118670188588323 33.314419713916664 58.22145896459604 5.8990882716737275e+01 59.5751847484874 62.270493171842546   
84 2688 0.1168449186306336 30.268236858190203 58.22145896459604 5.8749478678431593e+01 59.57534059789058 200.0   
85 2720 0.11712844481890855 33.06032253014772 58.22145896459604 5.8912927654475965e+01 59.58451348579208 200.0   
86 2752 0.10554549412189208 31.651791564505626 58.22145896459604 5.8910348700387523e+01 59.601098379228645 200.0   
87 2784 0.10627923682195303 35.81599509796585 58.22145896459604 5.8954418453408792e+01 59.586855786148526 200.0   
88 2816 0.138875346282905 37.7470241289995 58.22145896459604 5.8928503961098713e+01 59.574187035738895 200.0   
89 2848 0.1241613792104943 37.5819861167315 58.22145896459604 5.8903248599456745e+01 59.590824296518974 200.0   
90 2880 0.10985340011427593 38.66465953532821 58.22145896459604 5.8894526038634993e+01 60.5786169841223 200.0   
91 2912 0.0958121378214266 41.97145671433167 58.22145896459604 5.8754739667907124e+01 59.571143074092895 200.0   
92 2944 0.08031831357544865 50.11231339981643 58.22145896459604 5.8971092249329303e+01 59.56696243152241 200.0   
93 2976 0.078884315031962 55.522505646643864 58.22145896459604 5.8903774070767760e+01 59.58898370591437 200.0   
94 3008 0.06792956828130904 49.52044916039423 58.099712035876735 5.8099712035876735e+01 59.55819791581274 200.0   
95 3040 0.07101034944462566 65.7446423671623 58.099712035876735 5.8953990726305882e+01 59.56983671527908 200.0   
96 3072 0.08165155415170466 78.17888199893777 58.099712035876735 5.8907245723261674e+01 59.56881670218325 200.0   
97 3104 0.09053724840859284 75.55880692184083 58.099712035876735 5.9264921860460298e+01 59.582671133620735 200.0   
98 3136 0.10211762382224614 69.54806229012488 58.099712035876735 5.8941813384270766e+01 59.58273150927656 200.0   
99 3168 0.10382410321767761 70.52527917434887 58.099712035876735 5.8955256081214650e+01 59.582347335482865 200.0   
100 3200 0.11360757925087384 81.41194377365927 58.099712035876735 5.8954844193114489e+01 59.585708249677516 200.0   
101 3232 0.12203446353399296 97.445815080161 58.099712035876735 5.8705779434017444e+01 59.568014865957245 200.0   
