% # columns="iteration, evaluation, sigma, void, void,  stds==sigma*sqrt(diag(C))", seed=1, Sun Feb 22 07:27:22 2026, <python>{}</python>
1 32 0.14880143737388649 0 0 0.15869741311289376 0.1242749382982364 0.13685385144404175
2 64 0.14276121913009285 0 0 0.1280323336504173 0.09431594700968698 0.11128667507219506
3 96 0.1552271232308458 0 0 0.15658058544737696 0.09488808187609898 0.09749202164732952
4 128 0.13662129875307916 0 0 0.11481759855521943 0.06696846007067278 0.0682547525134205
5 160 0.1170228947187905 0 0 0.1027951579685365 0.04755476450639198 0.048621395072822496
6 192 0.1217345806828681 0 0 0.11024668640045297 0.04672955007507724 0.05112834033610081
7 224 0.14306200122913396 0 0 0.12387754134449913 0.07000589964321664 0.0515967031233925
8 256 0.1380279854077028 0 0 0.10593226320054151 0.05791064663227437 0.037146827808681816
9 288 0.1394828258395729 0 0 0.08873849724547085 0.05562364457410154 0.028345483888319027
10 320 0.14862077851041344 0 0 0.08508111768840008 0.047689008014910744 0.023528810792236912
11 352 0.12489738826104223 0 0 0.05385638998497866 0.030178506816731666 0.016224928646856304
12 384 0.11316562459445348 0 0 0.04024463230166921 0.02480304767522415 0.012116179781863568
13 416 0.10658791449773374 0 0 0.03401479441584079 0.01946086116220563 0.011976881176702491
14 448 0.10066445210720922 0 0 0.030687468523726263 0.015144688537808874 0.008941507755910339
15 480 0.08765470355970065 0 0 0.026302337453098328 0.012113247990497605 0.006712566714420422
16 512 0.08400528879342734 0 0 0.024230304779793304 0.01117848465829096 0.006282797446682773
17 544 0.08554806978483018 0 0 0.022123484388560627 0.010803382190862793 0.0059717212521857
18 576 0.0970954468065829 0 0 0.022720413442501856 0.01210261765564576 0.006185252187911522
19 608 0.10752952712750147 0 0 0.02348617825258048 0.011665942450040045 0.006542784802420216
20 640 0.1088952174533943 0 0 0.023038547192342315 0.010793287813092543 0.005378910189057643
21 672 0.104806151847246 0 0 0.0193542830560343 0.008720086310200714 0.004675202700297326
22 704 0.09170221815837726 0 0 0.015972939364027088 0.005447677117848127 0.0033617261896557505
23 736 0.08597214850086497 0 0 0.01320809678096131 0.004573782259107407 0.0028715094212764577
24 768 0.09945743709310852 0 0 0.01444140322121516 0.004512715113965696 0.004433967110891794
25 800 0.09304942875674756 0 0 0.013799546656987923 0.0031850552990994123 0.003903313197865115
26 832 0.08750426192552209 0 0 0.011565068553606221 0.002910167959786412 0.0032125463352311004
27 864 0.07312936895709678 0 0 0.007963468932859553 0.0020945866542451883 0.002221924142322618
28 896 0.08533292883641966 0 0 0.011125588181075683 0.0020520413050052312 0.002647831861463956
29 928 0.08347917435502125 0 0 0.01067167016350348 0.002075190954629545 0.0024047982936052023
30 960 0.08898972834484373 0 0 0.009821982371201311 0.0026876319126526195 0.002416600639207927
31 992 0.08485649032685483 0 0 0.0084776806417446 0.0026430867244737087 0.001832012635350242
32 1024 0.09522976704992293 0 0 0.008849435275371924 0.003084920211003756 0.002199601520895186
33 1056 0.09812275925957303 0 0 0.008844924029735126 0.0032368187929757114 0.0018205290136086108
34 1088 0.0905120674943331 0 0 0.006600274924895338 0.002709992722365242 0.0016298359358031904
35 1120 0.09719186725441238 0 0 0.005505588330408858 0.0030597778205945386 0.001371382114970608
36 1152 0.1094837140276619 0 0 0.00596740718491886 0.002957044075625482 0.0015970735784455049
37 1184 0.10656499363653106 0 0 0.005400824682962901 0.002892170146613529 0.0015926820384283057
38 1216 0.09564546304991214 0 0 0.004042138096404339 0.0025143180417726858 0.0014919978509104735
39 1248 0.09659719485500685 0 0 0.003684635342656903 0.002416990077957748 0.0013809562623561841
40 1280 0.08590971646599027 0 0 0.002905229014365221 0.0021494099252833522 0.0010885405938015412
41 1312 0.10270662438339759 0 0 0.003433805853930755 0.0022182120712645153 0.0013351176643905214
42 1344 0.10104460420124835 0 0 0.0032145895520922017 0.001744185971799917 0.0013216101752246102
43 1376 0.08968454320908728 0 0 0.0032001697371923745 0.0014758050998991087 0.0011814065821790416
44 1408 0.09221556173368282 0 0 0.0028584430344998166 0.0016019910115075509 0.0011185150294938948
45 1440 0.08736344871188963 0 0 0.0032890575308088337 0.001394833131361524 0.0009666292907358583
46 1472 0.12104524054310667 0 0 0.003966653488149376 0.002066459112643094 0.001841827937499697
47 1504 0.11439774796884358 0 0 0.0036960116239799228 0.00162336463293329 0.001376481587574845
48 1536 0.11893556257492241 0 0 0.003341133764746785 0.0015444461672782142 0.0014964941140011567
49 1568 0.13419904687632103 0 0 0.0036383610322693574 0.0017553474157148668 0.0012832865600624394
50 1600 0.15613502834105691 0 0 0.004719413290196272 0.002075788085777461 0.001520189941729437
51 1632 0.13326963796558983 0 0 0.0035729675463467155 0.001456725557321293 0.001276312093651456
52 1664 0.1293288520897464 0 0 0.003031955682634442 0.0011941673088191882 0.001151238483589839
53 1696 0.12741866000429164 0 0 0.002364402806801781 0.0011510748695036002 0.0010482152272647505
54 1728 0.13175968569219024 0 0 0.0019261430720838625 0.0012824571122200558 0.001026457729582352
55 1760 0.12814425521774056 0 0 0.0022042385294139735 0.001142401029767267 0.0007746718957662274
56 1792 0.1333172794686319 0 0 0.002586008517933937 0.0009699279484949773 0.0007289773976009757
57 1824 0.13520947461456012 0 0 0.002724214840589175 0.0010580304521631556 0.0007072929625691072
58 1856 0.13735932358325167 0 0 0.0025477170209146104 0.0009130031677606312 0.0007694155559145509
59 1888 0.15269925784447844 0 0 0.0026115510386828236 0.0009903809857788254 0.0008707569987603364
60 1920 0.1258142697716101 0 0 0.0018722092253587192 0.0006396205701077462 0.0006506150731503049
61 1952 0.10418161032987758 0 0 0.001314396835287628 0.000531125226286713 0.0004977733221311278
62 1984 0.13127021665343364 0 0 0.0017338485443782533 0.0006652867533812256 0.0006480504392371147
63 2016 0.15244809814092586 0 0 0.002821408743427119 0.000740010663578938 0.0007985359315576751
64 2048 0.14980368213431314 0 0 0.002417525887969854 0.0007034880648673286 0.0007421683484278639
65 2080 0.12573135130506058 0 0 0.0018128058439605833 0.0005304915588872493 0.0005511047079943562
66 2112 0.09738532184314791 0 0 0.0015229308824093355 0.00036304533307315986 0.000470366592011194
67 2144 0.10008875141779501 0 0 0.0016731646387269294 0.0003866704403100566 0.0004309018504287135
68 2176 0.09470127786953741 0 0 0.001609816656265579 0.00035787508282878226 0.00044603963707787485
69 2208 0.09008092800662304 0 0 0.0013995685804115618 0.00031462497402779955 0.00039642489137122573
70 2240 0.09343798477518594 0 0 0.0013942968900992213 0.0002736418833849392 0.00034729646873921994
71 2272 0.10683232333946742 0 0 0.0016714810575437185 0.00025814746223035704 0.00030348299184431213
72 2304 0.0966949604376428 0 0 0.0013974867724348586 0.00022843781325936142 0.00024160051530203053
73 2336 0.11921192482104988 0 0 0.0018162283033343 0.00030101650214856587 0.00037342337963965506
74 2368 0.11637271183907716 0 0 0.0018307596359995054 0.0003476957421743678 0.00036330369421393703
75 2400 0.12074921599358071 0 0 0.0020717730535864116 0.0003112916977462471 0.0003265329824519812
76 2432 0.13532053775733188 0 0 0.002567952541027277 0.0003900061061336236 0.0003396638756653682
77 2464 0.14987485301068684 0 0 0.003282674193075886 0.0004763934501589056 0.0004514769567980601
78 2496 0.17834569975109088 0 0 0.003570534674753636 0.0006925303864582093 0.0006445372986898866
79 2528 0.1855943893529141 0 0 0.0034739805968601635 0.0007769435633293611 0.0007387184170708992
80 2560 0.1734649592932243 0 0 0.0028977090613321343 0.0007081760053654682 0.0006020403478227213
81 2592 0.17399405086425251 0 0 0.002848657248314363 0.0006278450754038353 0.0006651117735786322
82 2624 0.19122373821596478 0 0 0.0030714878836742335 0.0006755258284233554 0.0005996013369052107
83 2656 0.20257498045998398 0 0 0.0030113353514028417 0.0006447699259554137 0.0005897918245728844
84 2688 0.17262155509662133 0 0 0.0024196099581710747 0.0004997672737448349 0.0004414501722877006
85 2720 0.1969844932678234 0 0 0.0026928028591753166 0.0005358306767322916 0.0004169484109493573
86 2752 0.22257293542368156 0 0 0.003732040397051941 0.0006382222819814332 0.0004588229396719494
87 2784 0.17725757975943623 0 0 0.002543550365281108 0.0004449961687806887 0.000347605439428147
88 2816 0.16373481179922428 0 0 0.002649438864647422 0.0003396529086644812 0.0002868250048177744
89 2848 0.13644768189191217 0 0 0.002164767279067744 0.000299195507387015 0.0002274027201667149
90 2880 0.12444984635991609 0 0 0.0022286361045586885 0.0002678819536976393 0.00018064151737355526
91 2912 0.11253491758949741 0 0 0.002054961619527231 0.00030690910760385515 0.0002161244438628169
92 2944 0.13030233538608021 0 0 0.0027315234710864208 0.00037677415867727376 0.00027341616552520597
93 2976 0.16542237119022973 0 0 0.0035634485010055464 0.00047192658205472436 0.0004065176322054756
94 3008 0.15200786393671076 0 0 0.003148160159950067 0.00038793104038809884 0.00033462557468038354
95 3040 0.1454303761421601 0 0 0.0029097581013784847 0.0003603780450367129 0.00031666039356317003
96 3072 0.15565440888348353 0 0 0.0030263746988350103 0.0003871403186738698 0.000328966520657221
97 3104 0.15826986642397342 0 0 0.0029650928304566886 0.0003758138308291641 0.00030315328085435655
98 3136 0.181274643039565 0 0 0.003209395365824165 0.0004834174069213294 0.0003550568332163477
99 3168 0.2016774582052414 0 0 0.0034191403494013457 0.0004988076527612252 0.0003976895052001576
100 3200 0.18735076602972106 0 0 0.0034634475329752886 0.0005496432203932678 0.0004117834731634843
101 3232 0.1919656037715558 0 0 0.0032623226015944893 0.0005454652234909198 0.00040573443767733853
