% # columns="iteration, evaluation, min max(neg(.)) min(pos(.)) max correlation, correlation matrix principal axes lengths  (sorted square roots of eigenvalues of correlation matrix)", seed=1, Sun Feb 22 07:27:22 2026
1 32 -0.13254804944136067 -0.09612700016732643 0.2029847339364608 0.26626759603035566 0.8349710854874358 1.005223181588517 1.1368155706168845
2 64 0.012188420613026458 0.029213151345557794 0.24188103777300246 0.295745602516286 0.8345251877640845 0.9969171495311874 1.144431696501775
3 96 -0.24073788438668853 -0.1861133970793039 0.2014681783593878 0.27603754953156706 0.802851673941118 0.9889227237469816 1.1736528601365892
4 128 -0.23582361734804047 -0.16405326687760796 0.22947554034852685 0.2888814589534726 0.7752456547968583 1.024783263063666 1.1613842768279479
5 160 -0.3710171217224722 -0.29283172811949504 0.3009631170993522 0.42070933856932413 0.683501920855419 0.9706656246266525 1.261203143571686
6 192 -0.5024089847008001 -0.4660941707905536 0.3961512457399593 0.647251570673217 0.5709630344244367 0.8124641771288139 1.4191205636601985
7 224 -0.5419117771679824 -0.525932793747514 0.4047531025031217 0.6990027511661986 0.5430416146374161 0.7442335885182714 1.4667045273309836
8 256 -0.5873043935590186 -0.5571773954165383 0.3952211855056176 0.682560381003856 0.5419683846160913 0.7376050009587932 1.470445215789151
9 288 -0.6068033862035558 -0.5585085710126974 0.32797915286418533 0.5751802456322879 0.5869698010565925 0.76650524822787 1.4380320431362839
10 320 -0.6158477775818861 -0.5096544831725521 0.1734403023400605 0.29494526976826396 0.611548139085642 0.9252013132235072 1.330417755289813
11 352 -0.5191874070681 -0.4127840172154249 0.1766639565805914 0.2667432246599218 0.6709380647596008 0.9615657045181351 1.2748464649326148
12 384 -0.5402575847967781 -0.3821119090645508 0.14865761831178984 0.16743511837167604 0.6348189317561345 1.0253129540298334 1.2432772298174761
13 416 -0.5547184954142571 -0.38923979321199287 0.15555164280658218 0.17167008594384292 0.6181955160521286 1.0291489418283684 1.24847377203792
14 448 -0.5030153791389733 -0.3729150994977078 0.10423121207192705 0.13317970295387316 0.6892877722377623 1.004288737142935 1.2313758563051946
15 480 -0.5302688976098437 -0.3956045238824406 0.1044046356786844 0.1364099818049896 0.6711109895490708 1.0020215919911546 1.243206647701813
16 512 -0.6170436527128085 -0.47258952745070887 0.018194361219917337 0.03733486551469316 0.6188323153776916 0.9976417455391622 1.2734824352938123
17 544 -0.6831435264045304 -0.5261511065999751 0.06680636875003346 0.10746644072881449 0.5610992880996843 0.9915429634112405 1.3046111070367612
18 576 -0.4239114907270773 -0.29944481306862836 0.08117740560778482 0.08358480084147367 0.7406717415069148 1.01359786312822 1.1933250785913367
19 608 -0.1802918152102808 -0.0878551908791358 0.3323517112743629 0.37998405432771754 0.6977148945662235 1.0644553610922685 1.1747887938443966
20 640 -0.11158057666066819 -0.03494603812205243 0.3011194816879539 0.3365067830860069 0.7459793314279995 1.046236161577889 1.1614235796164123
21 672 -0.0218569650009209 0.06931568225300547 0.3516535725720721 0.3545935554245013 0.7040814529103324 1.01086324036007 1.2175486918215697
22 704 0.007461861480483183 0.05643126065344071 0.25810058475951797 0.27635429362191954 0.8126713072191896 0.9964318165666736 1.16046929358613
23 736 0.0776643055313348 0.11145795254730724 0.37134834330483235 0.42418482654136824 0.743571686031473 0.9686838051560744 1.2283130030088674
24 768 -0.03602851794659084 -0.0216412392656415 0.3748328324242489 0.4926035776399297 0.7099695163782305 1.0015614960058354 1.2218092549707644
25 800 0.05419940281835157 0.06706246928264152 0.32225885991544306 0.3944612569954203 0.7759329029104195 0.9865426498514474 1.193591944596265
26 832 0.139976687672536 0.15758087670172055 0.3210692840035933 0.3579612307416996 0.7957693227816959 0.9388942931143557 1.2186995902505489
27 864 -0.008245591671459218 0.005851494207702611 0.2650791755813651 0.3373913168267575 0.8111380011378598 1.0011518097603294 1.157475786754822
28 896 -0.07220656309884448 -0.03698424071672046 0.42951481578258144 0.5497921789002248 0.6578087117497584 1.0087041383703117 1.2449111052523913
29 928 -0.03147572546220109 -0.02232579389939738 0.5059521534109036 0.6728948709515336 0.571061171150028 1.0002391176698948 1.2936038212249172
30 960 -0.007681986155709522 0.021406627764008625 0.5171214823591442 0.6532711533044714 0.5800579533335789 1.0012425752277396 1.2888157650827305
31 992 -0.11406967770386287 -0.07111371445311826 0.5099251460871641 0.6606488030165137 0.5636303081520478 1.0095740325410882 1.2896050358738342
32 1024 0.0797278437532655 0.08512335819752086 0.5330179069451931 0.6769205754168286 0.5680926855532146 0.9884052255187342 1.3039654177884459
33 1056 0.1216717516223374 0.14139480754094752 0.49524936273660647 0.5934778252165493 0.6331828166486717 0.9633053170854919 1.2927189898719964
34 1088 0.20153721655824172 0.23612975316849316 0.5630179780661955 0.6373881830885114 0.5873139985727486 0.914895292272942 1.3483430094962103
35 1120 -0.10478398863004514 -0.09413156606183039 0.311293799925837 0.43578316602017797 0.7497103284132295 0.9859832069571663 1.2106905215904635
36 1152 0.0018415084767682815 0.02040879813496613 0.08841430932120697 0.09251552339175607 0.9386692174571577 0.9990961106222801 1.0586345270856232
37 1184 -0.14879367408355137 -0.1334135845839437 0.20813152944875948 0.3065998112933862 0.8284672263869948 0.966051980637212 1.1748981340991056
38 1216 -0.3270059343980383 -0.3077884180247595 0.14567435787735467 0.27761110013811385 0.8184152468666295 0.8712903814354002 1.2534151566477842
39 1248 -0.5706820104064281 -0.503953912269053 0.14644847583219087 0.2965211737285636 0.6551750650134318 0.8797373286693819 1.3404506207728455
40 1280 -0.6366950388483184 -0.5219762656054091 -0.018666277880200987 0.03438494478529246 0.5891655924226318 0.9910693718265207 1.2925422255898158
41 1312 -0.4167978701623061 -0.37258020438723205 0.016876133890872315 0.10247724754183303 0.7469486273626321 0.9552265685965349 1.2367740095621227
42 1344 -0.3018951620369479 -0.26158595724639455 -0.13500578604644722 -0.13312160043701815 0.7768909546738149 1.0461486136126597 1.1410580716082415
43 1376 -0.26041215412099616 -0.2192017290322986 -0.03734939810626074 -0.017942379552945698 0.846414080792765 1.00577239085392 1.1278320360903609
44 1408 -0.37589409056253564 -0.3225140980060698 -0.011628667724208955 0.03861981647994549 0.7768095803888443 0.985900544136658 1.1935522581299696
45 1440 -0.3632738712748775 -0.30839767841082205 -0.11730947884149645 -0.10848960518244334 0.7507828612015208 1.0349472180264927 1.168421735173255
46 1472 -0.5447306079230464 -0.46287236487719585 -0.08050300455528628 -0.03490479416050025 0.6331407566501125 1.0119188657323228 1.2550509915710726
47 1504 -0.5563924118467453 -0.4575643112798553 -0.03847473277880158 0.0023936928213263795 0.6491496290679579 0.9993604015778219 1.2569341855638843
48 1536 -0.5897276034313009 -0.47910643375021744 -0.13913338237589074 -0.13643020159886532 0.5903467065428856 1.0303678812730148 1.2608857185783835
49 1568 -0.43384467132387394 -0.3652621502696378 -0.14192122012982616 -0.1360567644707917 0.6941269257774066 1.0409741245976334 1.1977314735903861
50 1600 -0.4618539764570905 -0.45717647938935224 -0.12035891064823363 -0.01276388480226567 0.5945793426397742 1.0063562837238185 1.2781715203820023
51 1632 -0.451211403771737 -0.438780695552457 -0.02968856840450132 0.09424476575887057 0.6640023969327721 0.9520642405520003 1.285563883566148
52 1664 -0.42487979794129604 -0.37752732807372946 -0.1207086388119927 -0.08245487892564707 0.6901383625363889 1.0340858034919236 1.205974954786398
53 1696 -0.3552738756879443 -0.3207671291419947 -0.17608558409578537 -0.1623651489596652 0.7071678746436932 1.0671728313257567 1.1666429381572105
54 1728 -0.49015229615905187 -0.47147794243279334 -0.08053586179899122 0.0311038113526843 0.610411107456366 0.9845397383488326 1.2876644685266054
55 1760 -0.542456430894992 -0.482562285397795 -0.14497591880366806 -0.0923412754361561 0.5800727138183511 1.038325396712338 1.2591250999108783
56 1792 -0.4965650717656841 -0.44050526479905405 -0.1801810947556993 -0.14946617837454443 0.6020301082463702 1.0598534518153147 1.2305569509128893
57 1824 -0.6746999459925537 -0.5735873407620459 -0.0552459139140638 0.016421956471422368 0.5279547270233715 0.994317011859084 1.3162816895107594
58 1856 -0.7192860272757202 -0.6407886058658192 -0.0024349523790941213 0.13185217737324656 0.4749327301099833 0.9423450970760614 1.3734717397482141
59 1888 -0.6170804401413211 -0.5801621209956309 -0.042464985178318634 0.09984907428176193 0.5203546101841734 0.9507314722760624 1.351051718952264
60 1920 -0.5276040813038397 -0.5230062715877059 0.048922981990513564 0.23496825680045288 0.612159507535927 0.8747672287062325 1.3638339462394196
61 1952 -0.5738927869641417 -0.5630090416895921 0.13141697753457665 0.3520085720014167 0.6111326525592705 0.8061144854949068 1.4059503253142165
62 1984 -0.4303609289098829 -0.42065554317184406 0.2502109506661082 0.46412772954072007 0.7273300754642641 0.7829158863273431 1.3630970898147419
63 2016 -0.6234813573210812 -0.589660298981547 0.405125135436744 0.7028992219033068 0.5166061075501551 0.7205476755211345 1.4879278130819948
64 2048 -0.4882235539501097 -0.4306134554117711 0.47535608134663165 0.7197358283944273 0.48409959036952366 0.8739651011499182 1.4148613319248189
65 2080 -0.24814552752852714 -0.22556827219763953 0.47668736380669097 0.6881953204772469 0.5526147486747516 0.9497768791586116 1.338858028083213
66 2112 -0.42970800429888784 -0.4103763964462679 0.4096567871050294 0.6636695737695086 0.5740681621994295 0.8326038456459693 1.4061353353658785
67 2144 -0.6421864498377674 -0.6234025088106524 0.36978483556457076 0.6820633426625301 0.5488704533953676 0.6608273373623818 1.5040107897166524
68 2176 -0.6879042608913429 -0.6850559067821751 0.347890162879234 0.6893571653238693 0.5543196592364715 0.5687989071370245 1.5392197759331476
69 2208 -0.6928093166496554 -0.6886460898147028 0.40419449877268865 0.7643114681335331 0.48454085338906827 0.5850937654260303 1.5565620601365635
70 2240 -0.614684137101844 -0.5848486468239127 0.3981819089566247 0.6960232706055391 0.5282871674346679 0.7163718587069419 1.4858411855836466
71 2272 -0.4054250166337101 -0.3423650391058017 0.355977303668439 0.5256981070652774 0.6360635895064982 0.9232583157713545 1.3202337643247688
72 2304 -0.3027095351466807 -0.29983975780327793 0.2929368879086798 0.48765932580259624 0.7156298711930745 0.8708628127541843 1.3150938555168046
73 2336 -0.31326608624023455 -0.3064375647415368 0.4707198526243719 0.7229438035809771 0.5257698287037647 0.8972761471638601 1.3850854135957076
74 2368 -0.5279248394558019 -0.505124348812431 0.4804275486965089 0.7861443572227846 0.45336459563154524 0.7833252682668175 1.4767742100682026
75 2400 -0.4565506536766996 -0.41563169494867835 0.4729007773700826 0.7281593094149817 0.4980133637450879 0.8621377880324614 1.4172865355946187
76 2432 -0.48632113081873146 -0.4475484366810871 0.31636116312597584 0.5322250022573525 0.6511227760076206 0.8191922503953792 1.3802040383422602
77 2464 -0.611596490607341 -0.5945777888832899 0.3887578481486629 0.6995176921019295 0.5391252789377159 0.6860724835822779 1.4962113757359206
78 2496 -0.5807723629616612 -0.5553252090071915 0.5115362068117012 0.8417095247968625 0.38513532436345965 0.7554728106527663 1.5102753438667607
79 2528 -0.5575586997454816 -0.5507016222466531 0.5283634302361199 0.8811947035648825 0.34368129694982286 0.744894924253029 1.5254555771798017
80 2560 -0.6069643214497531 -0.5873035143055974 0.5096163256464894 0.8555954651530292 0.3715525497532302 0.7239723772670428 1.5289907454678002
81 2592 -0.7162888556068082 -0.6832939958266524 0.4890176142801083 0.8467932912022061 0.36071782616697123 0.6579750990371607 1.5610738031664018
82 2624 -0.6696018005637154 -0.6595938755399048 0.445864390666613 0.8043425543783083 0.43912520614066675 0.6340823130093836 1.5508412793257038
83 2656 -0.5840643377194449 -0.5807055976392592 0.454738931986781 0.7965283684486087 0.45081381897296186 0.7000322923360173 1.518789547735233
84 2688 -0.40116313207279364 -0.3938227466811724 0.5027977119187983 0.7943308127271671 0.45272414419127993 0.8498215153906599 1.4397375598508901
85 2720 -0.4067918660927499 -0.3799212864920818 0.3803939563661469 0.606961791051555 0.6158011015585177 0.8556235368595101 1.3742988635996682
86 2752 -0.265147179080239 -0.2347854627952881 0.4798619330592623 0.6877160153924948 0.5484003887750222 0.9516156666863302 1.339285121439246
87 2784 -0.0802892052862333 -0.05515595443732351 0.5792643645789334 0.7656045534021092 0.4773268629362519 1.00209629377702 1.3296473532173096
88 2816 -0.31451133102424955 -0.22863167400415732 0.49354866196806463 0.6483957836053797 0.5173529593747224 1.0113191932161347 1.3075088546005655
89 2848 -0.43875464994150054 -0.38668712046723636 0.5044795684099738 0.7494676018947796 0.46530294308435927 0.8959549690950122 1.4073939976108292
90 2880 -0.6299651266574517 -0.5696760361359539 0.4038957597642498 0.6681306012094864 0.5048926887912344 0.7824550452350442 1.4604271549760304
91 2912 -0.7878302932725089 -0.7500952692337025 0.4814887594825116 0.8542817450157766 0.3300338270240575 0.6068218339545969 1.5883466041314265
92 2944 -0.8915988305402259 -0.8564729927084445 0.4646208006149999 0.8698595605576999 0.27157693306992975 0.49973927925752737 1.6360032463878238
93 2976 -0.9103406455545341 -0.8965499639026473 0.43952935010560856 0.871098439789807 0.2971698134877615 0.3920968481845938 1.6607077297331267
94 3008 -0.8991311506609678 -0.8979771816845352 0.4294362586103819 0.8707534363989218 0.3069674887674952 0.3597870364960795 1.6662305510370243
95 3040 -0.9291474514193302 -0.9260183221077127 0.46459522587844937 0.9250039458955526 0.2627464347118085 0.28942412135170215 1.6873642135075728
96 3072 -0.9393333827082311 -0.934785077566722 0.4742687875625907 0.9394051041308524 0.23351245385213584 0.28082006287390116 1.6931072104812064
97 3104 -0.9413578589208365 -0.9379882399473153 0.47734428682091223 0.9457521767701336 0.22560641359742664 0.26911271120017183 1.696077856353947
98 3136 -0.9411933954404197 -0.9375176096334406 0.4859317823546545 0.9567391272103737 0.20256782477239738 0.2756151949431015 1.697940676432323
99 3168 -0.9405737021613301 -0.9369853896853453 0.4836734744027832 0.9536381166228413 0.20975359276811426 0.27508328724534453 1.6971542697701831
100 3200 -0.955199000607516 -0.9508463175810427 0.49810713546935764 0.9767389367930178 0.1444244459894806 0.25671424467433723 1.706821424748915
101 3232 -0.9608638294589448 -0.9515426819852797 0.4948157549253996 0.9676140864219609 0.147664214574331 0.2769359307568643 1.7033795143742851
