% # columns="iteration, evaluation, min max(neg(.)) min(pos(.)) max correlation, correlation matrix principal axes lengths  (sorted square roots of eigenvalues of correlation matrix)", seed=1, Sat Feb 21 10:17:27 2026
1 32 -0.0695784070438819 -0.05406827261597599 0.1528812343480398 0.20635426890813918 0.8856732084705798 0.9977169698619783 1.1046012021751836
2 64 -0.2646008497390201 -0.24316118001474835 0.11801802493678881 0.21697142352969612 0.8541309241580956 0.9101036303471677 1.2009045534203553
3 96 -0.18373114601869844 -0.15030892695052278 0.11738500787122888 0.17319410041030378 0.8781964169837458 0.9747062575993044 1.1308044767304692
4 128 -0.21314040899853545 -0.16535660960555465 0.10125520952554122 0.14234201650959238 0.8680494902206716 0.9897959999620025 1.1255194183073223
5 160 -0.022629940984555078 0.013280101694720301 0.28285631032628916 0.33680500385753676 0.7965130535934202 1.0071583372085724 1.1624108736787304
6 192 0.0027392272355817125 0.005205547722168745 0.39055656879095074 0.5165405886606244 0.6952447054400206 0.9999331974018018 1.231571516515151
7 224 0.025336782032481905 0.057656923979297475 0.5079522415069407 0.6257305387360063 0.6007710495133904 0.9940892427506703 1.2848582503583725
8 256 0.26673067826825736 0.27714095850547804 0.5528983994777477 0.6344072662312835 0.6032239886991259 0.8961370680115675 1.3539051572372225
9 288 0.11942650153381475 0.1316545495821676 0.37728398685195585 0.4469324178935324 0.7416904278426015 0.9612704836339896 1.2352547779874135
10 320 -0.036365872991484895 -0.024844294065709042 0.4180122844640248 0.5541095650481602 0.6663177778587865 1.000634817982966 1.246896378994472
11 352 -0.21200363480922843 -0.20728414448011884 0.25376985995446877 0.40273503777022174 0.77244675335056 0.9229064652180912 1.2456201948012995
12 384 -0.30760597702189557 -0.29872990849670467 0.2800866237683993 0.4641493993315765 0.7305101640115372 0.8735514096884929 1.3050911213042111
13 416 -0.2051621903218831 -0.20012456302938675 0.21531945552666792 0.3487631677528565 0.8064695070605714 0.9212954532262563 1.22508025126769
14 448 -0.31015240923512516 -0.23813716355212253 0.29795436179704604 0.404636291230433 0.7075963444956119 0.9892775259899 1.233141269209554
15 480 -0.3227944027739204 -0.2265974171332506 0.36760486349285626 0.4694753047275554 0.6326055954759738 1.028491589202504 1.2417790510039202
16 512 -0.5022299620990661 -0.3785938248612467 0.40911748072128906 0.5480517786776482 0.5103431630761811 0.9961645418829667 1.3218192241742055
17 544 -0.5497887944657666 -0.44426600648859044 0.36824581853969424 0.5335603055719463 0.5431625293858239 0.9340037597551533 1.3537397990139877
18 576 -0.669591029585758 -0.5723950722071798 0.446316400159082 0.6886909335692577 0.41177063388584734 0.848131298302243 1.4529687697639613
19 608 -0.6519070721765909 -0.5154071958315671 0.4403217790158073 0.6223982276199084 0.38732343043063305 0.9456263395228699 1.398488965362267
20 640 -0.6175821774984124 -0.4713451918131086 0.40545605562547143 0.5514861524196943 0.43366994423278704 0.9836535829542669 1.3580706933773237
21 672 -0.505493752026257 -0.34478665171280054 0.37175416531499256 0.4498940040108005 0.5015036098685884 1.065985608376087 1.2697120980851677
22 704 -0.6066702363526777 -0.42782086104232786 0.23329724020715797 0.27482056531330346 0.5370469056108325 1.0396005960832544 1.277032192936878
23 736 -0.6556865339080882 -0.5150572594779055 0.2848629893934242 0.4108737979203514 0.5155589581764825 0.9572840427923228 1.348260442963141
24 768 -0.6103729072858667 -0.463593689859388 0.30868046441394015 0.4193259650785709 0.5198009023246684 0.9890877437285757 1.3234471871398483
25 800 -0.5070080118047154 -0.3770992947912492 0.3621111093813704 0.478605860425444 0.5444672867581076 1.0062832052525355 1.3003651350589756
26 832 -0.6854087693280124 -0.5723322395795617 0.3132372721842739 0.4953505796904351 0.5033269109740331 0.8834984983648129 1.4021741775102188
27 864 -0.6837110873036747 -0.5835054878238926 0.35043626664891925 0.561544585326741 0.49043186961408725 0.8507819981768076 1.4267608674354333
28 896 -0.5565940060068625 -0.44938220374757465 0.4239264902680162 0.6078175860139253 0.4867476549359041 0.9342223668180085 1.3748837368124458
29 928 -0.5754672273998955 -0.48758538399593243 0.3796544062209049 0.5808524928892209 0.5354255059190265 0.8809492465099812 1.391850549694489
30 960 -0.6155124434563389 -0.5660540376978103 0.4986569266034716 0.8041021756120369 0.39760981564023884 0.7768302329887925 1.496142113444145
31 992 -0.5135728834891677 -0.48488005762148667 0.48833463161804364 0.7840467021635393 0.45121788776750027 0.8053842061771602 1.4655233530036362
32 1024 -0.6024837374162785 -0.5685452014232888 0.5106208792787694 0.8364043701864659 0.3817635238549979 0.7555975042891794 1.51106883475432
33 1056 -0.5025352491167127 -0.47208056833748135 0.5373984322361488 0.8434367516481275 0.3804000357596523 0.8241157111629018 1.4751708739696971
34 1088 -0.5295545297243894 -0.48178252159182267 0.5528378160552404 0.8499392538050279 0.3498274856000202 0.839138552209944 1.4742683678739654
35 1120 -0.5898321607106816 -0.5466098814718301 0.5242768706558899 0.8380168421262785 0.36825310995683685 0.7858464550319029 1.4989446274365543
36 1152 -0.6227125322281453 -0.5917912726739828 0.5235323870137183 0.8643856806887895 0.3476439619100085 0.7367148023593815 1.5285270608438994
37 1184 -0.732596094931707 -0.7137607696822288 0.45380661660714566 0.8241604201207924 0.40575559856285104 0.5976904388716618 1.574207271459608
38 1216 -0.7655718786973752 -0.7434889802717399 0.37894768519583466 0.7310103419260576 0.47285067983423174 0.5714846226963525 1.565189305036906
39 1248 -0.7495838894318811 -0.7470893624014393 0.3469995495168995 0.7092013264592374 0.4927452769079925 0.5398842705709412 1.5702633748753578
40 1280 -0.7802560109799203 -0.7614649658278616 0.39571980693327713 0.7626570193682647 0.45262602965800397 0.5440666773495353 1.580860881884889
41 1312 -0.8375355730943362 -0.7895852146380665 0.3028075544364349 0.6189881190049991 0.40183904769291723 0.65743909777749 1.5512250682807989
42 1344 -0.8043627523183198 -0.7377449296213499 0.2620198425134379 0.5286569438613973 0.4422020935207506 0.7399798322924226 1.5022939646708107
43 1376 -0.6167916951662306 -0.536564248158752 0.25226732622607906 0.43498373734687756 0.6004525415982507 0.853047073019823 1.3826667843339966
44 1408 -0.6147883684427395 -0.6135691148851781 0.28733891186179494 0.5864223338865577 0.6153866624471643 0.6432733482074913 1.4857653432383136
45 1440 -0.7108663578567688 -0.7104494039193451 0.2807214751199927 0.6106948141956816 0.5057697803033677 0.6239484428533117 1.5345635438106855
46 1472 -0.6199746313015162 -0.6061415177599382 0.18383600283159302 0.43332872948719203 0.5891361338131161 0.7554188861500475 1.4430041310694695
47 1504 -0.6606492198081302 -0.6476518130242217 0.17720641967172893 0.439161757119804 0.5407910317996225 0.7507543403237307 1.464210702190836
48 1536 -0.7171124408572809 -0.7120809059843091 0.14392025072163822 0.42422243475064875 0.4354605057944659 0.7589768571533658 1.4947669645128059
49 1568 -0.6418137932964945 -0.6318082016446706 -0.003928469987431266 0.19535918224649126 0.46060683405432445 0.8972675894218128 1.4081023462076967
50 1600 -0.6777273878435 -0.6542427810373755 0.03806382907642902 0.24534809230823945 0.4664494800979988 0.8705321379359716 1.4228839303811582
51 1632 -0.7584464449304116 -0.7257625775702395 0.15392556896342344 0.41447108378113917 0.43844907081558326 0.7724047440101479 1.4869947288849308
52 1664 -0.7631676278527273 -0.7164066950892016 0.27520824063878296 0.5589856197845854 0.4862124001415861 0.7023261033307949 1.5067632682438008
53 1696 -0.5975513148972079 -0.5937942360012223 0.19177608698122872 0.4498757824127267 0.6002815693529115 0.7419380479649642 1.4454030477611235
54 1728 -0.6311171896282225 -0.6221178869392163 0.18230267783947857 0.44144356341003743 0.5694419610067148 0.7484146272317017 1.4545141452699797
55 1760 -0.7112151372817249 -0.6945700356687724 0.2717624300497873 0.5772281503430213 0.5268086550195509 0.6574234032811849 1.513362848035684
56 1792 -0.7384417153518384 -0.7229338075396325 0.21785464599317586 0.5159428893585728 0.4692898497515863 0.6987277085009199 1.5137855284990631
57 1824 -0.7047891885134343 -0.6972015042839432 0.24113105252362013 0.5463208872299834 0.5087879420776321 0.6746027726303394 1.511967568817489
58 1856 -0.5834067240059768 -0.5671876861420293 0.3018626467465925 0.5753270531788524 0.6321519887501679 0.6940619735166521 1.45556237930134
59 1888 -0.7230784575138482 -0.697923154802407 0.2921449393936327 0.597012334747538 0.5247735831842849 0.6542198682984652 1.5154567134416825
60 1920 -0.7424710489695885 -0.7141293055717363 0.2541019173062894 0.548503914867779 0.4963230849051519 0.6857497853076695 1.5110958365837412
61 1952 -0.7459160782179047 -0.7359996043992028 0.328187020613015 0.6729994217983856 0.49928385327113134 0.577511144505576 1.5547335822688695
62 1984 -0.7138378787299344 -0.7134739365288765 0.3629475550478517 0.7213907767057032 0.5277738555961194 0.538244340688213 1.5594062290071558
63 2016 -0.7049934945986807 -0.6894699205766879 0.349869587496756 0.6807925161659112 0.5361110235714643 0.5998402619593761 1.5338763413449155
64 2048 -0.7232149264578875 -0.7164144558388099 0.3753046084719433 0.732410492623117 0.5107220976905772 0.5519303737534191 1.5602999075366724
65 2080 -0.7380279601514612 -0.7358560734578868 0.42322696929344794 0.8074160968503186 0.4385390206654675 0.5390850567574546 1.5865279162165988
66 2112 -0.8281618854503985 -0.8203105424838004 0.3609021745709998 0.7467884039560018 0.4021479982925743 0.506625355815171 1.6067382289328986
67 2144 -0.8607338613014421 -0.8535197824962062 0.3663953102507874 0.7658195956945494 0.35189500180674926 0.4863977886993686 1.6246806144137353
68 2176 -0.7719901966222947 -0.7685692638118471 0.3401285276381242 0.7062735253110003 0.4627285833173016 0.5426622926590919 1.5784168949637927
69 2208 -0.6389726390688738 -0.6370178060106477 0.2859222554252264 0.5916141095122918 0.5915142730351519 0.6393146662016693 1.497126455038165
70 2240 -0.654497626850041 -0.6544019968668519 0.3373976830297558 0.6679019463454359 0.5762771345339026 0.5917831708763189 1.522398549290219
71 2272 -0.6466084939897099 -0.6152272660302569 0.3802287186262314 0.6806661522189413 0.5335081601716339 0.6933168698587068 1.494884865466101
72 2304 -0.7679629046044907 -0.7404401938977826 0.3263179298860962 0.654381260440681 0.48167179887219863 0.6162757172420473 1.5453790856967815
73 2336 -0.7427323204117993 -0.6250565197407482 0.20781271220221179 0.3677599888454808 0.499794025213492 0.8905305629603774 1.3989857929208467
74 2368 -0.671750836184475 -0.5729863455500419 0.20902140859629104 0.3709261693439689 0.5655029777905658 0.8808223968549677 1.3799848866232822
75 2400 -0.6232391214771951 -0.4963666426284825 0.07753981892377859 0.14196949392581976 0.6133394311088931 0.9752864515053576 1.2933023930067962
76 2432 -0.6403090471509663 -0.5627189718969464 0.10880941321104602 0.25506213299302366 0.595165623040285 0.8956402277408088 1.3577947059859463
77 2464 -0.7051544948217339 -0.658517992383847 0.07820584555701382 0.27714395576608064 0.49103973937241546 0.8592339608117137 1.4214770398936747
78 2496 -0.8156387862522868 -0.7637918986127308 0.2401225856527125 0.5229138594349708 0.41948587172286095 0.7196678582040092 1.518588086774345
79 2528 -0.8513033980014533 -0.7864763820165479 0.1952411919545914 0.4576533672933991 0.3636067283224091 0.7651590951514359 1.5107354851944497
80 2560 -0.7909893911720005 -0.745160198920966 0.1942434209782365 0.4615487686936026 0.43094165756781866 0.7510923852421747 1.5000498380400304
81 2592 -0.652406277469019 -0.574708061396265 0.023759658272828582 0.1455506820897724 0.5615514555409123 0.9391222192806228 1.3426501480405537
82 2624 -0.648232842503804 -0.578943424756309 -0.0060444313555130386 0.1156324820305906 0.5464431448166212 0.9491679867962988 1.3418196683325154
83 2656 -0.8186114400190834 -0.6993455962361106 0.07801167636212533 0.21786492344523106 0.41348375962350775 0.9219076048018171 1.4068111275989343
84 2688 -0.8548885583097677 -0.7461325123573014 0.05349415887996478 0.21128033667325374 0.34177248972150753 0.9143334428958511 1.4307990496473575
85 2720 -0.8219904300579479 -0.7120087011429908 0.06728492375044479 0.21706773646663285 0.39928669309752474 0.9155243963743793 1.415056612421768
86 2752 -0.8122742707046493 -0.7243535369983144 0.03410557217459456 0.19900454152589597 0.37522921107902796 0.9118025737858325 1.4240151353095027
87 2784 -0.7544451582171965 -0.7261572330464817 0.06172118226439216 0.29605939553063526 0.3787870501197207 0.8417983384887993 1.4655701716325622
88 2816 -0.7440358230941666 -0.6752844438479356 -0.012511113010860622 0.13966195135526666 0.42283653120126596 0.9352031411303459 1.3952076378452116
89 2848 -0.7403163841431487 -0.694346455000971 0.09279908295724737 0.3092109998011425 0.4519938223616791 0.8403291187666515 1.4455270861176353
90 2880 -0.6482948547759455 -0.6422156275404134 0.08199607950200286 0.3173207546139428 0.49471988163578423 0.8264306268998259 1.4395362647867667
91 2912 -0.762681561852603 -0.7245294644039358 0.22923080914260346 0.5089988028761161 0.4727591368857656 0.7183631529633336 1.5034803553607223
92 2944 -0.794454888274259 -0.7566670661110971 0.24429985178916402 0.5401676689260891 0.43731658155029424 0.6960436352513419 1.5245581213345925
93 2976 -0.7559880484676225 -0.7504672905121705 0.23210777732993948 0.5541120419885242 0.4325851983778368 0.668155448436329 1.5383232244457783
94 3008 -0.7841245012344776 -0.7628814476829332 0.2246512821111426 0.5325858051576234 0.4200404594541558 0.6887940570013381 1.5326867780016828
95 3040 -0.8090167504452891 -0.7819430787633077 0.24471341440046235 0.559858573773071 0.40371105925028594 0.6725504820932993 1.5442451973942102
96 3072 -0.8517030829706117 -0.8119523067934133 0.2789047198258193 0.6027729525216986 0.3707530192388543 0.6526820427347108 1.5609446978727077
97 3104 -0.8780547166659063 -0.828362096307409 0.26304879789406627 0.5771598089360608 0.33193796197594577 0.6776174497077222 1.5590547717289658
98 3136 -0.9120956794443954 -0.8751007566524754 0.3055747781518876 0.662138366961422 0.2719437952378667 0.602119044945092 1.6010931353128826
99 3168 -0.934038544828194 -0.892937996534124 0.33472859864387355 0.7028502487424695 0.24453409494490433 0.5760018341492985 1.61506190700732
100 3200 -0.9374390115326441 -0.9057485594809503 0.33613618134553824 0.7184073095693407 0.2229369319372383 0.5501200885396099 1.627165330433138
101 3232 -0.8938190173360426 -0.8493909419907697 0.19326261315545812 0.4963857228589278 0.24754827749647548 0.7225931954230139 1.5545349543310008
