% # columns="iteration, evaluation, sigma, void, void,  stds==sigma*sqrt(diag(C))", seed=1, Fri Feb 20 11:10:36 2026, <python>{}</python>
1 32 0.1777383391339182 0 0 0.21847375501501243 0.14447312182018088 0.14515278351624006
2 64 0.18753828316056478 0 0 0.23077627908855775 0.12312119171372207 0.1293860866370304
3 96 0.2221908575969436 0 0 0.246212659354526 0.11655940654109341 0.19136430569027488
4 128 0.19895131440856653 0 0 0.208845633901674 0.08285235084051348 0.14228385912858627
5 160 0.18270877056176674 0 0 0.17015038486449482 0.06770899047056933 0.14015866669785465
6 192 0.17355873560635382 0 0 0.15438183147125933 0.053428084417151585 0.1268766759981271
7 224 0.17592839233703608 0 0 0.15056977716440514 0.05086974790880473 0.14070635658018948
8 256 0.15633325032054932 0 0 0.10473466918403761 0.04027114737267737 0.11239284081377321
9 288 0.15596188786964885 0 0 0.09119609558403625 0.037261307155037046 0.1072727861788547
10 320 0.1488496454683821 0 0 0.06978268652662666 0.032304993784587496 0.09983144384563418
11 352 0.13345420634177163 0 0 0.06645142938225489 0.025681437805059146 0.08758209548145716
12 384 0.12376459043168446 0 0 0.0558125062786738 0.020155525474694045 0.07495582193973227
13 416 0.11785165953280886 0 0 0.05366432054979013 0.018718131269424294 0.06252632795227672
14 448 0.10958775916009597 0 0 0.043330097515883945 0.015548603469311357 0.05404658456721646
15 480 0.11885219492220889 0 0 0.03629960609093635 0.0152081753701433 0.05871396003800402
16 512 0.1543729242181916 0 0 0.0421547758524192 0.020029415976953045 0.06838649482678491
17 544 0.18067585302340755 0 0 0.0460155599228918 0.022651344312419452 0.06875951821764494
18 576 0.16126788983458273 0 0 0.04143045014012392 0.017109377905982 0.04699184916209374
19 608 0.1507688916929154 0 0 0.03501607705589239 0.01567670538448127 0.0351185655660454
20 640 0.16349502496005625 0 0 0.04268152751035553 0.01590940856700886 0.035884158838864484
21 672 0.15603708657595197 0 0 0.0356653402719134 0.0144862119213988 0.032837501498275044
22 704 0.14672104782794043 0 0 0.03172817005614728 0.012516434872039227 0.02713649457340054
23 736 0.13262000033130888 0 0 0.025332044251450064 0.009683128221995636 0.021168956985770777
24 768 0.12246718313879561 0 0 0.026164109910563334 0.008488466389462821 0.01870978077335959
25 800 0.11202943389591741 0 0 0.022725121532387822 0.007324379353896102 0.016338255280907463
26 832 0.15265649166619547 0 0 0.03151212463299435 0.012964983287228659 0.02807423266285586
27 864 0.16579393469202142 0 0 0.03684026670266739 0.012725232479235448 0.027684109205828273
28 896 0.13707168487293592 0 0 0.025001314746894845 0.009996971881506833 0.019884140220034267
29 928 0.12282132114140261 0 0 0.01976198856447769 0.008919341242503594 0.016318122970692905
30 960 0.13593725733700301 0 0 0.01813044819949087 0.00931848238826696 0.01412166441428927
31 992 0.1294219157508014 0 0 0.014946559796350876 0.007881017885156081 0.01089085246366986
32 1024 0.10855512840894595 0 0 0.010977034812069691 0.005521007193334068 0.00805500181764909
33 1056 0.09225914431863914 0 0 0.008155764989675632 0.004259851274214855 0.0057750862275819945
34 1088 0.08071454874375526 0 0 0.006761065042779561 0.0030582204774966715 0.004703599224264191
35 1120 0.08047214270803964 0 0 0.006167183287850198 0.0030798827910358717 0.005004245660829031
36 1152 0.08014949352987712 0 0 0.006674924967256767 0.0033004433640077993 0.004655707729970285
37 1184 0.09614156187786903 0 0 0.007172618801268707 0.004045013128696024 0.005046773064781359
38 1216 0.09926007899123684 0 0 0.007759935743411247 0.004292277656702482 0.004583925078303025
39 1248 0.11166463104317202 0 0 0.01141510905701409 0.00430267384386881 0.004383008517489849
40 1280 0.12637961907169165 0 0 0.010876744917384242 0.005051215861153748 0.005159512250256842
41 1312 0.16260826260309386 0 0 0.013936924509107388 0.006902098366174464 0.005976720329403951
42 1344 0.1940244099854256 0 0 0.02225063122319366 0.007442760098022019 0.006228214555316117
43 1376 0.19171729244954855 0 0 0.019286932341559468 0.0061266190270498014 0.005828727415474448
44 1408 0.16313938286419877 0 0 0.01299598616824337 0.005028203160463624 0.0050628155593398
45 1440 0.15666796631935012 0 0 0.012509272812655216 0.004386584933893812 0.004332185749009248
46 1472 0.1278337982686263 0 0 0.011016000785437146 0.003077436796068163 0.003020189947147824
47 1504 0.1366880733497804 0 0 0.012867052529793721 0.0030729607503371427 0.002491667007777402
48 1536 0.14517715687978971 0 0 0.013901348732690347 0.0034717436598933013 0.0023276304640429124
49 1568 0.161287856065253 0 0 0.016449310446774328 0.0033028036560812614 0.0027901888703494777
50 1600 0.19272359577756842 0 0 0.023792250022907514 0.003724225401906067 0.0031712195014879283
51 1632 0.20683861411457524 0 0 0.02719590403252688 0.003380970898303548 0.003031629945999121
52 1664 0.2498748613942133 0 0 0.030238531133985388 0.005077413798799571 0.004676337902506746
53 1696 0.26578619265044195 0 0 0.027058324672358403 0.005173037413883872 0.004911364935431132
54 1728 0.20681314824704253 0 0 0.01739585853927374 0.0033161980809534967 0.0029067560553404583
55 1760 0.19382991448562933 0 0 0.014985766527767093 0.003032219058871385 0.002557837141004944
56 1792 0.21563625429728472 0 0 0.01414649524717275 0.0039044124524921296 0.0030288575920227696
57 1824 0.17613173673632065 0 0 0.012556784216392662 0.0031604328603151255 0.002338488775303865
58 1856 0.1510899719984636 0 0 0.009916773498783608 0.002498120076970993 0.00185449447957999
59 1888 0.14736061904440526 0 0 0.01078703450072077 0.0021978608840139773 0.0014766546737384509
60 1920 0.18197165390151082 0 0 0.015493877121389703 0.002687065820032236 0.0017204125693432556
61 1952 0.1726961095427948 0 0 0.013272914746249226 0.002543669008945487 0.0016842898676421479
62 1984 0.19068873471227735 0 0 0.015866853396703604 0.0036419169713250536 0.0025103367096935996
63 2016 0.26132489101882095 0 0 0.02548929209671465 0.005922080276410219 0.004090095162936058
64 2048 0.2630637868698141 0 0 0.021448114624672405 0.005272546690087024 0.0036919629381372333
65 2080 0.2968854353929822 0 0 0.02966918277330961 0.005849496633380807 0.0038641841858626466
66 2112 0.2808707220563495 0 0 0.023674139094531383 0.004949665556676154 0.003504870009875863
67 2144 0.27778265284804127 0 0 0.023125396605193846 0.004337475575748749 0.002888596750250801
68 2176 0.31662377834190136 0 0 0.020956987276008917 0.00399777634896603 0.002894576537179785
69 2208 0.3081415235293851 0 0 0.020449420274985253 0.003855087504096675 0.002665412927731058
70 2240 0.32014118743244097 0 0 0.02036027338941588 0.0030158520853518825 0.002267501548995628
71 2272 0.3149309485390297 0 0 0.019811004345763262 0.003115739380669953 0.0022555879236761944
72 2304 0.34960395051471 0 0 0.02225926150841789 0.004120966426888376 0.003010239154776579
73 2336 0.3919445368748024 0 0 0.026486600051625328 0.004930731176250502 0.0035541384380621075
74 2368 0.3585809008426257 0 0 0.023176906362518415 0.0036438450545063367 0.002643800703644064
75 2400 0.41280742156300565 0 0 0.03119844296345779 0.005472826077403092 0.003902269559569182
76 2432 0.4791019252857054 0 0 0.034679100627185405 0.005887461149157547 0.004370739477247097
77 2464 0.5265348632739044 0 0 0.030073805828939246 0.005736617333299114 0.0042624070304333244
78 2496 0.5286988435213373 0 0 0.025652836180424896 0.005136275072525662 0.0038747393338538667
79 2528 0.5274109804457792 0 0 0.02492096713653384 0.004897942543604236 0.003717300365985709
80 2560 0.48847550362376063 0 0 0.02082741024530852 0.004187165909362953 0.003079948750808011
81 2592 0.5758634203289539 0 0 0.02919972561984451 0.005015531381825531 0.00374741309546576
82 2624 0.49251386795320484 0 0 0.02495945598148291 0.004328082116470856 0.0033506910717484755
83 2656 0.484360558927575 0 0 0.019891782724475535 0.0033820176423446924 0.002736081249077796
84 2688 0.4407389069248312 0 0 0.015619875940949542 0.0024963366929202347 0.0020458012117218318
85 2720 0.5082160290697324 0 0 0.017245424979235823 0.002391741963223978 0.00219024007706133
86 2752 0.4430400141608477 0 0 0.016730249886945853 0.0021328652408588475 0.002147120823464322
87 2784 0.4171981636272354 0 0 0.012069364750688837 0.0021256731545398777 0.0018141162126183667
88 2816 0.44589308501858477 0 0 0.014597634635144538 0.001989458315014867 0.0017328419758832184
89 2848 0.38934643002876085 0 0 0.010538773245699636 0.001652519640938256 0.0013745627137283134
90 2880 0.4756954635500317 0 0 0.017716989483028325 0.002399906352530198 0.002050810045250503
91 2912 0.43800243604180095 0 0 0.020745262627493714 0.002379868105545819 0.0022426582019387307
92 2944 0.44110973554357513 0 0 0.021219831631682316 0.0021730201960355466 0.00200271222450056
93 2976 0.4584511855066457 0 0 0.025690737826607364 0.002543607877180402 0.002382140191904137
94 3008 0.5583195421785894 0 0 0.02880101181468077 0.0034929688566014633 0.0029996706125366085
95 3040 0.5369215772799674 0 0 0.025477251404346063 0.003179773633440224 0.002635778746245577
96 3072 0.5819564951879519 0 0 0.022668100116819884 0.003375877542009606 0.002595899745221397
97 3104 0.7308933937332898 0 0 0.04147252680129412 0.005491517721236305 0.004704700142172615
98 3136 0.6250302460183776 0 0 0.03345750218776678 0.004601708625307595 0.003912955037087598
99 3168 0.6283546556784714 0 0 0.03130363776393338 0.00405863910370026 0.003408509804873812
100 3200 0.5907785241932404 0 0 0.024865584442317325 0.003040567949220736 0.0025209413262176107
101 3232 0.5191363671327542 0 0 0.01818413148236256 0.0022392652534163593 0.0017810510529067596
