% # columns="iteration, evaluation, void, void, void, xmean", seed=1, Fri Feb 20 11:10:36 2026, <python>{}</python> # scaling_of_variables: 1, typical_x: 0
1 32 0 0 0 0.3807152594016227 0.2562453433014826 0.24437534667546953
2 64 0 0 0 0.45676270900261484 0.276905003829169 0.2208770818777266
3 96 0 0 0 0.45329560459160007 0.23924484064117554 0.1232555020044193
4 128 0 0 0 0.4874499534729758 0.22061679623157643 0.12633083856672594
5 160 0 0 0 0.4959265770690117 0.20476959343694498 0.08987262264308048
6 192 0 0 0 0.5421600905541124 0.1924310330503284 0.052357733692220056
7 224 0 0 0 0.5574148363252106 0.1694653521740091 0.017321833745627048
8 256 0 0 0 0.5922686663098713 0.17228533732513968 0.003611343923920268
9 288 0 0 0 0.5819942517997775 0.15218459363498443 -0.019586183671629898
10 320 0 0 0 0.5735313165134436 0.14250479115532813 -0.04969935597564316
11 352 0 0 0 0.5848056139517663 0.13797693297781258 -0.07119227000815426
12 384 0 0 0 0.594900887227614 0.13971202591825957 -0.08262941830872653
13 416 0 0 0 0.5723571232672324 0.1350869405733823 -0.085579094297574
14 448 0 0 0 0.567195374311018 0.12933364984228415 -0.10072013514815611
15 480 0 0 0 0.5779023486903245 0.12675871975916747 -0.1262753612402731
16 512 0 0 0 0.5656044963557482 0.1358850612580395 -0.11278598225474042
17 544 0 0 0 0.5573386216827214 0.14222621447201597 -0.11021145138668059
18 576 0 0 0 0.5522308286021991 0.13739821685339185 -0.10409505640611187
19 608 0 0 0 0.5617594160866245 0.13424129829796638 -0.1023586720153732
20 640 0 0 0 0.5813046911424783 0.12796212553385547 -0.12201217036895065
21 672 0 0 0 0.5869127453411424 0.12307213858925221 -0.12870810903053195
22 704 0 0 0 0.5947340433971564 0.11920318341045659 -0.13334336271197994
23 736 0 0 0 0.5857304908506948 0.1217435940495044 -0.12409755524271342
24 768 0 0 0 0.5773608984956057 0.12236815824093059 -0.1224929299021841
25 800 0 0 0 0.5880773897169816 0.12188523321625026 -0.12780509296837872
26 832 0 0 0 0.5758314585561397 0.1300243086683908 -0.1106958872865042
27 864 0 0 0 0.5656706677198864 0.1346972709581315 -0.10342986250334642
28 896 0 0 0 0.5713553342226468 0.13052184529885222 -0.1091633774493103
29 928 0 0 0 0.5640547694688781 0.13352361784378733 -0.10475188049140471
30 960 0 0 0 0.5707613360353557 0.13626056177166565 -0.10390076682469211
31 992 0 0 0 0.576721465111257 0.13494774329834122 -0.10601241699549196
32 1024 0 0 0 0.5730127778840729 0.1340777548414161 -0.10635357258274147
33 1056 0 0 0 0.5717507190686619 0.13529139603802767 -0.10506709957384985
34 1088 0 0 0 0.5737195465224868 0.13447438406185822 -0.1057737720825044
35 1120 0 0 0 0.5744725779736055 0.1330516705007701 -0.10808192652342519
36 1152 0 0 0 0.5739394033375257 0.1322417240125973 -0.10806810571637616
37 1184 0 0 0 0.57621434067265 0.13087965453271727 -0.10935463542814125
38 1216 0 0 0 0.5788505221151804 0.13284864448290548 -0.10807222826024881
39 1248 0 0 0 0.5836212688375586 0.1335737218024019 -0.10854463418038171
40 1280 0 0 0 0.5842773658891608 0.1355860339564995 -0.10596603749098746
41 1312 0 0 0 0.5895303558515904 0.13944267285940376 -0.1046103479586585
42 1344 0 0 0 0.5755336808402957 0.1369605865759949 -0.1031544941809096
43 1376 0 0 0 0.5756484052729255 0.13462016495417026 -0.10621309553209321
44 1408 0 0 0 0.5777990213685565 0.13634802629689996 -0.10534998969279592
45 1440 0 0 0 0.5834453080067209 0.13694713067453784 -0.10582765187706031
46 1472 0 0 0 0.5807335964857109 0.1371960550166385 -0.10521463845031818
47 1504 0 0 0 0.5874079884762368 0.1381897046948325 -0.10519355596929116
48 1536 0 0 0 0.5907837597911666 0.13987212209896685 -0.10458170556625573
49 1568 0 0 0 0.5824285268065442 0.13982401450115609 -0.10367288296041532
50 1600 0 0 0 0.5704397002072427 0.13880526523892306 -0.10323129260053542
51 1632 0 0 0 0.5605796664519215 0.1385868872232616 -0.1028205787384622
52 1664 0 0 0 0.5680063986152262 0.1360259020565669 -0.10541909508456226
53 1696 0 0 0 0.5666448583461278 0.13448675041799324 -0.10701638755952425
54 1728 0 0 0 0.5683308294227595 0.1351368479315358 -0.10646785082733949
55 1760 0 0 0 0.574351376686302 0.13601439415172414 -0.1061994112838806
56 1792 0 0 0 0.5755490888337678 0.13769099443730093 -0.10458845226279044
57 1824 0 0 0 0.5766738613350182 0.13753837119527915 -0.10492751182942911
58 1856 0 0 0 0.5789963825184177 0.13782857462586645 -0.10478385123707809
59 1888 0 0 0 0.5833436138657929 0.13851461279605562 -0.10451764423062182
60 1920 0 0 0 0.573834981357203 0.13722846492436752 -0.10515680950217128
61 1952 0 0 0 0.5772609501622663 0.13745763718581433 -0.10530931388713709
62 1984 0 0 0 0.5706854369662175 0.13591321124680655 -0.1063548678979167
63 2016 0 0 0 0.5609223094806862 0.13347106063653738 -0.10821191083787467
64 2048 0 0 0 0.5599186446632896 0.1320241048906565 -0.10929367221546767
65 2080 0 0 0 0.5750610142298221 0.13465106036570235 -0.10760422116024333
66 2112 0 0 0 0.5672349415715641 0.13306916975724714 -0.10839162295757593
67 2144 0 0 0 0.573434986838036 0.1328685248315616 -0.10882140475396623
68 2176 0 0 0 0.5723471777301082 0.13192685833905926 -0.10920338075387939
69 2208 0 0 0 0.5820870787937197 0.13356256499247648 -0.10833047652359279
70 2240 0 0 0 0.5731580000234505 0.13378513482668902 -0.10766857891323856
71 2272 0 0 0 0.5826627227497181 0.13471424708824517 -0.1071874730475847
72 2304 0 0 0 0.5922878754595002 0.13655375883586743 -0.1059869605661582
73 2336 0 0 0 0.6030551584248985 0.13827742165582108 -0.1047065221251385
74 2368 0 0 0 0.6035042385922842 0.1390191667703402 -0.10410257719119348
75 2400 0 0 0 0.5871299932781374 0.13574368923141195 -0.1064768081099349
76 2432 0 0 0 0.6044131831355996 0.13835760996559984 -0.10429691884973519
77 2464 0 0 0 0.5978535729858535 0.13607532975962786 -0.1058577385823775
78 2496 0 0 0 0.5951115002979777 0.13458531067400262 -0.10699237589050815
79 2528 0 0 0 0.5886545781999226 0.132628683298831 -0.10831684414683378
80 2560 0 0 0 0.6003061053413745 0.13459815040961956 -0.10688541094173631
81 2592 0 0 0 0.6144350977514167 0.1369236398233668 -0.10495820565838074
82 2624 0 0 0 0.6107377412983497 0.13580417750086263 -0.10597008056146914
83 2656 0 0 0 0.6044055216447852 0.1345640546925731 -0.10724153595637093
84 2688 0 0 0 0.6053375311464027 0.1343944215122341 -0.10749022661809349
85 2720 0 0 0 0.6099746156524689 0.13431051832627766 -0.10694231435601924
86 2752 0 0 0 0.6119046533448982 0.13456264430926762 -0.10667815245552457
87 2784 0 0 0 0.6087849755958139 0.13372080047288973 -0.10724741828617192
88 2816 0 0 0 0.6016265455386536 0.13326095950295552 -0.10784843145221207
89 2848 0 0 0 0.6000427389542481 0.13303076891459467 -0.10812399993820915
90 2880 0 0 0 0.5911733435303208 0.1321947888688195 -0.10896932066130238
91 2912 0 0 0 0.5899017850186818 0.13196313532620343 -0.10929849146430853
92 2944 0 0 0 0.5846852648945833 0.13221531697850125 -0.10935725894496022
93 2976 0 0 0 0.5757732161675623 0.13138448412391945 -0.11036476419571757
94 3008 0 0 0 0.58378395511473 0.13318904153814434 -0.10893156897860624
95 3040 0 0 0 0.5799791124007639 0.1332604719695119 -0.10903263417512575
96 3072 0 0 0 0.5800085946244479 0.13420132597506498 -0.10864967278055117
97 3104 0 0 0 0.5602140371604931 0.1319510427911753 -0.11082049048928996
98 3136 0 0 0 0.569715351446809 0.13358791605963907 -0.10948492770720822
99 3168 0 0 0 0.557257286353075 0.13183397753863585 -0.11081939088745046
100 3200 0 0 0 0.565738061988096 0.13230430322790918 -0.11035161008915668
101 3232 0 0 0 0.5697252292566448 0.1326412400612278 -0.11005747137237473
