% # columns="iteration, evaluation, sigma, void, void,  stds==sigma*sqrt(diag(C))", seed=1, Sun Feb 22 05:39:46 2026, <python>{}</python>
1 32 0.15569236712422882 0 0 0.16742025145723713 0.12867595460507944 0.14182068981524623
2 64 0.1669816080699046 0 0 0.17523710128825426 0.10961743212503654 0.13934091459125775
3 96 0.18678451090577045 0 0 0.23184612947869102 0.11085563843154746 0.12603375628240712
4 128 0.16829815352526015 0 0 0.16523452662498203 0.08551859248530115 0.09555266547692144
5 160 0.14316495990988728 0 0 0.1556724673967656 0.057853825454416224 0.07260474871309215
6 192 0.14469648739057364 0 0 0.1439741158720944 0.052280494931308874 0.05746481775371217
7 224 0.16235040224354866 0 0 0.1551661006141672 0.06472451320962293 0.05177189679322854
8 256 0.16822794821661552 0 0 0.13107846767236417 0.06716040904411466 0.04335169809310597
9 288 0.14203778246095564 0 0 0.09461703483368707 0.04745573161761923 0.031192741204840637
10 320 0.12960468742710313 0 0 0.07732321774606826 0.03333382111519937 0.025682957461166545
11 352 0.14500510172391823 0 0 0.07421284321858909 0.03060197935740987 0.026356290988304793
12 384 0.1325220373237878 0 0 0.058236140731831414 0.025336358589456546 0.016327654068940198
13 416 0.14243381102715727 0 0 0.05642816290781116 0.028663802885603346 0.01563018071600919
14 448 0.11650096191240272 0 0 0.041880471594993716 0.020792797914089767 0.010994071003663277
15 480 0.12743084034554444 0 0 0.0417078034016286 0.026070602960643098 0.010171819671898471
16 512 0.1270776230487213 0 0 0.035570542449382576 0.02060771681547285 0.008850141422101651
17 544 0.1389459465901917 0 0 0.0381165293485454 0.017984057971561995 0.010828780785172071
18 576 0.11956925139023912 0 0 0.031974968567151464 0.012953694526670341 0.008374422280042872
19 608 0.09982411661172198 0 0 0.025389269809994147 0.009250290880942934 0.00593740595722216
20 640 0.10012263497548857 0 0 0.02061061279967415 0.007417884857879428 0.005882380030702059
21 672 0.11062850812054037 0 0 0.024112559874773863 0.008162616127504676 0.005453127482744184
22 704 0.12208847892669684 0 0 0.02482601706891155 0.010709023016018226 0.005485557857460239
23 736 0.13585140349170513 0 0 0.023928993010825704 0.01120361224847676 0.005719785487620912
24 768 0.13943375254971915 0 0 0.02571585173667953 0.01028364572815169 0.005150169115895379
25 800 0.12553507815660966 0 0 0.01993773054815901 0.008890640697260532 0.004156633084150698
26 832 0.12225783549236244 0 0 0.01949919485939312 0.0067144032149835785 0.0037856077537906565
27 864 0.10627935958929546 0 0 0.014628056548421399 0.0046451304843903515 0.0027179138573559408
28 896 0.08670973827730724 0 0 0.010746131176569881 0.0029381122821304927 0.0021130222211493115
29 928 0.0933558358288835 0 0 0.010009768815619892 0.0029305273134139858 0.002473748875888413
30 960 0.09570250024861508 0 0 0.010160024217018039 0.0028815237700407846 0.0021573911875836993
31 992 0.08973083079038664 0 0 0.007734569699435444 0.0025830159562532295 0.001632804228488085
32 1024 0.10202989786594563 0 0 0.009431007535480174 0.003089438375331076 0.0014731974808339006
33 1056 0.12085797080125708 0 0 0.013447867220229451 0.0030253091505510863 0.001609130681503463
34 1088 0.10475848560979803 0 0 0.011086241632093005 0.002708746222686087 0.0012603171997241948
35 1120 0.11735654897868157 0 0 0.011571280788988485 0.003341836894315049 0.0013703359440022536
36 1152 0.14843136972752366 0 0 0.01482259091995477 0.004195508605478152 0.0020603420511350243
37 1184 0.15788726131186642 0 0 0.01564522200424887 0.004043985128196114 0.001754315789495746
38 1216 0.1422894374242241 0 0 0.011707012640129867 0.003243296733130557 0.0014456307265945953
39 1248 0.1667575899840628 0 0 0.015913951195270323 0.0032038650106212575 0.001707482314198893
40 1280 0.14043394868246414 0 0 0.01304485223975447 0.002388366226048247 0.001182932013839
41 1312 0.12787237962704745 0 0 0.012155214932511779 0.002082663909496653 0.0011131537046418245
42 1344 0.13175459917384338 0 0 0.011841458716020525 0.0021486333304929 0.0012957704196217134
43 1376 0.12353798819884691 0 0 0.011113054623396944 0.0018126524808412695 0.0011808704824086554
44 1408 0.12142318392056713 0 0 0.010021300065688502 0.0018709298719604176 0.0011674880651272917
45 1440 0.11159197377241899 0 0 0.00863726860424307 0.002096836346652255 0.0008968559665033321
46 1472 0.10581153754329252 0 0 0.006946986120524635 0.0016702559217649726 0.000877247709483996
47 1504 0.09722406846535998 0 0 0.006177855859851054 0.0014299364994840378 0.0007300305134178465
48 1536 0.09022966368197813 0 0 0.004931597504263632 0.0012858662275069533 0.0006396670465337327
49 1568 0.099704211127735 0 0 0.005940707095742426 0.0014195116749282082 0.0008187833777743453
50 1600 0.12072841474250517 0 0 0.008079422613788563 0.0015999607247119628 0.0008053888937780377
51 1632 0.1030510051222898 0 0 0.005871777914219908 0.0012083194386636848 0.0005509540764855323
52 1664 0.11511932679313278 0 0 0.007184037748098822 0.001412502276852732 0.0005558056139161932
53 1696 0.11880988668010953 0 0 0.006404141614979455 0.0014235441762177688 0.0006237477207255032
54 1728 0.09810899123833734 0 0 0.004602273215181397 0.0012294453733456205 0.0004230661067176411
55 1760 0.09123439752482496 0 0 0.0043366272592508725 0.0010447846166245366 0.0004346240325471867
56 1792 0.09099778644556013 0 0 0.003945373462277856 0.0008077160222114545 0.00039367979152611285
57 1824 0.08336282390899766 0 0 0.0034446622489390675 0.0007229539111399246 0.00031765650301859047
58 1856 0.07166269045351266 0 0 0.0025190610891413696 0.0006308401060422489 0.000250980179558881
59 1888 0.058732917709868625 0 0 0.0019061858266381227 0.0004587240006642064 0.0002094716405608909
60 1920 0.052130452091128356 0 0 0.0013862496146921286 0.00038837838160307015 0.00016649987258264329
61 1952 0.05478818565060283 0 0 0.0014439109539212099 0.00043166313211759095 0.0001648661182213659
62 1984 0.05539187006830663 0 0 0.0012185911166018128 0.0003849528021667033 0.00014458696915086737
63 2016 0.04496209369664972 0 0 0.0009606395674340812 0.0002679186244809681 0.0001010863190841025
64 2048 0.04374536259029315 0 0 0.000737360473468341 0.00027429935507938856 9.644431679124607e-05
65 2080 0.044860924333406216 0 0 0.0007767083947399678 0.00025299210884512503 9.837965982219248e-05
66 2112 0.043045487943290266 0 0 0.0007231366075102621 0.00021401606348924165 9.213854515521206e-05
67 2144 0.055491928651851784 0 0 0.0009358006748244781 0.0003265904448258959 0.00015513760037440857
68 2176 0.05170185896404417 0 0 0.0010499753736343393 0.00027269370648573153 0.00011396655124288581
69 2208 0.046639885191333906 0 0 0.0007632760729534 0.00022953571926108242 8.939442167966431e-05
70 2240 0.049223014986125566 0 0 0.0008588402298621855 0.00029433906906992053 9.447780722262355e-05
71 2272 0.05335592789030252 0 0 0.0010411249687909251 0.00026859807330416546 8.298407187068615e-05
72 2304 0.06443027114440017 0 0 0.0015611234865350195 0.00036356107898362713 0.00010580554000844912
73 2336 0.07683104965969607 0 0 0.0021703407961316487 0.0004159334078994953 0.0001621297576800274
74 2368 0.07860013059425995 0 0 0.0021284939622505604 0.00036498767565135983 0.00016317370106826685
75 2400 0.0859853715796319 0 0 0.00198169491179631 0.00038735718747596207 0.00017967749183275334
76 2432 0.10415954914872783 0 0 0.0026669105898813497 0.0005095887772088598 0.00021342735386653406
77 2464 0.10486109057779258 0 0 0.002550445853281274 0.0005939578731643765 0.00019139007749106738
78 2496 0.10269805051661615 0 0 0.002093488829315371 0.0005452968257300405 0.00018611994807449326
79 2528 0.11237537853350932 0 0 0.002036848196208042 0.000540163880133666 0.00021481601991289422
80 2560 0.12520617475048995 0 0 0.0021766284040859313 0.0005282375079620616 0.0002599246616665906
81 2592 0.12792238647638024 0 0 0.0020894889106598076 0.0005424859636383557 0.00023800222628653982
82 2624 0.12365493991369146 0 0 0.0018321924266132977 0.0005281818354172916 0.00021604369611139654
83 2656 0.12348930780938086 0 0 0.001759517624982436 0.00045853900401523156 0.00023267538305816093
84 2688 0.13710536258500483 0 0 0.0024270069076494055 0.0005837263588675118 0.0002895291059533276
85 2720 0.12831550594903846 0 0 0.002160508922290499 0.000483335286662563 0.0002512019507118602
86 2752 0.1402769923048845 0 0 0.0025556970329006844 0.0004851142402632517 0.0002546342272726492
87 2784 0.13572375615610796 0 0 0.0022616078516673236 0.0004424325903938949 0.00020536468780986886
88 2816 0.1283882328935799 0 0 0.0019964662385261764 0.00039629725474205193 0.00016429375761956095
89 2848 0.11712398202228928 0 0 0.0018438200668473305 0.0003952292927438926 0.00013767678980068683
90 2880 0.11594569287705185 0 0 0.001997457472027145 0.0003064623039469898 0.00015787321342012443
91 2912 0.15407941633452021 0 0 0.002798027632031898 0.00044078896107813635 0.00024344565914809907
92 2944 0.17816538098453216 0 0 0.0038190739545045215 0.00046268711116614756 0.00027798186771009736
93 2976 0.15812053683661642 0 0 0.003721720578486637 0.00039626091723655093 0.00026490541341690174
94 3008 0.152487369352407 0 0 0.003956226929356833 0.00038136343265180426 0.0002737135930115934
95 3040 0.1664522382747823 0 0 0.0036284497620631957 0.00040925329307005807 0.0002790149657128388
96 3072 0.18134118215022657 0 0 0.0034768291899396012 0.00047935730187452594 0.00028597104472871025
97 3104 0.156094880564274 0 0 0.0026300731692744756 0.00039750425493091207 0.00020938281208594884
98 3136 0.15535844742780017 0 0 0.002600181023528953 0.00038724119029203205 0.00020265460009305614
99 3168 0.18862770656746877 0 0 0.0033362475815186836 0.0004217304458641092 0.00021442007950230385
100 3200 0.1865044714377145 0 0 0.0026373671656180373 0.00038333250642949725 0.0001706164489486494
101 3232 0.18074148383829508 0 0 0.002549734228284642 0.0003694389903038636 0.00015131598584943308
