% # columns="iteration, evaluation, min max(neg(.)) min(pos(.)) max correlation, correlation matrix principal axes lengths  (sorted square roots of eigenvalues of correlation matrix)", seed=1, Sun Feb 22 05:39:46 2026
1 32 -0.12719266449648767 -0.0804042310992687 0.2285522724577553 0.284749340246211 0.8140974907054893 1.0217162622889833 1.13725157946747
2 64 0.02953115421592025 0.07579738647939627 0.4452144552042961 0.52208724584912 0.667392598754911 0.9895760878014175 1.2551200283553792
3 96 -0.22139262723700884 -0.11613521909855087 0.3079914491555497 0.34410959710179195 0.6957169480427514 1.0820239598983754 1.159828469391883
4 128 -0.2743439064951888 -0.17946032894116973 0.31195471048283036 0.38087614607014464 0.6907164143182566 1.0484382516785586 1.1931840040029609
5 160 -0.39351748199500364 -0.30748779053258823 0.37418682080576543 0.5153819997894679 0.6122156510234154 0.9758921124903812 1.2933779731466892
6 192 -0.4106353913379088 -0.3683101817564151 0.3324585499548925 0.5237229176105014 0.6612428691347814 0.8763176175257475 1.3397109021100038
7 224 -0.6289661990648252 -0.5248783975917134 0.3075152097408022 0.4808919440451956 0.5490699501102441 0.8921817873961969 1.3793236922943293
8 256 -0.6680442078832468 -0.5695799025852999 0.3006616744971019 0.4922778948932888 0.5335495411173904 0.8609269611144771 1.4050372432073155
9 288 -0.6311354957725002 -0.5607817971743958 0.2536046291287819 0.4547130726317368 0.5956453640539066 0.823563720928531 1.4024797317078925
10 320 -0.6202992065749902 -0.5135821135768168 0.1593995232919449 0.2770096425833588 0.6109087270521073 0.9281333904849862 1.3286681062923194
11 352 -0.2992076765438622 -0.1897201302130758 0.3187688124242818 0.3787775803059479 0.6665355560030202 1.0650204243691066 1.1922507489032637
12 384 -0.3956453595117728 -0.2594550116674883 0.3049907719210716 0.356949018606307 0.6226204564975821 1.0715340637335544 1.2100241805060745
13 416 -0.5375554075259871 -0.3626208286428113 0.25338529099244467 0.2837860853210209 0.5619636693234903 1.0633211168917553 1.2464128676857238
14 448 -0.617919588054899 -0.40878008416424094 0.25657845558841424 0.269225131615308 0.4772702928431874 1.0732440814121085 1.2729337018412457
15 480 -0.573104042091182 -0.413748804773699 0.3359413504544999 0.42648283154641653 0.5039187585720629 1.030323149972208 1.2978829266888974
16 512 -0.5251465252168176 -0.35287398796211134 0.2160785716245872 0.23345688756544708 0.5937260985889495 1.0569012769632529 1.237113176151556
17 544 -0.40616583231260284 -0.25604585542009733 0.3539859620469168 0.4072099243100827 0.5652881639920296 1.0928463960949955 1.2190717969802682
18 576 -0.4488327026080955 -0.28659988712265705 0.30430040233976685 0.3390343500084697 0.5753839280110569 1.0909346219503986 1.2160571475126112
19 608 -0.3479704593351258 -0.18915569906267765 0.3019789508843293 0.3068757405942168 0.6092752409900051 1.1308564102873022 1.1618723940384712
20 640 -0.3463838005238682 -0.21357613979912335 0.35095580469916954 0.40632545880718896 0.6053551876833771 1.087109079198384 1.204881299825533
21 672 -0.5428138684126148 -0.373219191497962 0.17358740697901487 0.18626159622335445 0.6117828000664444 1.0393875376236377 1.2431393132612019
22 704 -0.6620802851314869 -0.5045398138279182 0.23521022998205582 0.32425310661514517 0.5244169532130999 0.9873205765863671 1.3229455537669919
23 736 -0.6817480682888031 -0.5412438462684896 0.13734141137927008 0.2230322752415431 0.5567831420435956 0.9646336872275274 1.3264518016882052
24 768 -0.6104581739679359 -0.4627152945446408 0.021160553582958944 0.03470962353553041 0.623980531313867 0.9988960888857863 1.2699822440293973
25 800 -0.5417657509438072 -0.40508978786820843 0.12033175739632816 0.15879630940890824 0.6588563738346517 1.0013319295239236 1.2502970229402897
26 832 -0.5634776549150003 -0.42087705489724636 0.1234204852948764 0.16225239867449665 0.6416806049658373 1.0018394225096587 1.2587945712927868
27 864 -0.4459583207576091 -0.32328557871218705 0.12211988255813887 0.14791562760282542 0.7178437395869477 1.0132013999593121 1.2075277589589057
28 896 -0.23503840625426506 -0.1543680678610786 0.23831776892511713 0.28854270946066257 0.7629642250775347 1.0419280858197462 1.154240640088468
29 928 -0.25401200404246527 -0.1835045985697698 0.3531113000193446 0.4614758607430206 0.6790149980792387 1.0117571239058527 1.2309695993846508
30 960 -0.13972157845126237 -0.06551079946653413 0.30672942022589594 0.35659871447197766 0.7390950500249834 1.0471997437003628 1.1649511594150466
31 992 0.09878602808935497 0.12033821880008118 0.29394746844778646 0.33026502761962867 0.8103282213217765 0.9578407304909213 1.1941144454122075
32 1024 0.22189822704840179 0.22395258408318147 0.28188260337388693 0.29913825276934236 0.8370181903447003 0.8927106698091707 1.2257520993418467
33 1056 0.06568564960192969 0.0966956382584592 0.3178895543574375 0.36061087106723405 0.7853181894108097 0.9727951875529349 1.1987263509468613
34 1088 -0.04664960919081966 -0.029124986110790223 0.24247309177213666 0.3154811613197495 0.8227421537961201 1.0033707301849926 1.147319714018266
35 1120 -0.13524489554015376 -0.1068743228308219 0.09251618818530222 0.1306091191480117 0.9069415428420761 0.9890657154344453 1.0950826673906324
36 1152 0.023894621626067418 0.091644484000244 0.32351990510095807 0.3330618497603528 0.7528877873372093 0.9880699809204971 1.2070118858081926
37 1184 0.04741063263941705 0.0869455099928833 0.2720568254496279 0.2942257199150765 0.8137742050896183 0.9775367164762638 1.1756672620565582
38 1216 0.05798577372837818 0.08524972143134939 0.33557062353437206 0.3917469765324084 0.7696967431159144 0.9790469430019688 1.2037582843059702
39 1248 0.07415199274835432 0.0813892715155223 0.2913991925519712 0.35416522079695284 0.8028558497754019 0.9804783093702562 1.1807136694964881
40 1280 -0.026551127712974812 -0.021236108834337887 0.24713298905767483 0.33127433614304214 0.8173391552851343 0.9995786523605819 1.1544692386472604
41 1312 0.06127289519053569 0.08371725610745526 0.2087740384409575 0.22801527163520532 0.8671272683693265 0.9716199464341934 1.141947888540263
42 1344 -0.13958772368688652 -0.11308822293989063 0.010432333997332198 0.0251063522294106 0.9274390130766513 0.9944104325042487 1.0728489030381305
43 1376 -0.14502398591718993 -0.09855764383833783 0.0690771867593479 0.07848912154639104 0.9032464955932266 1.0166225750610793 1.0726715751220108
44 1408 -0.28179116959598277 -0.2279795760974899 0.06285969700354699 0.1059945278720664 0.845694368788162 0.9784538287928066 1.1521411109411424
45 1440 -0.20654287198230678 -0.18587923041837334 -0.10086780812117495 -0.0931943089193756 0.8435113512187344 1.0386852130254143 1.0998279995560645
46 1472 -0.10294022541940377 -0.09971166129022524 0.015102611969685958 0.05014547226047784 0.9410490097282054 0.9749164945181641 1.0788719062085073
47 1504 -0.10558065717618413 -0.0812591884638239 0.05952320999170753 0.08212920743119112 0.9328344715067212 0.9959729229432128 1.066704169642516
48 1536 -0.23035736924319505 -0.2058207783938874 0.003707893072980112 0.04901419271262828 0.8679494429587661 0.9788060061217048 1.1351663168221846
49 1568 -0.5527838266566263 -0.4529202469618973 0.06042070838318591 0.13167078047015135 0.6684026292895522 0.9668333584273858 1.2721914880201157
50 1600 -0.38109920432031785 -0.3042894745700937 -0.03337715394990815 -0.01988277682673712 0.7795177701952486 1.0036987388302503 1.1768351148824514
51 1632 -0.2780839688847165 -0.24706388261316156 -0.14468157544133559 -0.14157422598894848 0.7809626957104997 1.0543372509845585 1.130694578166409
52 1664 -0.3619357684861966 -0.338001621023942 -0.04235565487493335 0.03225885304581497 0.7521535715607808 0.984489759393268 1.2103903991845555
53 1696 -0.37455731797485503 -0.33353935522728323 0.04961218508714281 0.13631140244437975 0.7851127685553958 0.9418806683733094 1.2232983067085186
54 1728 -0.2699166429500942 -0.24234323173316397 0.06801094486738962 0.14388892585064392 0.8540583119475479 0.9391804586023227 1.1783566802852332
55 1760 -0.3795339076570257 -0.32722748961527415 0.262273428463238 0.4064673164476571 0.7226357106019728 0.911143778024973 1.2835944240799586
56 1792 -0.3332931768302933 -0.30494723152921455 0.17702289910695218 0.309333664017929 0.8007234249651106 0.8838721310387582 1.2560302753855686
57 1824 -0.3743550630277156 -0.35130168795146133 0.2502646379387993 0.4277333714926319 0.7424983455508383 0.8500857627708868 1.3137923743074882
58 1856 -0.4242540730391823 -0.36539383011217097 0.2577215294547931 0.40656640638343644 0.7064702494993396 0.9007787741586725 1.2998066727777404
59 1888 -0.5619183103101506 -0.5192397724978584 0.2600465726170562 0.4771301498430689 0.6504371958369074 0.7874187386078764 1.3988935571947572
60 1920 -0.6203743060547889 -0.5498876652664753 0.2951907103813858 0.5063968614756925 0.5851048311129525 0.8197398869321436 1.4091411761710606
61 1952 -0.6209101619779015 -0.4867928545123115 0.3000923907249967 0.4282701650051762 0.5324297095453416 0.9597886534880293 1.3398971397197244
62 1984 -0.5164156671868694 -0.384924739697245 0.22499928345651596 0.2968163636848119 0.6326160606546568 1.0041163757679534 1.2615653862231693
63 2016 -0.4463959932726265 -0.35154684021792937 0.27887566500392946 0.39416734702318523 0.6608594853154031 0.9661931453642965 1.276610961303289
64 2048 -0.45526796965440797 -0.3747183521272132 0.08336466479100219 0.1555093862365459 0.7376436944846363 0.9604734932227531 1.2382941689289906
65 2080 -0.23303225829707153 -0.20473969187203317 0.051798744602383526 0.1090189903354841 0.8755775246467769 0.9578117192132425 1.1471533066121522
66 2112 -0.15811313879204392 -0.15191142360907356 -0.024218397710492716 0.012144229072730552 0.8939113269595715 0.9939978316478214 1.101313238916525
67 2144 -0.53272973585972 -0.4712329137247696 0.11937518947192818 0.25474773506921033 0.6826270422555487 0.8950640474642455 1.3163892555465364
68 2176 -0.3953454645381849 -0.3739424471044591 0.0822373471274037 0.21289426110429882 0.7652294914285868 0.8924260852534344 1.272006095821548
69 2208 -0.36496729676017503 -0.3371742592578935 0.04562323055611532 0.14542935632517012 0.783613300130407 0.9304828484590678 1.2329443882763862
70 2240 -0.4445480215963214 -0.4244107298994755 -0.11827975301971438 -0.036373385756639995 0.6381950178700122 1.0176703275946983 1.247819788070054
71 2272 -0.45018116113529083 -0.3901387896095816 -0.14228720387622773 -0.1197123801574857 0.6709755751085639 1.0437599716019859 1.2084522743117136
72 2304 -0.6612155224646038 -0.6138453366739949 0.20496946277956427 0.43053754347347517 0.5800026534052409 0.7837606798007883 1.4315432647465063
73 2336 -0.6510106773799155 -0.5942342399405303 0.37912705081713954 0.6468043769636442 0.5196945546875027 0.7590195037319305 1.4675854192457394
74 2368 -0.6313839475425719 -0.5585759565380333 0.4052423630864788 0.6537071452901109 0.4952216046199939 0.8124856717283725 1.4472811045383318
75 2400 -0.6781647613277411 -0.5580256854068856 0.34981283300041865 0.5322865965486646 0.47628709252610474 0.8992657942842026 1.401596103277771
76 2432 -0.3686938999983324 -0.25153269626314717 0.27845806820148516 0.33796045262117735 0.6689734563784911 1.0485899915570662 1.2053769303696527
77 2464 -0.34203167295380105 -0.23545258764046179 0.30969747720038765 0.38483508016733153 0.6644588880540604 1.0409944874301877 1.2144236753398387
78 2496 -0.22401125813498896 -0.12424047355808902 0.3180638317307548 0.3657278155834695 0.693227169157352 1.071979166058894 1.1705967535739035
79 2528 -0.2956125619439376 -0.17508198272751507 0.21167066894834957 0.22005764029054864 0.7271431857008793 1.0826526103147809 1.1397921358157233
80 2560 -0.36484494914643534 -0.28595904663426064 0.23903909260788309 0.3351525698430896 0.7269910020070417 0.9751304086105846 1.2331280425015694
81 2592 -0.5242462779626448 -0.4826912820506616 0.2352862921522637 0.43305715430792224 0.6812223610855193 0.8096205940932719 1.3712952229104887
82 2624 -0.6059853530953903 -0.5704025692778076 0.35617442775838143 0.6294506429528618 0.5719944199675628 0.7328771510657269 1.4614080419142887
83 2656 -0.5539269785779521 -0.5358576327121978 0.34314863130257156 0.6180813734417403 0.6074307726529408 0.7257534535268723 1.4506239282212567
84 2688 -0.5956199111626294 -0.577027178670026 0.4563180301323412 0.7821737005738603 0.459104662720261 0.7186694601564175 1.5075599874323407
85 2720 -0.6189549213327086 -0.5828611892865313 0.4438889346199547 0.7500452438759393 0.47214732048230096 0.7356507796558471 1.4952908874707715
86 2752 -0.2964798120215275 -0.23656865550663725 0.5478727423667802 0.7494420518096957 0.46057746203257915 0.9804183586506506 1.3515355132176115
87 2784 -0.3486228717539074 -0.2577020414904296 0.46943616355119006 0.6208947349682522 0.5304961198696646 1.0064079722234955 1.3060309568491177
88 2816 -0.21878715840542512 -0.14192318416285873 0.4667843235447845 0.5928228518714325 0.5790844279700501 1.0280776371661666 1.2679580423820942
89 2848 -0.20527700217567907 -0.09971267446400063 0.5335345042417301 0.639052569431962 0.4931007862235557 1.057203281073523 1.2803018539051991
90 2880 0.01767345812475901 0.14127748255570421 0.525584305752635 0.5300825557206666 0.5212883129372663 0.9911291979097522 1.3213331933489716
91 2912 -0.2367525099882632 -0.1518185466110038 0.5510773842945051 0.7004420645524154 0.47386703037123673 1.0303942133067137 1.3090980875057392
92 2944 -0.057476925186053865 0.0018643991698363144 0.634646509882929 0.7862325557647364 0.42337665060116175 1.0123685916345688 1.3400977749394187
93 2976 0.12471424869648248 0.18313172297565233 0.7059451833373857 0.8217988625121269 0.3788266797816405 0.9536427983056573 1.395369399093077
94 3008 0.27357781463831216 0.3164903958833871 0.7554749525053644 0.8588905568009486 0.3477644945167188 0.8847977036558634 1.4478234975157858
95 3040 0.03664582479944467 0.14276693987661912 0.6800966747095942 0.7530854712434114 0.36463007850244494 0.9835504994239954 1.3782863711631594
96 3072 -0.17126571659552836 -0.032666921307731495 0.6259254903432163 0.7068574989390688 0.34117252918326013 1.0683915490821436 1.3199018157350022
97 3104 0.046909481154406685 0.17022527880916238 0.6765777815184201 0.722046151433417 0.3469528757698132 0.97724537508344 1.387305005711824
98 3136 0.07332667239420682 0.18766408053042316 0.7068936935582335 0.7656328230979541 0.3189833453920089 0.9650859222614359 1.4024474278971444
99 3168 0.11512605163732516 0.22458963891326877 0.6712430431798397 0.7106639239927531 0.3912782554697201 0.9426122299172388 1.399422563347834
100 3200 0.12167561111462237 0.22707491066003613 0.603010292590364 0.6229227870217261 0.4809744866867501 0.9378191221251783 1.3744667465358256
101 3232 0.3145150130815887 0.3777519227859556 0.6893728226834928 0.7300095462783049 0.45834923490170637 0.8354117307017104 1.446375891347403
