% # columns="iteration, evaluation, sigma, axis ratio, bestever, best, median, worst objective function value, further objective values of best", seed=1, Sun Feb 22 05:39:46 2026, <python>{}</python>
1 32 0.15569236712422882 1.0000333338888951 65.84029649934553 6.5840296499345527e+01 200.0 200.0   
2 64 0.1669816080699046 1.5153622132586224 65.84029649934553 6.9947402852361776e+01 200.0 200.0   
3 96 0.18678451090577045 2.084809090075685 64.93259669708989 6.4932596697089892e+01 200.0 200.0   
4 128 0.16829815352526015 2.5953037047621987 64.93259669708989 6.4997239268310508e+01 200.0 200.0   
5 160 0.14316495990988728 2.4089068910293117 62.87119517602411 6.2871195176024109e+01 200.0 200.0   
6 192 0.14469648739057364 3.337526246164373 62.87119517602411 6.5759129140675469e+01 85.79633092534971 200.0   
7 224 0.16235040224354866 3.168779365073961 61.345795550746885 6.1345795550746885e+01 200.0 200.0   
8 256 0.16822794821661552 3.865567869868677 60.44120429819841 6.0441204298198407e+01 73.12751705833864 200.0   
9 288 0.14203778246095564 3.875652056546636 60.44120429819841 6.1694256308030774e+01 90.00701206381642 200.0   
10 320 0.12960468742710313 3.6955568274074753 60.44120429819841 6.0924320016163165e+01 70.8292719243099 200.0   
11 352 0.14500510172391823 3.2860530680917988 60.44120429819841 6.0890196818992379e+01 67.35510439706626 200.0   
12 384 0.1325220373237878 3.496279390650158 60.44120429819841 6.0491449061196562e+01 67.71996673395702 200.0   
13 416 0.14243381102715727 4.3531863009736105 59.58566374866954 5.9585663748669539e+01 200.0 200.0   
14 448 0.11650096191240272 4.555824415183153 59.58566374866954 6.0011962470319475e+01 200.0 200.0   
15 480 0.12743084034554444 5.313392509818224 59.53264662289991 5.9532646622899911e+01 63.060436116719295 200.0   
16 512 0.1270776230487213 5.650456283644514 59.41524917921931 5.9415249179219309e+01 70.15763304848413 200.0   
17 544 0.1389459465901917 4.795262716285781 59.41524917921931 5.9552736664697704e+01 63.04166554912468 200.0   
18 576 0.11956925139023912 4.659797403101439 59.41524917921931 5.9432590207285628e+01 64.90455996057882 200.0   
19 608 0.09982411661172198 4.9913605065017785 59.158925820863196 5.9158925820863196e+01 62.06133565192795 200.0   
20 640 0.10012263497548857 5.409032679900421 59.007470155871985 5.9007470155871985e+01 60.188647110299165 200.0   
21 672 0.11062850812054037 4.798999537189192 58.894709909009094 5.8894709909009094e+01 60.248021919173596 200.0   
22 704 0.12208847892669684 5.06047798276275 58.894709909009094 5.9182137422954845e+01 62.326679875586684 200.0   
23 736 0.13585140349170513 5.498206588278943 58.894709909009094 5.8911656157758237e+01 200.0 200.0   
24 768 0.13943375254971915 4.616578356661611 58.894709909009094 5.9037431592289195e+01 200.0 200.0   
25 800 0.12553507815660966 5.1582377751925765 58.894709909009094 5.9460652862385501e+01 62.10851363837598 200.0   
26 832 0.12225783549236244 5.093678378410081 58.470920453210056 5.8470920453210056e+01 60.20807465195949 200.0   
27 864 0.10627935958929546 5.408822006059932 58.470920453210056 5.9124969340603919e+01 61.69164298864971 200.0   
28 896 0.08670973827730724 5.617641192972768 58.470920453210056 5.8765172836571644e+01 59.71794529354011 200.0   
29 928 0.0933558358288835 5.667264095235507 58.470920453210056 5.9145625337991554e+01 59.539646220617406 200.0   
30 960 0.09570250024861508 5.339929691227486 58.470920453210056 5.8782300631226533e+01 60.7537771000575 200.0   
31 992 0.08973083079038664 5.542973035220941 58.470920453210056 5.8800795527155429e+01 60.63734988890704 200.0   
32 1024 0.10202989786594563 5.244124119918349 58.470920453210056 5.9102000785821936e+01 60.4224698814144 200.0   
33 1056 0.12085797080125708 6.908566362987926 58.470920453210056 5.8753511085348812e+01 60.38546483424015 200.0   
34 1088 0.10475848560979803 9.170547986793819 58.470920453210056 5.8626024977800341e+01 61.60121627435375 200.0   
35 1120 0.11735654897868157 9.291923184438579 58.470920453210056 5.9057525336537353e+01 60.709667973556265 200.0   
36 1152 0.14843136972752366 8.611427670842032 57.274336529751 5.7274336529750997e+01 59.46546897194425 200.0   
37 1184 0.15788726131186642 8.124874170771767 57.274336529751 5.9398330310702207e+01 60.988493883338776 200.0   
38 1216 0.1422894374242241 9.575318789593327 57.274336529751 5.8691667243860401e+01 60.56534322157518 200.0   
39 1248 0.1667575899840628 8.95644697585015 57.274336529751 5.9080961105082224e+01 59.48952656575752 200.0   
40 1280 0.14043394868246414 10.225781276671782 57.274336529751 5.8737401517686109e+01 59.647876371392115 200.0   
41 1312 0.12787237962704745 11.889251889584466 57.274336529751 5.8868286625946148e+01 60.797710924247966 200.0   
42 1344 0.13175459917384338 11.106059709463079 57.274336529751 5.8678500063970951e+01 60.44335775032323 200.0   
43 1376 0.12353798819884691 9.281019505052496 57.274336529751 5.9098744996444381e+01 60.79078658620948 200.0   
44 1408 0.12142318392056713 9.601851244008364 57.274336529751 5.8525704468651519e+01 60.29361426043217 200.0   
45 1440 0.11159197377241899 9.158461666607497 57.274336529751 5.8928049728203042e+01 61.992015310081314 200.0   
46 1472 0.10581153754329252 9.943102000994287 57.274336529751 5.8753475794989839e+01 200.0 200.0   
47 1504 0.09722406846535998 7.964290136657816 57.274336529751 5.9056252048861069e+01 60.65722057221514 200.0   
48 1536 0.09022966368197813 8.512995745729038 57.274336529751 5.9008072296780604e+01 60.108309073132325 200.0   
49 1568 0.099704211127735 8.011288678891955 57.274336529751 5.9217744473869701e+01 62.247821554849516 200.0   
50 1600 0.12072841474250517 8.815934319913929 57.274336529751 5.8930778390954522e+01 60.7642668344908 200.0   
51 1632 0.1030510051222898 10.886609448021696 57.274336529751 5.8841040666525025e+01 60.597214746353586 200.0   
52 1664 0.11511932679313278 11.401879353750862 57.274336529751 5.8623222853907727e+01 60.871852619280624 200.0   
53 1696 0.11880988668010953 13.58551787505061 57.274336529751 5.8742006220689980e+01 60.2218039027736 200.0   
54 1728 0.09810899123833734 10.606857364622341 57.274336529751 5.8788269176858428e+01 59.42773085592204 200.0   
55 1760 0.09123439752482496 11.422890865595498 57.274336529751 5.9207759481099991e+01 60.619536878359526 200.0   
56 1792 0.09099778644556013 11.778272374457158 57.274336529751 5.8950733656659466e+01 61.8874596413023 200.0   
57 1824 0.08336282390899766 11.144548682809905 57.274336529751 5.8958534487303105e+01 59.4392512718742 200.0   
58 1856 0.07166269045351266 12.693014499681158 57.274336529751 5.8855631232165642e+01 61.96757413202782 200.0   
59 1888 0.058732917709868625 12.084148863594882 57.274336529751 5.8914037444692823e+01 60.90418365635378 200.0   
60 1920 0.052130452091128356 12.04264452402069 57.274336529751 5.8520726680908659e+01 59.41869176817991 200.0   
61 1952 0.05478818565060283 11.981421147419189 57.274336529751 5.8849159490312879e+01 60.299575315162876 200.0   
62 1984 0.05539187006830663 13.117928220470347 57.274336529751 5.8872010866810477e+01 61.964030922076084 200.0   
63 2016 0.04496209369664972 10.746890118095086 57.274336529751 5.9216596553873025e+01 60.89853620630807 200.0   
64 2048 0.04374536259029315 11.814467782405442 57.274336529751 5.7747288502903636e+01 59.95373609391407 200.0   
65 2080 0.044860924333406216 8.766990342295246 57.274336529751 5.8671259960610811e+01 60.17106162103433 200.0   
66 2112 0.043045487943290266 8.191219054079973 57.274336529751 5.9184746917619393e+01 60.88996019459276 200.0   
67 2144 0.055491928651851784 7.978337005053023 57.274336529751 5.8850422956534118e+01 60.89039542598364 200.0   
68 2176 0.05170185896404417 7.473640032436476 57.274336529751 5.8873431490205604e+01 61.89779252396346 200.0   
69 2208 0.046639885191333906 10.260559823383659 57.274336529751 5.8734608327990884e+01 60.270511559888554 200.0   
70 2240 0.049223014986125566 9.316555661485285 57.274336529751 5.8863535569995513e+01 60.89649435303806 200.0   
71 2272 0.05335592789030252 10.705488425473053 57.274336529751 5.8868951624886940e+01 60.887329772641834 200.0   
72 2304 0.06443027114440017 14.702984483539343 57.274336529751 5.8853762320289150e+01 60.23896414450991 200.0   
73 2336 0.07683104965969607 20.873426898154893 57.274336529751 5.8595081998762254e+01 60.89230393509525 200.0   
74 2368 0.07860013059425995 18.43044740206764 57.274336529751 5.8869347816510114e+01 60.86855129998393 200.0   
75 2400 0.0859853715796319 18.10232610292568 57.274336529751 5.8705610969079373e+01 60.887600586382895 200.0   
76 2432 0.10415954914872783 16.83895221091169 57.274336529751 5.8719938602357715e+01 59.423088876598634 200.0   
77 2464 0.10486109057779258 14.237388925644632 57.274336529751 5.8904540421324455e+01 62.261667163010294 200.0   
78 2496 0.10269805051661615 14.86967762766664 57.274336529751 5.8888063952874226e+01 60.881194038249845 200.0   
79 2528 0.11237537853350932 12.18612472792613 57.274336529751 5.8858563953833006e+01 60.53512115424633 200.0   
80 2560 0.12520617475048995 10.451015474130445 57.274336529751 5.8760562777396252e+01 60.89472503801302 200.0   
81 2592 0.12792238647638024 9.272913011886917 57.274336529751 5.8862405758676516e+01 62.24648575721338 200.0   
82 2624 0.12365493991369146 10.789380443076373 57.274336529751 5.8853928691325933e+01 62.25867410007868 200.0   
83 2656 0.12348930780938086 11.251406969935179 57.274336529751 5.8647539502491306e+01 60.865251416872326 200.0   
84 2688 0.13710536258500483 9.720167183549192 57.274336529751 5.8698514592283125e+01 60.87145497631605 200.0   
85 2720 0.12831550594903846 11.18878811138566 57.274336529751 5.8842753267728959e+01 60.88362024662977 200.0   
86 2752 0.1402769923048845 11.914588058275195 57.274336529751 5.7493260244913991e+01 59.52796191209911 200.0   
87 2784 0.13572375615610796 11.923440181268234 57.274336529751 5.8861981064311657e+01 60.878720719889245 200.0   
88 2816 0.1283882328935799 13.081652008804783 57.274336529751 5.8852023677757906e+01 60.872866476438574 200.0   
89 2848 0.11712398202228928 13.314147712562583 57.274336529751 5.8702546595025659e+01 60.857395369643555 200.0   
90 2880 0.11594569287705185 15.972004914472471 57.274336529751 5.8693956799158094e+01 60.86904183458796 200.0   
91 2912 0.15407941633452021 16.142810103080258 57.274336529751 5.8892980682598612e+01 60.87151367275371 200.0   
92 2944 0.17816538098453216 18.2586389883504 57.274336529751 5.8680691390411795e+01 60.880809011439396 200.0   
93 2976 0.15812053683661642 23.819802060531586 57.274336529751 5.8859082534210245e+01 60.870076745374654 200.0   
94 3008 0.152487369352407 26.393531501702228 57.274336529751 5.8862312144967298e+01 60.871435955386644 200.0   
95 3040 0.1664522382747823 29.352930069219248 57.274336529751 5.8852948792231103e+01 60.87006795933969 200.0   
96 3072 0.18134118215022657 24.47486921967204 57.274336529751 5.8618814588203719e+01 60.87475646666052 200.0   
97 3104 0.156094880564274 24.693217567412695 57.274336529751 5.8866732008600486e+01 60.541791132578865 200.0   
98 3136 0.15535844742780017 23.47206345801636 57.274336529751 5.8855892456778108e+01 60.86725282534949 200.0   
99 3168 0.18862770656746877 26.20040777083701 57.274336529751 5.8857803203476230e+01 60.873851747593214 200.0   
100 3200 0.1865044714377145 25.84964343214767 57.274336529751 5.8877518404159126e+01 60.89505337367875 200.0   
101 3232 0.18074148383829508 21.275081309986074 57.274336529751 5.8467599637308759e+01 60.875989615542494 200.0   
