% # columns="iteration, evaluation, sigma, max axis length,  min axis length, all principal axes lengths  (sorted square roots of eigenvalues of C)", seed=1, Sun Feb 22 05:39:46 2026
1 32 0.15569236712422882 1.0000333338888951 1.0 1.0 1.0000166668055563 1.0000333338888951
2 64 0.1669816080699046 1.1512327633940893 0.7597079782783338 0.7597079782783338 0.8755812640014159 1.1512327633940893
3 96 0.18678451090577045 1.1856149425790705 0.5686923316973973 0.5686923316973973 0.7067620572606758 1.1856149425790705
4 128 0.16829815352526015 1.2758311661918509 0.49159224172908583 0.49159224172908583 0.691969476003014 1.2758311661918509
5 160 0.14316495990988728 1.023196370093717 0.4247554664333711 0.4247554664333711 0.5631423478607162 1.023196370093717
6 192 0.14469648739057364 1.134969773768749 0.3400631755549801 0.3400631755549801 0.4461557590354836 1.134969773768749
7 224 0.16235040224354866 1.0311685976066693 0.32541508221497817 0.32541508221497817 0.3303075179130898 1.0311685976066693
8 256 0.16822794821661552 1.003704497575068 0.2596525352455308 0.2596525352455308 0.3150274492602919 1.003704497575068
9 288 0.14203778246095564 0.8396938660493457 0.21665873349775036 0.21665873349775036 0.2843728118350675 0.8396938660493457
10 320 0.12960468742710313 0.7115326715842366 0.19253733735259443 0.19253733735259443 0.24545487255826454 0.7115326715842366
11 352 0.14500510172391823 0.6227071055215129 0.18950001494745095 0.18950001494745095 0.19412796015846986 0.6227071055215129
12 384 0.1325220373237878 0.5210778514624311 0.14903781798900603 0.14903781798900603 0.21395025073744597 0.5210778514624311
13 416 0.14243381102715727 0.44906969811009484 0.10315885125560978 0.10315885125560978 0.1803845887596006 0.44906969811009484
14 448 0.11650096191240272 0.4137215592604675 0.09081156812840757 0.09081156812840757 0.17343618415997944 0.4137215592604675
15 480 0.12743084034554444 0.3788836132115619 0.07130728861296261 0.07130728861296261 0.1461246367235475 0.3788836132115619
16 512 0.1270776230487213 0.3533854699252618 0.062541050171143 0.062541050171143 0.16296676665736617 0.3533854699252618
17 544 0.1389459465901917 0.29608609085032966 0.06174554104090175 0.06174554104090175 0.13423622062688653 0.29608609085032966
18 576 0.11956925139023912 0.28195491713392734 0.06050797765290516 0.06050797765290516 0.12215435368443527 0.28195491713392734
19 608 0.09982411661172198 0.2726925667467016 0.054632913489516634 0.054632913489516634 0.10396397554428442 0.2726925667467016
20 640 0.10012263497548857 0.2571521160394073 0.04754123911932834 0.04754123911932834 0.09179409520087049 0.2571521160394073
21 672 0.11062850812054037 0.20788237480317934 0.04331785681415954 0.04331785681415954 0.07889877923708392 0.20788237480317934
22 704 0.12208847892669684 0.22208214950115923 0.04388560729986899 0.04388560729986899 0.06429481922548619 0.22208214950115923
23 736 0.13585140349170513 0.21234269872130224 0.03862035653115939 0.03862035653115939 0.06693864601264801 0.21234269872130224
24 768 0.13943375254971915 0.18599869128778057 0.040289295863328946 0.040289295863328946 0.058144716270430774 0.18599869128778057
25 800 0.12553507815660966 0.19040493875151504 0.03691278825245827 0.03691278825245827 0.05658478944938773 0.19040493875151504
26 832 0.12225783549236244 0.16407309150590796 0.03221112118137326 0.03221112118137326 0.05812915237726567 0.16407309150590796
27 864 0.10627935958929546 0.16278867656127252 0.030096881794018638 0.030096881794018638 0.04479770838763355 0.16278867656127252
28 896 0.08670973827730724 0.1391316035407176 0.024766908166858434 0.024766908166858434 0.03921016657792182 0.1391316035407176
29 928 0.0933558358288835 0.12422381483691247 0.021919538731457383 0.021919538731457383 0.03448442371253047 0.12422381483691247
30 960 0.09570250024861508 0.10754435813794712 0.020139658077263183 0.020139658077263183 0.034822845534115104 0.10754435813794712
31 992 0.08973083079038664 0.10631120375080068 0.019179455334760283 0.019179455334760283 0.03186384872534716 0.10631120375080068
32 1024 0.10202989786594563 0.0863216920350797 0.01646065006493853 0.01646065006493853 0.029451375755004904 0.0863216920350797
33 1056 0.12085797080125708 0.09276952717043226 0.013428187889666564 0.013428187889666564 0.029712675207115586 0.09276952717043226
34 1088 0.10475848560979803 0.11138796560646484 0.012146271495102659 0.012146271495102659 0.02510119863605833 0.11138796560646484
35 1120 0.11735654897868157 0.10590276400339313 0.011397292239861733 0.011397292239861733 0.02583244663425272 0.10590276400339313
36 1152 0.14843136972752366 0.09861349268509827 0.011451468496797556 0.011451468496797556 0.028518426910293045 0.09861349268509827
37 1184 0.15788726131186642 0.09997328585662145 0.012304594970376653 0.012304594970376653 0.028598891183508925 0.09997328585662145
38 1216 0.1422894374242241 0.09915384613092534 0.010355148304690177 0.010355148304690177 0.025686995651666742 0.09915384613092534
39 1248 0.1667575899840628 0.08238533944240498 0.009198439924285368 0.009198439924285368 0.02280712261374383 0.08238533944240498
40 1280 0.14043394868246414 0.0954487560834002 0.009334128464213174 0.009334128464213174 0.019585187180816036 0.0954487560834002
41 1312 0.12787237962704745 0.09288991013437714 0.007812931460872908 0.007812931460872908 0.017294285885901626 0.09288991013437714
42 1344 0.13175459917384338 0.09513353404587496 0.008565912351868148 0.008565912351868148 0.01591200926034261 0.09513353404587496
43 1376 0.12353798819884691 0.08987718081603115 0.009683977150042933 0.009683977150042933 0.016386440273340363 0.08987718081603115
44 1408 0.12142318392056713 0.08996499286478622 0.009369546619556843 0.009369546619556843 0.014743119052232339 0.08996499286478622
45 1440 0.11159197377241899 0.08255134314341778 0.009013669123539245 0.009013669123539245 0.01566617122404 0.08255134314341778
46 1472 0.10581153754329252 0.07745541312101559 0.007789864079969232 0.007789864079969232 0.01866735485417683 0.07745541312101559
47 1504 0.09722406846535998 0.06567999240684401 0.008246810610845774 0.008246810610845774 0.015701207331503923 0.06567999240684401
48 1536 0.09022966368197813 0.06355959194248575 0.00746618391937686 0.00746618391937686 0.014655157498942998 0.06355959194248575
49 1568 0.099704211127735 0.05468572073287552 0.0068260829093527466 0.0068260829093527466 0.014265744037996618 0.05468572073287552
50 1600 0.12072841474250517 0.05978981351317027 0.006782016669306811 0.006782016669306811 0.014124134063009615 0.05978981351317027
51 1632 0.1030510051222898 0.0669783874662734 0.006152364313798787 0.006152364313798787 0.013220110183702135 0.0669783874662734
52 1664 0.11511932679313278 0.05702393201909635 0.005001274811799974 0.005001274811799974 0.01166077346917658 0.05702393201909635
53 1696 0.11880988668010953 0.0625686454337655 0.004605539958743194 0.004605539958743194 0.0114985176245262 0.0625686454337655
54 1728 0.09810899123833734 0.05410212199019056 0.00510067403853666 0.00510067403853666 0.011114796894733714 0.05410212199019056
55 1760 0.09123439752482496 0.04695991528399592 0.00411103597474034 0.00411103597474034 0.012410754783459644 0.04695991528399592
56 1792 0.09099778644556013 0.04761554126434727 0.00404265920761081 0.00404265920761081 0.011385053443699994 0.04761554126434727
57 1824 0.08336282390899766 0.0434236990223724 0.003896407136643587 0.003896407136643587 0.008747388008352494 0.0434236990223724
58 1856 0.07166269045351266 0.041429537351411506 0.003263963603953355 0.003263963603953355 0.008373891565067302 0.041429537351411506
59 1888 0.058732917709868625 0.03522308963777891 0.002914817587516916 0.002914817587516916 0.008731121845951444 0.03522308963777891
60 1920 0.052130452091128356 0.03265241514863321 0.0027113990688260817 0.0027113990688260817 0.0073161775671312075 0.03265241514863321
61 1952 0.05478818565060283 0.02677189355071171 0.0022344505899017167 0.0022344505899017167 0.007149082843546631 0.02677189355071171
62 1984 0.05539187006830663 0.026396184378312995 0.0020122220471615413 0.0020122220471615413 0.008054680558853772 0.026396184378312995
63 2016 0.04496209369664972 0.022013339400280125 0.0020483450708419495 0.0020483450708419495 0.007092535890213883 0.022013339400280125
64 2048 0.04374536259029315 0.02138835183095095 0.0018103525461217393 0.0018103525461217393 0.0060256978595955545 0.02138835183095095
65 2080 0.044860924333406216 0.016883587161739697 0.0019258133638276006 0.0019258133638276006 0.006287270487352987 0.016883587161739697
66 2112 0.043045487943290266 0.01733019560783874 0.0021157040842665203 0.0021157040842665203 0.005618281058961356 0.01733019560783874
67 2144 0.055491928651851784 0.016813683286343643 0.002107417031355634 0.002107417031355634 0.004937448212583675 0.016813683286343643
68 2176 0.05170185896404417 0.016975938653795843 0.0022714418382633193 0.0022714418382633193 0.005787632582468721 0.016975938653795843
69 2208 0.046639885191333906 0.020383935350846573 0.0019866299404435904 0.0019866299404435904 0.005064788290720528 0.020383935350846573
70 2240 0.049223014986125566 0.016419939216251 0.0017624473907380984 0.0017624473907380984 0.004795521907125987 0.016419939216251
71 2272 0.05335592789030252 0.017598193399569837 0.0016438477816384366 0.0016438477816384366 0.005610068524903315 0.017598193399569837
72 2304 0.06443027114440017 0.01954417246763959 0.0013292656664039995 0.0013292656664039995 0.004976915230090411 0.01954417246763959
73 2336 0.07683104965969607 0.024369626941778893 0.001167495258956882 0.001167495258956882 0.0051353150887755 0.024369626941778893
74 2368 0.07860013059425995 0.02848375835423472 0.0015454729737618435 0.0015454729737618435 0.004243751598476799 0.02848375835423472
75 2400 0.0859853715796319 0.02726211859416414 0.0015060008553131779 0.0015060008553131779 0.003702664385550461 0.02726211859416414
76 2432 0.10415954914872783 0.023178911005464042 0.001376505539961331 0.001376505539961331 0.004082038991106484 0.023178911005464042
77 2464 0.10486109057779258 0.02565993552054556 0.001802292235925819 0.001802292235925819 0.004692862325714277 0.02565993552054556
78 2496 0.10269805051661615 0.0244246895341995 0.0016425836622547035 0.0016425836622547035 0.005264756363482423 0.0244246895341995
79 2528 0.11237537853350932 0.020485137049119855 0.0016810214491055908 0.0016810214491055908 0.004955266864804571 0.020485137049119855
80 2560 0.12520617475048995 0.018161764803215477 0.0017377990538978308 0.0017377990538978308 0.004734940045025691 0.018161764803215477
81 2592 0.12792238647638024 0.017445301748457282 0.001881318386799726 0.001881318386799726 0.004055485907772169 0.017445301748457282
82 2624 0.12365493991369146 0.01645731071156392 0.0015253249061325577 0.0015253249061325577 0.0038828455152808165 0.01645731071156392
83 2656 0.12348930780938086 0.015094721388753368 0.0013415852283263673 0.0013415852283263673 0.003345128682257501 0.015094721388753368
84 2688 0.13710536258500483 0.014469916999466502 0.0014886489837290023 0.0014886489837290023 0.002959474933807823 0.014469916999466502
85 2720 0.12831550594903846 0.018054090097830065 0.001613587630590511 0.001613587630590511 0.0027174186758256755 0.018054090097830065
86 2752 0.1402769923048845 0.017104500046782694 0.0014355930698672274 0.0014355930698672274 0.0026261729886421785 0.017104500046782694
87 2784 0.13572375615610796 0.018405591741360437 0.0015436477611784967 0.0015436477611784967 0.002456712991463298 0.018405591741360437
88 2816 0.1283882328935799 0.01678868388143511 0.0012833764321306866 0.0012833764321306866 0.002659877354861878 0.01678868388143511
89 2848 0.11712398202228928 0.015660642080509483 0.0011762406741013442 0.0011762406741013442 0.002517070370202931 0.015660642080509483
90 2880 0.11594569287705185 0.01589535308623356 0.0009952008637206557 0.0009952008637206557 0.002634611320870421 0.01589535308623356
91 2912 0.15407941633452021 0.017299322903382562 0.0010716425946236973 0.0010716425946236973 0.0022831830065020917 0.017299322903382562
92 2944 0.17816538098453216 0.01819583497020183 0.0009965603121794215 0.0009965603121794215 0.002893392730631648 0.01819583497020183
93 2976 0.15812053683661642 0.02147580647644482 0.0009015946657268547 0.0009015946657268547 0.002576518187756979 0.02147580647644482
94 3008 0.152487369352407 0.02359473783270475 0.0008939591062750745 0.0008939591062750745 0.002361748639990296 0.02359473783270475
95 3040 0.1664522382747823 0.0260144147601617 0.0008862629624645732 0.0008862629624645732 0.002250521566340531 0.0260144147601617
96 3072 0.18134118215022657 0.021864891598910485 0.0008933609165656441 0.0008933609165656441 0.0022734542328793654 0.021864891598910485
97 3104 0.156094880564274 0.01923217117630902 0.0007788442767251788 0.0007788442767251788 0.0025670989760550487 0.01923217117630902
98 3136 0.15535844742780017 0.016933642603943425 0.0007214381741184377 0.0007214381741184377 0.0022160585056177785 0.016933642603943425
99 3168 0.18862770656746877 0.016819127557740884 0.0006419414424710526 0.0006419414424710526 0.002175998947527855 0.016819127557740884
100 3200 0.1865044714377145 0.01774888571734597 0.000686620137099173 0.000686620137099173 0.0019038040784979018 0.01774888571734597
101 3232 0.18074148383829508 0.014197094459551206 0.0006673109377442139 0.0006673109377442139 0.001739991163067812 0.014197094459551206
