% # columns="iteration, evaluation, sigma, axis ratio, bestever, best, median, worst objective function value, further objective values of best", seed=1, Thu Feb 19 22:36:12 2026, <python>{}</python>
1 32 0.15839414415717723 1.0000333338888951 30.120423407416865 3.0120423407416865e+01 200.0 200.0   
2 64 0.1447368546695863 1.5491423424247055 30.120423407416865 3.8542352914568418e+01 200.0 200.0   
3 96 0.152242504221283 1.3417482441964463 30.120423407416865 3.9098068329330694e+01 200.0 200.0   
4 128 0.1417738917460452 1.5996636949060021 30.120423407416865 3.0782774387479321e+01 200.0 200.0   
5 160 0.16006060929198224 1.901486477695967 28.623793865374466 2.8623793865374466e+01 200.0 200.0   
6 192 0.1934189810568485 2.254576140348624 28.623793865374466 3.3009458609135329e+01 200.0 200.0   
7 224 0.1962473347598435 2.6186483652603316 28.623793865374466 3.6183505353946899e+01 200.0 200.0   
8 256 0.17617627385682047 2.9932416693190214 28.623793865374466 3.6488066145342621e+01 200.0 200.0   
9 288 0.1772268058622513 2.8684530953656173 24.605075484303406 2.4605075484303406e+01 200.0 200.0   
10 320 0.1931124598556779 2.7083379585614753 24.605075484303406 3.1922155804123474e+01 200.0 200.0   
11 352 0.15334763192667042 2.3916187554468618 24.605075484303406 3.3683966619234056e+01 200.0 200.0   
12 384 0.14618711883037444 1.970373949749722 24.605075484303406 3.3265692006592211e+01 200.0 200.0   
13 416 0.1671516405737494 1.5839518838367903 24.605075484303406 4.2985555101518621e+01 200.0 200.0   
14 448 0.18077975469466673 1.600851576879533 24.605075484303406 3.4731732711617752e+01 200.0 200.0   
15 480 0.1726315125683122 1.7896294836446325 24.605075484303406 3.9671128387516674e+01 200.0 200.0   
16 512 0.20079758410041681 2.110273588051301 24.605075484303406 3.4356270330225144e+01 200.0 200.0   
17 544 0.2530588810230018 2.879055422041605 24.605075484303406 3.4631297526248147e+01 200.0 200.0   
18 576 0.24532736087145895 4.008142854780037 24.605075484303406 3.3778378835502643e+01 200.0 200.0   
19 608 0.24350840164418386 3.5426976354232425 24.605075484303406 3.4162843483556067e+01 200.0 200.0   
20 640 0.21046286650438698 3.414703661627811 24.605075484303406 3.7050226288453779e+01 200.0 200.0   
21 672 0.19990179413910644 3.9853398445161257 24.605075484303406 4.2042474893045103e+01 200.0 200.0   
22 704 0.1700540915666828 3.5722739915863038 24.605075484303406 3.4214239573831932e+01 200.0 200.0   
23 736 0.14711134448776625 3.12857851480028 24.605075484303406 3.5880367067601433e+01 200.0 200.0   
24 768 0.18103415067060447 3.5525643411460686 24.605075484303406 3.0806478673849369e+01 54.554613289928795 200.0   
25 800 0.20852927823491635 2.7592606614904143 24.605075484303406 3.7775899072321678e+01 200.0 200.0   
26 832 0.24905967383021532 3.122773676492913 24.605075484303406 3.1725180172148917e+01 200.0 200.0   
27 864 0.3271356676271478 2.459968012050426 24.605075484303406 3.2058476618593133e+01 200.0 200.0   
28 896 0.34642667304521607 2.1952625376577948 24.605075484303406 2.9895832655836990e+01 200.0 200.0   
29 928 0.33301842857340674 2.6604523185717412 24.605075484303406 3.3806128611562329e+01 200.0 200.0   
30 960 0.28864956566335925 2.9214385454764744 24.605075484303406 3.0701680639115587e+01 200.0 200.0   
31 992 0.2767034366838514 2.4405642054202192 24.605075484303406 3.2115148294085230e+01 200.0 200.0   
32 1024 0.3135189880540437 2.46315707675239 24.605075484303406 3.1633788590963803e+01 200.0 200.0   
33 1056 0.26742706268341193 2.082731685573273 24.605075484303406 2.9034621666579621e+01 200.0 200.0   
34 1088 0.24675721328260128 1.8845610010256932 24.605075484303406 3.4520430179235760e+01 200.0 200.0   
35 1120 0.2824587486521196 1.5662274150732554 24.605075484303406 3.1974414532707378e+01 200.0 200.0   
36 1152 0.2920441456088709 2.197270984543653 24.605075484303406 3.2751735385161844e+01 200.0 200.0   
37 1184 0.38199310370506423 2.2908885343533765 24.605075484303406 3.2804887071399897e+01 200.0 200.0   
38 1216 0.3541287177682253 2.905528898791876 24.605075484303406 3.3150634051874945e+01 200.0 200.0   
39 1248 0.3310042529950717 3.2259002598004805 24.605075484303406 3.2915260474636682e+01 200.0 200.0   
40 1280 0.3219685340833304 3.6574465205046938 24.605075484303406 3.7216027220895931e+01 200.0 200.0   
41 1312 0.28468559438747365 3.6982474942095713 24.605075484303406 3.0772666742511564e+01 200.0 200.0   
42 1344 0.3136415916868769 4.270872812707469 24.605075484303406 3.0603671343070399e+01 200.0 200.0   
43 1376 0.2885553580830826 5.440317808358798 24.605075484303406 2.9833259377199330e+01 200.0 200.0   
44 1408 0.28030271058922424 4.402220093921483 24.605075484303406 3.0429641041195794e+01 200.0 200.0   
45 1440 0.24963929513659347 4.443516754063486 24.605075484303406 3.3996758791640090e+01 200.0 200.0   
46 1472 0.25600744862512165 4.217751764419864 24.605075484303406 3.1796782669808920e+01 200.0 200.0   
47 1504 0.21867973549698902 3.2644633144789172 24.605075484303406 3.2023286495795851e+01 200.0 200.0   
48 1536 0.1966391159243131 3.1258639920858418 24.605075484303406 3.0585718285193096e+01 200.0 200.0   
49 1568 0.19168148480956357 3.242392474325033 24.605075484303406 3.3190123425575578e+01 200.0 200.0   
50 1600 0.20550497785261093 3.0428549898505937 24.605075484303406 3.3714032417562159e+01 200.0 200.0   
51 1632 0.16421347839823883 3.561648252683436 24.605075484303406 2.5848400340625048e+01 200.0 200.0   
52 1664 0.17907365937214703 5.266090059363846 24.605075484303406 3.0920842951477539e+01 200.0 200.0   
53 1696 0.1769838815098953 4.895501473670668 24.605075484303406 3.3564998918333686e+01 200.0 200.0   
54 1728 0.14588168750500835 4.171081113428508 24.605075484303406 2.7430370524785452e+01 200.0 200.0   
55 1760 0.12732669505187286 4.394487521558251 24.605075484303406 2.9277388379502757e+01 200.0 200.0   
56 1792 0.13276670964577214 5.101762475774476 24.54446557515875 2.4544465575158750e+01 200.0 200.0   
57 1824 0.12399778865715984 4.844059302455821 24.54446557515875 3.1147946704566277e+01 200.0 200.0   
58 1856 0.10403456164340143 5.161675971512824 24.54446557515875 2.9148909554285243e+01 200.0 200.0   
59 1888 0.11051816676793504 5.383577892612747 24.54446557515875 3.0094791184510331e+01 200.0 200.0   
60 1920 0.11179784122113948 6.102076969065411 24.54446557515875 3.0550524174900250e+01 200.0 200.0   
61 1952 0.1002299600678549 4.739915072544757 23.255392494254572 2.3255392494254572e+01 200.0 200.0   
62 1984 0.0967496865919735 4.491179981683988 23.255392494254572 2.9799635284048225e+01 200.0 200.0   
63 2016 0.11396882254463762 4.81368006689 23.255392494254572 3.0554705732040375e+01 38.36525768914888 200.0   
64 2048 0.11409178063509871 2.672104349897065 23.255392494254572 3.0908258202360770e+01 200.0 200.0   
65 2080 0.11208451326799623 2.426157312040369 23.255392494254572 2.9221740430122985e+01 37.61838807270884 200.0   
66 2112 0.12390978624196568 2.1985683527910944 23.255392494254572 2.7462431563677047e+01 35.44217784320909 200.0   
67 2144 0.11368784127080035 1.9331942903276944 22.256696448200607 2.2256696448200607e+01 36.94349175258593 200.0   
68 2176 0.12304843698792224 2.472284662864714 22.256696448200607 3.2620170706430471e+01 36.367021376335146 200.0   
69 2208 0.112990373519448 3.020211832312954 22.256696448200607 3.0425429054662239e+01 200.0 200.0   
70 2240 0.12912006043163443 2.724010648905253 22.256696448200607 3.1454486658668436e+01 37.61324831933356 200.0   
71 2272 0.12952923970449232 3.8325396906880043 22.256696448200607 3.2593906156497908e+01 200.0 200.0   
72 2304 0.11259187984072812 4.233346475674981 22.256696448200607 2.9233448673653150e+01 200.0 200.0   
73 2336 0.09623379102010415 3.219211086564204 22.256696448200607 3.2431084439950681e+01 36.29515350417902 200.0   
74 2368 0.10820833645689219 3.5963027596205124 22.256696448200607 2.4526052479344060e+01 33.708022848287975 200.0   
75 2400 0.10549326691876426 4.9687246290699845 22.256696448200607 2.9642278659865504e+01 34.975429779437434 200.0   
76 2432 0.10128003400406985 4.129942273705974 22.256696448200607 2.7310667290460295e+01 35.584361219217286 200.0   
77 2464 0.092315995707053 2.955814296940015 22.256696448200607 3.1664856050784014e+01 36.25333612813134 200.0   
78 2496 0.09819156688178356 3.0023337647971213 22.256696448200607 2.9241865108174245e+01 36.14534182886032 200.0   
79 2528 0.0838679123335102 3.350826644674657 22.256696448200607 2.5204377784162730e+01 200.0 200.0   
80 2560 0.06918462903326367 3.5575794975999737 22.256696448200607 3.1550238216675229e+01 35.48228494448944 200.0   
81 2592 0.07279925791060275 3.2689475413900917 22.256696448200607 3.0722423305568434e+01 34.91992410311194 200.0   
82 2624 0.058187071153734934 2.4301020752774596 22.256696448200607 3.0598208995507989e+01 34.17257462369626 200.0   
83 2656 0.053114602723730274 2.7679688434070955 22.256696448200607 3.1306724831942997e+01 200.0 200.0   
84 2688 0.05789037670830364 2.8117655706345728 22.256696448200607 2.9349141577937981e+01 35.28168765807261 200.0   
85 2720 0.061476687295642825 3.628780346546772 22.256696448200607 2.9833397899957845e+01 35.04463273194082 200.0   
86 2752 0.06416028921735996 4.012736715812251 22.256696448200607 3.0572659438884109e+01 35.21266822985434 200.0   
87 2784 0.056713799781302913 3.335436664500621 22.256696448200607 3.0417590926866581e+01 34.68254060603696 200.0   
88 2816 0.05602222712258125 4.315278569744407 22.256696448200607 2.9906489578157043e+01 35.46426936104133 200.0   
89 2848 0.04837510851641772 4.946275420320604 22.256696448200607 2.9625805344293354e+01 34.85940979989765 200.0   
90 2880 0.06088054275605245 5.9300560611713005 22.256696448200607 3.1486760076688952e+01 33.982278927257695 200.0   
91 2912 0.06575495501936907 9.3162703460198 22.256696448200607 3.1600690439394644e+01 35.235469096361285 200.0   
92 2944 0.05870650663393993 12.379993272677423 22.256696448200607 3.0993562070339500e+01 34.882388851814504 200.0   
93 2976 0.0517897683790451 13.880880381493846 22.256696448200607 3.0568040441596736e+01 35.5908695534432 200.0   
94 3008 0.04885460202143266 15.298519939897654 22.256696448200607 2.9584631931707239e+01 34.135808249421366 200.0   
95 3040 0.04074061051191137 13.965643008665632 22.256696448200607 2.7147973984922089e+01 34.35934905092995 200.0   
96 3072 0.038713158800182355 13.597522191101408 22.256696448200607 2.9445551329860422e+01 36.717646491029605 200.0   
97 3104 0.03644309596518533 11.474634856194136 22.256696448200607 3.0558013406764381e+01 34.23917718074268 200.0   
98 3136 0.03955988576726353 10.468897259083894 22.256696448200607 3.1142731100887673e+01 34.041775822517785 200.0   
99 3168 0.04391197417358171 12.841070506856267 22.256696448200607 2.9184827515909010e+01 34.79715278485209 200.0   
100 3200 0.054785259513099156 17.657465556550036 22.256696448200607 2.9684854012609666e+01 33.855846182494204 200.0   
101 3232 0.05508296143750205 24.127520376387796 22.256696448200607 3.0565062262495438e+01 33.98713987651497 200.0   
102 3264 0.05143236020534983 19.927703939715514 22.256696448200607 3.0963694419247062e+01 34.709096321923425 200.0   
103 3296 0.0520534295397805 16.40604952522213 22.256696448200607 3.1905688403171837e+01 33.71383524976394 200.0   
104 3328 0.051560759051017126 13.809506228676483 22.256696448200607 2.8010634672626061e+01 33.64338505991794 200.0   
105 3360 0.047453566618840475 13.139342642157823 22.256696448200607 2.8782500700417849e+01 32.409403553151364 200.0   
106 3392 0.037477971139229266 13.51986185418465 22.256696448200607 3.1610126661643292e+01 32.38869700757217 200.0   
107 3424 0.0443508358207735 12.101487977369015 22.256696448200607 2.9929225368628330e+01 32.34314852746257 200.0   
108 3456 0.051676615108477014 8.226136975525709 22.256696448200607 2.5767878845593088e+01 32.19987612943773 200.0   
109 3488 0.04876326793862677 8.987310771783966 22.256696448200607 3.1202394333261978e+01 32.36741501182195 200.0   
110 3520 0.04629665482095515 7.3012236783503015 22.256696448200607 3.0293426419343341e+01 32.38834671781664 200.0   
111 3552 0.043218912630988024 7.1427753181185105 22.256696448200607 3.0873758233769756e+01 32.27068844546345 200.0   
112 3584 0.04380089044720116 9.177016875664613 22.256696448200607 2.9509034473943011e+01 32.17057068383812 200.0   
113 3616 0.04058290060371257 9.236500694897677 22.256696448200607 3.0224680160444311e+01 32.302422404709766 200.0   
114 3648 0.03712007713694998 8.659059096789226 22.256696448200607 2.9606609248905670e+01 31.73076661169217 200.0   
115 3680 0.031151953306053054 9.57948245567947 22.256696448200607 2.6732329342494360e+01 31.441616166134075 200.0   
116 3712 0.03242524698252173 14.314042507437794 22.256696448200607 2.6724763446367746e+01 31.365343862865792 200.0   
117 3744 0.0324697276153916 19.444271291450853 22.256696448200607 2.8454404268804197e+01 31.45427724935359 200.0   
118 3776 0.029861642143318805 19.90852033194061 22.256696448200607 2.8118784887388621e+01 31.22478447683654 32.34452059086266   
119 3808 0.02961212473520519 20.875664799291965 22.256696448200607 2.6486576619161418e+01 30.901857194659932 200.0   
120 3840 0.028744950438085934 21.605573469682955 22.256696448200607 2.7190213469937618e+01 31.19714359561962 200.0   
121 3872 0.02365733420033788 19.47276682600049 22.256696448200607 2.7604313044054123e+01 30.828177982641318 200.0   
