% # columns="iteration, evaluation, min max(neg(.)) min(pos(.)) max correlation, correlation matrix principal axes lengths  (sorted square roots of eigenvalues of correlation matrix)", seed=1, Thu Feb 19 22:36:12 2026
1 32 -0.18465585114401217 -0.1532777847470477 0.07678997856823461 0.12210116660969758 0.8958330908216423 0.9727519690609572 1.118586912169534
2 64 -0.10582429182337058 -0.07920852944285271 0.09537272636075216 0.12695071591476925 0.9134616561759127 1.0003141107799465 1.0793328877000294
3 96 -0.2576162019020233 -0.2137146156532187 0.01856048109687438 0.05208392709810083 0.8605428910039038 0.9852075113413501 1.1352674100577484
4 128 -0.3407275902846708 -0.2970680487610461 -0.0672476603099496 -0.034300405683208815 0.7788751206175086 1.01337804858167 1.1689390391016408
5 160 -0.3979546032603051 -0.36089772171029233 -0.14158134475692358 -0.10553276732248001 0.6916541824502896 1.0459693013539013 1.1948065586212075
6 192 -0.44849018861089024 -0.4008516697591211 -0.2247552604057243 -0.2136949761396945 0.6112921902302425 1.0839036183220823 1.2047716814200984
7 224 -0.41461159220777716 -0.3849319399316538 -0.20005195309342283 -0.16810494309013585 0.6345851303607032 1.0755201029040526 1.2002325693690972
8 256 -0.42070254185800066 -0.41755425470115515 -0.1623644018477277 -0.08044940472009748 0.6101522715897094 1.0394281189861636 1.243906504096993
9 288 -0.42999502621779767 -0.3975677973222057 0.019153344490261293 0.12563316286549167 0.72721402730157 0.9396468791932117 1.2602473967115702
10 320 -0.3187991439335248 -0.305355681402531 -0.20763523265944311 -0.1885052122760743 0.6939036912210136 1.0877734997539286 1.1555286584689026
11 352 -0.3149819180055897 -0.28079152645347766 -0.16448631173716732 -0.1599082983838426 0.7457594906688927 1.062128043591472 1.1470513506786981
12 384 -0.32222681346059134 -0.2844154879885606 -0.04665719840193653 -0.005215760678425916 0.7956393582055927 1.0021570948657894 1.1673213648710254
13 416 -0.07182353827373701 -0.06827189757613847 0.23971985697735035 0.3388321344642481 0.8129323826760668 0.9885122892725734 1.1670408712438949
14 448 0.08290607519309975 0.09905879637541298 0.4010688695708121 0.48558617278696525 0.7140760110637829 0.9771036911293824 1.2390979893473204
15 480 -0.020999561211358028 0.020367925667178672 0.3696384980462377 0.44469453529405406 0.725199405939725 1.006143915767522 1.2090327714287434
16 512 -0.27974047958605275 -0.24788012102067844 0.3005475301389309 0.4514963886267597 0.7257385713203752 0.9306609275532146 1.2677435718723447
17 544 -0.6524742154396999 -0.6112110170965065 0.3097630389697998 0.5754911926487085 0.5757005654722956 0.7227307779603335 1.4650013930040238
18 576 -0.42043288880006274 -0.40678334332041066 0.1897686716859561 0.374969797875093 0.7610036785616293 0.803872645666335 1.3321644683615743
19 608 -0.31719897486851933 -0.3024079058809317 0.1949234982292873 0.34590956394510597 0.8000863203997153 0.8627609751885156 1.2710253261052693
20 640 -0.13890237660744353 -0.12675776275070816 0.20233867979962697 0.29989288012633664 0.8340175400227895 0.9661143384115193 1.17091324531325
21 672 -0.2242354726525282 -0.1984560139753151 0.1628770739661553 0.257541977936099 0.8441483852066921 0.9383028425709194 1.1861708474651815
22 704 -0.2866449687595821 -0.25262758551416686 0.06750759926567239 0.14020194428020352 0.8444540539943344 0.9449468710572659 1.1806662363138938
23 736 -0.24059226749787102 -0.16935925690821596 0.2319352995638624 0.2944671411315668 0.7728552748416072 1.0214820784521181 1.16587696072555
24 768 -0.12218481339602094 -0.08244197257954763 0.12297922701971815 0.1517101194030001 0.8867201788755624 1.0177814451435154 1.0852871759568836
25 800 -0.40991311245808876 -0.3379513840630964 0.20801694994509048 0.31804466621949373 0.7319529450343838 0.9392602539471716 1.2577897525463415
26 832 -0.07353411672557125 -0.04738842237444269 0.39200472997824415 0.5123234197446779 0.6907956126318346 1.0043426206508421 1.2304866199649658
27 864 -0.02698898424562752 0.03640462221756531 0.34495568703656815 0.38441243551304294 0.7359577270514701 1.011727372516696 1.1978204989453534
28 896 -0.030772548283235245 -0.010340209103194678 0.3159849367591795 0.40432764619993034 0.7665308201973702 1.0037900679090253 1.1852577783987508
29 928 0.08789490870477489 0.10446770968821961 0.23024328479730008 0.25559567551688217 0.856700586994005 0.9611981331195236 1.1585172649260216
30 960 0.005031498085391795 0.030594332273091863 0.13636156272965674 0.14605447202747832 0.906176581058431 0.9975966809795794 1.087954441160006
31 992 0.11855692133561857 0.12738908492570863 0.26321286723352433 0.2996552977460395 0.8353148208531532 0.9529936034002566 1.1806999373004388
32 1024 -0.18066990257715188 -0.15115743625903486 0.266504219327931 0.37621230487213586 0.777360951846752 0.9754818744569768 1.201725868553147
33 1056 -0.25686305233205686 -0.253111537273685 0.13126525821505028 0.2556393416529235 0.8595725122060328 0.8707285633243602 1.2259554907381038
34 1088 -0.23233461582245496 -0.19202005909029374 0.1207823214666777 0.18473522492017364 0.8574402749763894 0.964871346135473 1.1549110183278768
35 1120 -0.14463805975766067 -0.09439018649384856 0.4332619032631603 0.5588980599183511 0.6378503086089344 1.0134782367118833 1.2514027519223612
36 1152 -0.2593738884290316 -0.18325196058122328 0.44878248661382486 0.5833387078310326 0.5864715884393427 1.0165731445776929 1.2738249949176126
37 1184 -0.14771712455321023 -0.10837433095388165 0.5724866638160353 0.7600975351400123 0.47309655102137793 1.0018060126391048 1.3313768686783674
38 1216 -0.06482924981815968 -0.02869592927434755 0.6244769137655668 0.8060678742350593 0.4256466378021008 1.0062895862802417 1.343951713519391
39 1248 -0.14314635452060523 -0.13804317719763046 0.614234473789286 0.8598905134619501 0.37398040333065175 0.9802728016535766 1.3781160663249272
40 1280 -0.018456115757798916 -0.0015690699578590189 0.6574257075806594 0.8602035876268923 0.37033980221922724 1.0010488510662352 1.3640929692184454
41 1312 0.11255362988993953 0.14038778409592984 0.7212576627837685 0.8870468014737244 0.32521818503727395 0.973246657005462 1.3953580460758999
42 1344 0.2681021472150512 0.2939748939531392 0.7868711723915791 0.9252971851329711 0.2611228384663852 0.9065097983321064 1.452602784232201
43 1376 0.22460341816907572 0.277055211041482 0.7593379187800348 0.8676470284871461 0.3223045272967214 0.9076355258677054 1.439554633859685
44 1408 0.19453638002445267 0.25407796094907553 0.7542349546566844 0.8614123716345978 0.3201392588761823 0.9199409305619693 1.4322079245706563
45 1440 0.01043208391274655 0.052755801124820506 0.6988924578540382 0.8719476262183701 0.3342614511715443 0.9979354666911169 1.375643153794136
46 1472 -0.1330375180469213 -0.09244631884644978 0.6144142087347151 0.8094431853946319 0.4177618416794271 1.0046770392021387 1.3476272075528297
47 1504 -0.39863895684639694 -0.3362874813213175 0.5278060896550241 0.7534858044553919 0.44961446195404997 0.9369430552115241 1.385635069884082
48 1536 -0.32981286831831047 -0.2219231099197156 0.5634776418080504 0.7173881339853774 0.4102863072906764 1.037631996839166 1.3247584629604545
49 1568 -0.24450299281486546 -0.11921971517631791 0.5600921798785393 0.6612462005916108 0.42979761719933796 1.0741964392612091 1.2889437606537806
50 1600 -0.39487659693935734 -0.2829748952067275 0.5630029487652294 0.7330938616899184 0.3801767670455654 1.0217519202868979 1.3459155393964433
51 1632 -0.44376487232968104 -0.3187616572447884 0.6059602332702883 0.7891976483570877 0.26419047520696537 1.0237237248827724 1.3719304384414175
52 1664 -0.3954424185773734 -0.2348430302459575 0.5915944928262463 0.7064742788522318 0.2646340975077108 1.0975112663178372 1.3135592163057195
53 1696 -0.36843854782411783 -0.2100284628540507 0.5653128664975331 0.6653498913113272 0.3295141481354734 1.1026944261225358 1.2944054344666684
54 1728 -0.04669088575735164 0.04032899909957813 0.6832725289602275 0.8105671540568475 0.34515188846299855 1.0151124522915904 1.3603002915139655
55 1760 0.061980933903392495 0.15425032335572308 0.7263920785006357 0.8248366074299427 0.30610733631967135 0.9742632087352895 1.3989672972432534
56 1792 0.0681643337996177 0.1871391849638506 0.6952092235359199 0.7455910518957101 0.3296117786824599 0.9670152718457354 1.3986556185748165
57 1824 0.160004782066759 0.25521800254107496 0.7420856266892041 0.8091616142642645 0.30911513879784164 0.9234524617835776 1.4323698481159963
58 1856 0.1445257413520289 0.23107331014257948 0.7619167123606779 0.8523169443094935 0.27191933357758824 0.9357941481185013 1.4319040430049381
59 1888 0.3843141979405382 0.4684304756732705 0.8004536143259501 0.827011716144111 0.27355505531315655 0.7876759823394259 1.5181350989151905
60 1920 0.3211219940153397 0.3838212090535098 0.7783031200648869 0.8470978753638425 0.32501812611545244 0.8408319831238461 1.4789742370482388
61 1952 0.18929792145649676 0.22390243180676622 0.749813546586612 0.8905127411629579 0.3129072264361964 0.9381629521044813 1.421949135146055
62 1984 0.27792164534977976 0.3148866918839117 0.7794347035300427 0.8973189942112878 0.2976033450315669 0.8898755377740177 1.4558687359433975
63 2016 0.21092287001094942 0.2573691972541789 0.6283973533105756 0.7056270780861449 0.5156442142915612 0.9074013329712344 1.382292973717824
64 2048 0.19543437438289382 0.22218464914474967 0.5813938226252526 0.6743799390235645 0.5621059991963668 0.9267033145118618 1.3510210259430402
65 2080 0.029495712598840026 0.06079717625870569 0.47781608114637575 0.5855209191157335 0.6333019269755376 0.9927018290944843 1.270225077614804
66 2112 0.07750582654085807 0.0821540640689509 0.10778426355097223 0.11167942585021984 0.9406269788539952 0.9614328114263265 1.0912689108395217
67 2144 -0.04472732405283105 -0.03297222921591366 0.16833958233040164 0.22368842467558936 0.878312368337292 1.000440742813327 1.1080097940654028
68 2176 0.007257746996944028 0.023863434137556438 0.23335581613998008 0.2865809230001755 0.8401041168894114 0.9982489906222164 1.1391769070285738
69 2208 0.035232459723326275 0.05843574897710848 0.31162325562183013 0.37281580191628844 0.7845040603997703 0.9891712811621506 1.1857881580367986
70 2240 0.08425932420178162 0.10597523253819588 0.5631869513916015 0.6938749493396558 0.5482195135345456 0.9804323434695804 1.3184110834101377
71 2272 0.2391135308549154 0.27383647195151706 0.6722711943480694 0.7703598273836518 0.46376791685828506 0.9037411714586947 1.4029152555672757
72 2304 0.24240241528069148 0.27553951597284443 0.6550747691176902 0.7484494194738192 0.4875868854730779 0.9011903512516525 1.3964651731874969
73 2336 0.31639753996914766 0.3640255450432168 0.6621345719710562 0.7138762425396002 0.501039875586942 0.840632342916675 1.4290893278988002
74 2368 -0.05642566278771933 0.03589423368910404 0.6569918868246822 0.7717045413930516 0.3827161130341881 1.0194113961943827 1.3469702231797929
75 2400 -0.2926606925839193 -0.15864410445433347 0.5662114821186996 0.6738134228467915 0.3947408582568828 1.0808497640158188 1.2945823428618082
76 2432 -0.21613848254621762 -0.0910135542314483 0.5084467620136268 0.5831419391138826 0.4995655209435458 1.0781718180072997 1.2601507136605679
77 2464 -0.16518235006912818 -0.003363797368889726 0.4990029835317678 0.5046400244650818 0.4633516553807549 1.0793461988419342 1.2729167398150527
78 2496 0.1848638316190621 0.2966160493385842 0.6407054665314044 0.643649721209489 0.43094861209158347 0.9028679719621457 1.4138998263460174
79 2528 -0.0391365137578885 0.09695792254286935 0.6197126611607395 0.6578698043992718 0.3890056105557421 1.0187275668128895 1.345685245357043
80 2560 -0.1411088130598769 0.010406912073848876 0.5721150757215671 0.6078354051370807 0.40353824558861245 1.0657636569615412 1.3043407192322207
81 2592 -0.16176168691072132 -0.0257954031492916 0.45635091824736507 0.4811000749514876 0.5485689560846204 1.0756023058884787 1.241834038826291
82 2624 0.2021301594459541 0.2716196736985267 0.5509010575941587 0.5745053379734636 0.5856318211251001 0.8953297429486133 1.36213803319534
83 2656 0.30169403015280505 0.35534813694060696 0.6036616359589806 0.6327786955106366 0.5603170884066114 0.8406052393284813 1.4069213169374626
84 2688 0.5081103493191004 0.509139794807267 0.7165850239206724 0.7847039881369742 0.46397984687914406 0.7557109248879307 1.4878251576361496
85 2720 0.4462849782096595 0.467934826586515 0.7389583944017704 0.8076497352966667 0.43026860285848567 0.7804134066162548 1.4852016173462173
86 2752 0.1415329592669762 0.16264240214931908 0.6677806711829151 0.8150506513117709 0.42469888325684746 0.9636456398471522 1.3751428796179546
87 2784 -0.06363219993254252 -0.032887944940140336 0.6798660346286498 0.886706439492511 0.32379957739262966 1.0042096290683569 1.373578121027977
88 2816 0.010514007225985294 0.053938036903049574 0.7215881570890471 0.900714167473982 0.28749333285926404 0.9979341437444663 1.386172798864006
89 2848 -0.2948527434360702 -0.2591547826010439 0.6584797702040552 0.9286599936373953 0.2446279672501242 0.9558806471423 1.4235341042833816
90 2880 -0.34851317739107823 -0.3206242838845032 0.6677654951583099 0.9693398613326726 0.1538020125757548 0.9240707407269885 1.4568590209968577
91 2912 -0.16875895152017684 -0.15107204911387925 0.7136343838012554 0.9841829590333361 0.11503738339847608 0.9836796696363588 1.4209647103165284
92 2944 -0.28117973017103237 -0.26593242075699824 0.6855250014548775 0.9874301661114687 0.10276702355516554 0.9422441054756503 1.4496947901423953
93 2976 -0.4446949916548101 -0.4260774012921744 0.6482961436280591 0.9878030682388346 0.09396393133430744 0.8591366601393687 1.501017980842592
94 3008 -0.40072328933230383 -0.3707549598484201 0.6656177718942927 0.9811070196579799 0.10319185054788227 0.9003515191912774 1.4760482999788531
95 3040 -0.5777999854021811 -0.5518565008484873 0.6170669008851616 0.9807645502426839 0.10781632815339445 0.7788540948124731 1.5432958039136127
96 3072 -0.45419481781447824 -0.41126277047533905 0.654274697763868 0.9665218065044646 0.12659123368007044 0.888297178541232 1.4815204292047561
97 3104 -0.5708826540821104 -0.5465444643996429 0.6118821305574161 0.9736861391939683 0.13984681099484003 0.7801301047996995 1.54007788408242
98 3136 -0.5514908881647863 -0.5399253426739936 0.6128587740266147 0.9855546007693582 0.11369018482252949 0.7740295974339756 1.5453002051935465
99 3168 -0.7159597121985181 -0.7067236406061312 0.5740768582436442 0.9917742862678491 0.0828783401893671 0.6270101078230955 1.6124482954238022
100 3200 -0.637955067963179 -0.6313277534360766 0.5940076837448452 0.9958255149447168 0.05994461094808043 0.6959515586419919 1.5849473403372318
101 3232 -0.5546482740390857 -0.5519545610420095 0.6100770528435293 0.9947272111416325 0.0720336539525311 0.7583424945108828 1.5555474321656857
102 3264 -0.29632280293928087 -0.28932258027412144 0.6769122099165245 0.991990250648247 0.08706284456940536 0.9271872481042478 1.460391683093394
103 3296 -0.443884157532618 -0.4337870510257923 0.640270012204582 0.9881919267745476 0.10391437516413142 0.8475896525003881 1.5069152542888795
104 3328 -0.5418875884902726 -0.5394880142957048 0.6078622914392571 0.9879128191563432 0.10964030737679771 0.7667928942549289 1.549195810838149
105 3360 -0.509359317924003 -0.506821515343187 0.6165819056921021 0.9885119101230491 0.10685335016143328 0.7915981149684477 1.536865246512419
106 3392 -0.34946200358189194 -0.3343065073854607 0.6657689696977613 0.983971965862404 0.11809408498800361 0.9090097191479093 1.469610532619267
107 3424 -0.320391019184392 -0.292033870905386 0.6702950704702552 0.9627142359831296 0.1735553746118715 0.9377076189100274 1.4458848340657773
108 3456 -0.17870705498180345 -0.1376590682165787 0.7166060523389429 0.9603131057588921 0.1603535276989383 0.9973863447411649 1.4069496172494464
109 3488 -0.2713952112615972 -0.22568160387875016 0.6857727870605671 0.9438773099908258 0.19520728267137763 0.9763428954183356 1.417268029470148
110 3520 -0.34685874623491303 -0.2945115529928738 0.6647376426107124 0.9321401812365353 0.20821580808431267 0.9545278955482328 1.4302177015699598
111 3552 -0.41154249047326663 -0.333057464714782 0.654633886656939 0.9053793113556947 0.19830853291421327 0.9626897082391874 1.4261494491895865
112 3584 -0.3143308970336887 -0.24262191054335747 0.6824704902540389 0.9191256373628398 0.19169193460140851 0.9915501287845077 1.4071540584869149
113 3616 -0.25047522203038275 -0.17552894856157814 0.6816937602601211 0.8924883897318829 0.24327437844419042 1.0127209528128773 1.3839125147661504
114 3648 -0.3519785912016065 -0.2647320619718383 0.6559313819886222 0.8755726674123407 0.23950112378069108 0.9989638569550703 1.3945287462814222
115 3680 -0.5907555894588373 -0.4889547554326499 0.5997104999666637 0.8607980844069142 0.1886520553076185 0.9107406074687255 1.4611508984138868
116 3712 -0.5899886886276398 -0.430382565019612 0.5647614652548728 0.7368700184050065 0.17903668727150082 1.0233558098187805 1.3858891554236923
117 3744 -0.5800546902439292 -0.421367461606493 0.5618706371281992 0.7309294414023271 0.199461863408838 1.0262820541912836 1.3809272646632742
118 3776 -0.6356399216895678 -0.46738034342693663 0.523969513611619 0.6861598876951731 0.21407783479830164 1.0184738279259813 1.384514984562417
119 3808 -0.6746569753957063 -0.504002694736194 0.5064962327347429 0.672674927898876 0.20809390563219082 1.0039721673355144 1.395971637840243
120 3840 -0.6057164625825583 -0.4361342751404905 0.5125706167741713 0.6592233933036574 0.2604343200980926 1.035543076548383 1.3637538273191956
121 3872 -0.557784765288686 -0.34716480145914286 0.4562485788639779 0.5134330751421416 0.2942667883088383 1.1328467259382604 1.2767401273671026
