% # columns="iteration, evaluation, sigma, void, void,  stds==sigma*sqrt(diag(C))", seed=1, Thu Feb 19 22:36:12 2026, <python>{}</python>
1 32 0.15839414415717723 0 0 0.17779770636655287 0.13157897188041726 0.12402399303099972
2 64 0.1447368546695863 0 0 0.13229753542409264 0.11877779052912898 0.103969055078055
3 96 0.152242504221283 0 0 0.10465435642029221 0.14240394532531717 0.09812842431714958
4 128 0.1417738917460452 0 0 0.09652789689850343 0.13665585042959555 0.08377217682114067
5 160 0.16006060929198224 0 0 0.12133713125307961 0.14810274141211371 0.08364070406838811
6 192 0.1934189810568485 0 0 0.19263646717304575 0.16774688256127804 0.10249899334693693
7 224 0.1962473347598435 0 0 0.20508667007404868 0.15584287931920895 0.08714873694525843
8 256 0.17617627385682047 0 0 0.15996066347131813 0.13844810714572475 0.07780108112525726
9 288 0.1772268058622513 0 0 0.14017924835283857 0.12491254899397168 0.06303265622932104
10 320 0.1931124598556779 0 0 0.13622462010651315 0.11283140804196144 0.07020613267256601
11 352 0.15334763192667042 0 0 0.08474309216767553 0.07484025287656036 0.05155773334718712
12 384 0.14618711883037444 0 0 0.06971700863030679 0.0541909303922432 0.05601786761930167
13 416 0.1671516405737494 0 0 0.07170543301083043 0.05765482098217011 0.05426070399974184
14 448 0.18077975469466673 0 0 0.06792261247926329 0.0579749409640257 0.05726799615998537
15 480 0.1726315125683122 0 0 0.07079465022848593 0.04484397574749822 0.04761953019275245
16 512 0.20079758410041681 0 0 0.10847247703154285 0.048006355605900025 0.059157172684776556
17 544 0.2530588810230018 0 0 0.16418234925558733 0.05980568441756574 0.1035933206019676
18 576 0.24532736087145895 0 0 0.15902416863292396 0.053285726279122064 0.08101894396296093
19 608 0.24350840164418386 0 0 0.14183241357880233 0.047168051459580265 0.07593383953543717
20 640 0.21046286650438698 0 0 0.12038861506567763 0.03282604586460762 0.05055390537981946
21 672 0.19990179413910644 0 0 0.09826740505621413 0.029930489739238127 0.042287090833417626
22 704 0.1700540915666828 0 0 0.07101951520222331 0.024300119760579674 0.02986047599324101
23 736 0.14711134448776625 0 0 0.05257794854090439 0.01695982664118351 0.02219427640585123
24 768 0.18103415067060447 0 0 0.06110785237354084 0.023298719613962033 0.025648837463172064
25 800 0.20852927823491635 0 0 0.06317341684922388 0.024976475513795792 0.03448554843550031
26 832 0.24905967383021532 0 0 0.06983874752635685 0.03655345156869311 0.03731607842126292
27 864 0.3271356676271478 0 0 0.08586588857054683 0.05179988871631581 0.044840802391189434
28 896 0.34642667304521607 0 0 0.10183188179371573 0.049042994853762706 0.04363179057042373
29 928 0.33301842857340674 0 0 0.09442142123706002 0.044728829918958296 0.03446984989081336
30 960 0.28864956566335925 0 0 0.06476641873360782 0.03455530989240141 0.02701218614255205
31 992 0.2767034366838514 0 0 0.05563362862283961 0.03315921795649584 0.024610996413980044
32 1024 0.3135189880540437 0 0 0.05789622137188924 0.041442505792788895 0.0327716052214573
33 1056 0.26742706268341193 0 0 0.04344341543628669 0.03606111979673196 0.026963129378166396
34 1088 0.24675721328260128 0 0 0.03530601527873358 0.026933576924223233 0.02433605197883821
35 1120 0.2824587486521196 0 0 0.04503658288920048 0.02697261598555453 0.03359201548313225
36 1152 0.2920441456088709 0 0 0.04693153108685451 0.03381509514605345 0.0383296066905324
37 1184 0.38199310370506423 0 0 0.07565662518307238 0.04390149408585043 0.06800430642534255
38 1216 0.3541287177682253 0 0 0.06485091407287727 0.040122363628607605 0.05799650201341481
39 1248 0.3310042529950717 0 0 0.06142377128393271 0.03409440188245333 0.05948363325847517
40 1280 0.3219685340833304 0 0 0.052538972281108 0.03346781426313931 0.049911044558107874
41 1312 0.28468559438747365 0 0 0.04778091788747332 0.031555624312297484 0.04914414884996599
42 1344 0.3136415916868769 0 0 0.05258909710828791 0.03944229723114232 0.05265631916813508
43 1376 0.2885553580830826 0 0 0.041589151126612635 0.034084416003318865 0.04277378540934572
44 1408 0.28030271058922424 0 0 0.03692306526047592 0.033329034371241954 0.04131158851056943
45 1440 0.24963929513659347 0 0 0.02734662502798718 0.029886357331466232 0.03379134742310111
46 1472 0.25600744862512165 0 0 0.02713771688500972 0.02909326270639758 0.031222491178079154
47 1504 0.21867973549698902 0 0 0.021986319363756317 0.02421949905933668 0.02476966262946828
48 1536 0.1966391159243131 0 0 0.020054769112362602 0.02072736349170908 0.021787668654376015
49 1568 0.19168148480956357 0 0 0.01933314624363945 0.017898739334344372 0.019544761092063108
50 1600 0.20550497785261093 0 0 0.019742034658357076 0.018762994434629955 0.02064012262486714
51 1632 0.16421347839823883 0 0 0.017154677348675842 0.01479936965483371 0.017381152183956163
52 1664 0.17907365937214703 0 0 0.01611011349352426 0.018111742007788607 0.016367488162302588
53 1696 0.1769838815098953 0 0 0.014077548550784354 0.01899323952751785 0.013963778135170175
54 1728 0.14588168750500835 0 0 0.011334884419109445 0.01731386455712071 0.012085044981872758
55 1760 0.12732669505187286 0 0 0.009760711062053092 0.015102584969281907 0.011354590305462733
56 1792 0.13276670964577214 0 0 0.009586998572671623 0.014749646350624724 0.010022738994222723
57 1824 0.12399778865715984 0 0 0.009406481960117624 0.014063592518098422 0.010271866820173762
58 1856 0.10403456164340143 0 0 0.008530205858219043 0.009649438510384942 0.008199912324446917
59 1888 0.11051816676793504 0 0 0.008010044250037877 0.01222180043207332 0.009428089656215414
60 1920 0.11179784122113948 0 0 0.007879002585794227 0.00999328325227639 0.009220712683195914
61 1952 0.1002299600678549 0 0 0.008428234503471663 0.006598893047786956 0.00909076100680701
62 1984 0.0967496865919735 0 0 0.0076680401900237815 0.005434030103165573 0.008967537232236164
63 2016 0.11396882254463762 0 0 0.007095923588040147 0.005493618139512819 0.008097052088504138
64 2048 0.11409178063509871 0 0 0.006104768241462078 0.005028080018404149 0.007609274475066585
65 2080 0.11208451326799623 0 0 0.005929456801445215 0.003926919655389861 0.006901451768730814
66 2112 0.12390978624196568 0 0 0.0065861850780537775 0.0036677691472603515 0.0067970745852852735
67 2144 0.11368784127080035 0 0 0.005709127003988366 0.002780008117045447 0.00650654455505383
68 2176 0.12304843698792224 0 0 0.006347788812716575 0.002731117606628359 0.0077616445153956175
69 2208 0.112990373519448 0 0 0.005076141575102574 0.0025841166504970603 0.006467972485208452
70 2240 0.12912006043163443 0 0 0.00705470017502771 0.0027471630897512827 0.00864066471261215
71 2272 0.12952923970449232 0 0 0.007206049849096792 0.002733596235606739 0.008372421719867658
72 2304 0.11259187984072812 0 0 0.004805638823388484 0.002504643981598633 0.005796954683705567
73 2336 0.09623379102010415 0 0 0.0032785160748484165 0.0016912530338440176 0.004167428134690712
74 2368 0.10820833645689219 0 0 0.004350662357987798 0.0016450131400367481 0.004698833384241247
75 2400 0.10549326691876426 0 0 0.0039563878277893505 0.00198533571886855 0.003726581137725043
76 2432 0.10128003400406985 0 0 0.003366618433505098 0.0020119313390243934 0.0029861232206110904
77 2464 0.092315995707053 0 0 0.0027898159539562644 0.001971178018785761 0.0024954393803247425
78 2496 0.09819156688178356 0 0 0.0027634085022685377 0.0022624878358341437 0.002490057737041031
79 2528 0.0838679123335102 0 0 0.002084847647541882 0.0016878173603973767 0.0018091001891770656
80 2560 0.06918462903326367 0 0 0.0014619285009773676 0.0014759479086355798 0.0011814350816667066
81 2592 0.07279925791060275 0 0 0.0016700810038105265 0.0014449686213486408 0.0011682846618018099
82 2624 0.058187071153734934 0 0 0.001360548567552281 0.000974077611983957 0.0008549084965282557
83 2656 0.053114602723730274 0 0 0.0011012582864753707 0.0007857048037569303 0.0008089460708151346
84 2688 0.05789037670830364 0 0 0.0012974891127466388 0.0009068446268123929 0.0009969312878112444
85 2720 0.061476687295642825 0 0 0.0014719747563203683 0.00098218089263964 0.0010315660647021686
86 2752 0.06416028921735996 0 0 0.0012976964297418037 0.0011086554781518842 0.0010348316726830988
87 2784 0.056713799781302913 0 0 0.0010477084571744253 0.001004743324430799 0.0008392625109780019
88 2816 0.05602222712258125 0 0 0.0009284358755639868 0.0010602114006656724 0.0008536183836504412
89 2848 0.04837510851641772 0 0 0.0007595832549039047 0.0008755684549806138 0.0007089874964010356
90 2880 0.06088054275605245 0 0 0.0009410695645463451 0.0014879268964533903 0.0013444545170540488
91 2912 0.06575495501936907 0 0 0.0007742626148714578 0.0018073556896374015 0.001637023928997147
92 2944 0.05870650663393993 0 0 0.0006250497126281712 0.0015246407410062742 0.001389345735464954
93 2976 0.0517897683790451 0 0 0.0005295695671583644 0.001316746665990655 0.0012200538736621695
94 3008 0.04885460202143266 0 0 0.0005105951678858623 0.0009738552893574162 0.0008871887542964303
95 3040 0.04074061051191137 0 0 0.0004236018996453796 0.0007496479301414572 0.0006640224983877629
96 3072 0.038713158800182355 0 0 0.0003238030375636618 0.0005813504622694924 0.0005273660209654775
97 3104 0.03644309596518533 0 0 0.0002646385424669213 0.0005512552171587844 0.00046938005577641873
98 3136 0.03955988576726353 0 0 0.00026264627440812074 0.0006698096738324654 0.0005481346458749067
99 3168 0.04391197417358171 0 0 0.00027253335173399955 0.0008704039785813565 0.0007291128062965947
100 3200 0.054785259513099156 0 0 0.0002813069230581035 0.0013253998856049116 0.001142473777296037
101 3232 0.05508296143750205 0 0 0.00031819492313299143 0.0011125376645796158 0.0009814472552106322
102 3264 0.05143236020534983 0 0 0.0002915126403055605 0.0008043377441396037 0.0007154338383461754
103 3296 0.0520534295397805 0 0 0.00029587947236589475 0.0006333660001675521 0.0005862304345614386
104 3328 0.051560759051017126 0 0 0.00029297412144081947 0.0006210139109953585 0.0005787981077509691
105 3360 0.047453566618840475 0 0 0.0002538581369750935 0.00045655866812305485 0.0004368368148044253
106 3392 0.037477971139229266 0 0 0.00017464794334053348 0.00028460679336783775 0.00027671883567608694
107 3424 0.0443508358207735 0 0 0.00017535128678323528 0.0002925374749927958 0.0002714980943308327
108 3456 0.051676615108477014 0 0 0.00021351848180266176 0.00033454476470209243 0.00027597891645082687
109 3488 0.04876326793862677 0 0 0.00017984935805614527 0.00022365918923152544 0.0001978021698862099
110 3520 0.04629665482095515 0 0 0.00019438050024199322 0.00016476676810683638 0.00014768927209505208
111 3552 0.043218912630988024 0 0 0.00020364688701572496 0.00011875359429838541 0.00011176305066013947
112 3584 0.04380089044720116 0 0 0.00018158474852680062 0.00010299729315127211 0.0001048468770154195
113 3616 0.04058290060371257 0 0 0.0001639107902755168 7.451537090075771e-05 7.977404712723918e-05
114 3648 0.03712007713694998 0 0 0.00012976156770727127 5.182833408866924e-05 6.0541624633615185e-05
115 3680 0.031151953306053054 0 0 0.0001226828032223136 3.8991608817115435e-05 5.0453596619494666e-05
116 3712 0.03242524698252173 0 0 0.0001619187599303657 3.619107585768217e-05 4.9367306933560406e-05
117 3744 0.0324697276153916 0 0 0.00015695249692097618 3.005331137975509e-05 4.290680919917181e-05
118 3776 0.029861642143318805 0 0 0.00013581207855999826 2.262080492002355e-05 3.153699546591363e-05
119 3808 0.02961212473520519 0 0 0.00011971874260352141 1.9150682700305174e-05 2.7750315896051552e-05
120 3840 0.028744950438085934 0 0 0.00010197591913442767 1.563146844439677e-05 1.9855611610806165e-05
121 3872 0.02365733420033788 0 0 7.419154628437068e-05 1.0155177213039599e-05 1.1604636296921959e-05
