% # columns="iter, evals, sigma, 0, fitness, xbest" seed=1, Thu Feb 19 22:36:12 2026, <python>{}</python>
1 32 0.15839414415717723 0 30.120423407416865 0.42975967142859217 0.27777392551749275 0.1937053810304583
2 64 0.1447368546695863 0 38.54235291456842 0.4150064812919377 0.34724665565158375 0.22682764605364197
3 96 0.152242504221283 0 39.098068329330694 0.3220846835135979 0.28217030787323283 0.29591005295336537
4 128 0.1417738917460452 0 30.78277438747932 0.49917643121837774 0.18163065759842933 0.19412752521681134
5 160 0.16006060929198224 0 28.623793865374466 0.4752109531574555 0.23502044054277826 0.18719319797551276
6 192 0.1934189810568485 0 33.00945860913533 0.4707368732446869 0.24563253965589024 0.18521258445779243
7 224 0.1962473347598435 0 36.1835053539469 0.43606189981343335 0.3524663737651058 0.24885447854992243
8 256 0.17617627385682047 0 36.48806614534262 0.49919356872834414 0.31964955978562126 0.25156573843933616
9 288 0.1772268058622513 0 24.605075484303406 0.4554881457573689 0.3332295717017356 0.2799092492457562
10 320 0.1931124598556779 0 31.922155804123474 0.4304479240397903 0.3061392960238536 0.1650415358472036
11 352 0.15334763192667042 0 33.683966619234056 0.4964632346159962 0.31260914353414077 0.20599618363274802
12 384 0.14618711883037444 0 33.26569200659221 0.49581235291448256 0.34478407585117926 0.10679562337667388
13 416 0.1671516405737494 0 42.98555510151862 0.4888708085032494 0.4021161492898684 0.2390408801963062
14 448 0.18077975469466673 0 34.73173271161775 0.4970123246070997 0.40894467325035744 0.25859442132537885
15 480 0.1726315125683122 0 39.671128387516674 0.49140023172768715 0.3930240598540363 0.25053224454453416
16 512 0.20079758410041681 0 34.35627033022514 0.3081665927729962 0.37214488078255925 0.1734946661789835
17 544 0.2530588810230018 0 34.63129752624815 0.33074831698032225 0.3551564814176617 0.13732398226658415
18 576 0.24532736087145895 0 33.77837883550264 0.40534703818217555 0.3445535469219286 0.22443551588263916
19 608 0.24350840164418386 0 34.16284348355607 0.47886200632004206 0.34453331989332026 0.1764070060043039
20 640 0.21046286650438698 0 37.05022628845378 0.46370537806893886 0.35498552372640363 0.21520556786438988
21 672 0.19990179413910644 0 42.0424748930451 0.48656687471108206 0.40946217246272376 0.18157814487577928
22 704 0.1700540915666828 0 34.21423957383193 0.46062273654778624 0.35496496199924304 0.2020695008229081
23 736 0.14711134448776625 0 35.88036706760143 0.49501706366654363 0.3930972090402853 0.17510499708553534
24 768 0.18103415067060447 0 30.80647867384937 0.4999126453184835 0.36208321524405634 0.219858259490939
25 800 0.20852927823491635 0 37.77589907232168 0.49993390579995584 0.3621094209506405 0.24153968231718437
26 832 0.24905967383021532 0 31.725180172148917 0.49921330063532593 0.3526530069535163 0.2453277795187575
27 864 0.3271356676271478 0 32.05847661859313 0.48687155050197106 0.31820799810811784 0.21205775259392456
28 896 0.34642667304521607 0 29.89583265583699 0.37128721862324493 0.3778049274391245 0.2138500501694041
29 928 0.33301842857340674 0 33.80612861156233 0.49956375574392736 0.3175810025584699 0.1807674148867075
30 960 0.28864956566335925 0 30.701680639115587 0.4965941969492879 0.30677668159725996 0.22358692082461487
31 992 0.2767034366838514 0 32.11514829408523 0.48761605518308815 0.35958593338444267 0.26136444632233
32 1024 0.3135189880540437 0 31.633788590963803 0.49615296050729013 0.32741598943897304 0.2711160816023549
33 1056 0.26742706268341193 0 29.03462166657962 0.48516311673777957 0.3158892593764478 0.24482998105803921
34 1088 0.24675721328260128 0 34.52043017923576 0.49999987123083356 0.37732946379954274 0.27920164538660847
35 1120 0.2824587486521196 0 31.974414532707378 0.4815178966091694 0.40182323438457374 0.3095620394388181
36 1152 0.2920441456088709 0 32.751735385161844 0.4871870665921108 0.31012807012722643 0.2649120650839766
37 1184 0.38199310370506423 0 32.8048870713999 0.4908509662749884 0.3363979945903728 0.1728200820825724
38 1216 0.3541287177682253 0 33.150634051874945 0.49654392926101293 0.30753663380060686 0.19994567181599054
39 1248 0.3310042529950717 0 32.91526047463668 0.4995043104670634 0.36459288112547755 0.22318797726091427
40 1280 0.3219685340833304 0 37.21602722089593 0.4998789993626142 0.36581986677478673 0.26291502215464096
41 1312 0.28468559438747365 0 30.772666742511564 0.49895552999309745 0.3739306467695158 0.28911173054743605
42 1344 0.3136415916868769 0 30.6036713430704 0.4936808181093583 0.3098036584853229 0.2568703635988452
43 1376 0.2885553580830826 0 29.83325937719933 0.49789820448693034 0.3169623661521397 0.18511629594038329
44 1408 0.28030271058922424 0 30.429641041195794 0.49963436437395997 0.3154596305223799 0.22930103197327065
45 1440 0.24963929513659347 0 33.99675879164009 0.4998687562474845 0.36651427964856975 0.21896436864758717
46 1472 0.25600744862512165 0 31.79678266980892 0.49973478901534313 0.3463820727446739 0.23771975293182315
47 1504 0.21867973549698902 0 32.02328649579585 0.49892402304750033 0.3644490687808396 0.2268985006847086
48 1536 0.1966391159243131 0 30.585718285193096 0.49846085442715404 0.3219401723074276 0.2367259189837337
49 1568 0.19168148480956357 0 33.19012342557558 0.497415914021029 0.3412628991747096 0.24723505470219392
50 1600 0.20550497785261093 0 33.71403241756216 0.49579598512838263 0.3354525290312226 0.2676180946773047
51 1632 0.16421347839823883 0 25.848400340625048 0.49967168155688696 0.3126101249858936 0.2174709839114449
52 1664 0.17907365937214703 0 30.92084295147754 0.496610669176693 0.3116230289657527 0.24207513996566357
53 1696 0.1769838815098953 0 33.564998918333686 0.49884995978180824 0.3059198948866051 0.23881569513844142
54 1728 0.14588168750500835 0 27.430370524785452 0.4992005611178188 0.3550822820365279 0.23638949748811955
55 1760 0.12732669505187286 0 29.277388379502757 0.4960856173142108 0.3426722310386405 0.26287341590594115
56 1792 0.13276670964577214 0 24.54446557515875 0.49440118376338743 0.32178881499682266 0.2539070546449492
57 1824 0.12399778865715984 0 31.147946704566277 0.49693856870926834 0.33618586098754644 0.2541305641503509
58 1856 0.10403456164340143 0 29.148909554285243 0.4952006245562569 0.3173564590401963 0.25502058750032996
59 1888 0.11051816676793504 0 30.09479118451033 0.4988500700581266 0.28684339815172033 0.22656764080535985
60 1920 0.11179784122113948 0 30.55052417490025 0.4991391943381161 0.3021820435364499 0.2359467012780703
61 1952 0.1002299600678549 0 23.255392494254572 0.49461000161431956 0.3100349031324928 0.26345715442652307
62 1984 0.0967496865919735 0 29.799635284048225 0.4982705007554529 0.31329694833300864 0.2431667032410034
63 2016 0.11396882254463762 0 30.554705732040375 0.49880719247029526 0.3147424664644008 0.2358335637107311
64 2048 0.11409178063509871 0 30.90825820236077 0.4986645975738895 0.3117949621672872 0.23354439155915402
65 2080 0.11208451326799623 0 29.221740430122985 0.49900824983204084 0.3117458109662652 0.23240502206188038
66 2112 0.12390978624196568 0 27.462431563677047 0.49946052843088734 0.31002391452498607 0.24254221618648478
67 2144 0.11368784127080035 0 22.256696448200607 0.49868261374178674 0.3097139721104762 0.245061293536941
68 2176 0.12304843698792224 0 32.62017070643047 0.49961916131481027 0.3096992593513618 0.22350378107533977
69 2208 0.112990373519448 0 30.42542905466224 0.499030748748129 0.31349183585722623 0.22920154870886966
70 2240 0.12912006043163443 0 31.454486658668436 0.4995710428885205 0.31077320644684686 0.2252086568514191
71 2272 0.12952923970449232 0 32.59390615649791 0.49917780197012757 0.31482355576951915 0.23204466654387704
72 2304 0.11259187984072812 0 29.23344867365315 0.49863428745256017 0.315043142734615 0.23347986143664906
73 2336 0.09623379102010415 0 32.43108443995068 0.4993115760458934 0.3109632840746686 0.22719548819678015
74 2368 0.10820833645689219 0 24.52605247934406 0.4994219097453654 0.3138612612280766 0.22804439531381965
75 2400 0.10549326691876426 0 29.642278659865504 0.4986934342678179 0.3119063744622945 0.22975636332091257
76 2432 0.10128003400406985 0 27.310667290460295 0.49918057290711854 0.31637492007631396 0.22982656077226868
77 2464 0.092315995707053 0 31.664856050784014 0.4994089843196507 0.3099283521819304 0.22554644427745915
78 2496 0.09819156688178356 0 29.241865108174245 0.4992729444490381 0.3085603471334037 0.22556570409352344
79 2528 0.0838679123335102 0 25.20437778416273 0.49924756930201164 0.3142430315358129 0.22934832240781908
80 2560 0.06918462903326367 0 31.55023821667523 0.4989585534702091 0.3133422013106376 0.22985075348305978
81 2592 0.07279925791060275 0 30.722423305568434 0.4993634634790364 0.3121764254030779 0.2286774547147107
82 2624 0.058187071153734934 0 30.59820899550799 0.499383361754597 0.3104925886538931 0.22824124787725408
83 2656 0.053114602723730274 0 31.306724831942997 0.49919247091840097 0.31088398863337996 0.22708740957735274
84 2688 0.05789037670830364 0 29.34914157793798 0.49920230426972506 0.31201116303807336 0.2290374719734099
85 2720 0.061476687295642825 0 29.833397899957845 0.4991682681196625 0.310876306612617 0.22803036828477966
86 2752 0.06416028921735996 0 30.57265943888411 0.49898551523136614 0.31057052526043466 0.22807283575810416
87 2784 0.056713799781302913 0 30.41759092686658 0.49888409057818744 0.30983545593059914 0.22789184083392974
88 2816 0.05602222712258125 0 29.906489578157043 0.49904894542783523 0.311672363688579 0.22953873231634464
89 2848 0.04837510851641772 0 29.625805344293354 0.499258434754086 0.3119550422838973 0.22884701385410303
90 2880 0.06088054275605245 0 31.486760076688952 0.4991344596254797 0.31369662809919807 0.23085113460890772
91 2912 0.06575495501936907 0 31.600690439394644 0.4990570547598874 0.31422863411180874 0.23124769088960062
92 2944 0.05870650663393993 0 30.9935620703395 0.49912477497788016 0.3123998852886194 0.2295826769845537
93 2976 0.0517897683790451 0 30.568040441596736 0.4991314838867654 0.31318972620821217 0.23034287823090388
94 3008 0.04885460202143266 0 29.58463193170724 0.499124342868168 0.3120560997327812 0.22908619113058304
95 3040 0.04074061051191137 0 27.14797398492209 0.49909975823227554 0.3125714204849313 0.22982168605312608
96 3072 0.038713158800182355 0 29.44555132986042 0.4990721596910946 0.31217778501746307 0.22951692942551283
97 3104 0.03644309596518533 0 30.55801340676438 0.4990381045791073 0.3116490360696753 0.2289052129490624
98 3136 0.03955988576726353 0 31.142731100887673 0.49907995247431136 0.3128122659494348 0.22983824893179514
99 3168 0.04391197417358171 0 29.18482751590901 0.4990822808790539 0.3124734446598613 0.22962951830428488
100 3200 0.054785259513099156 0 29.684854012609666 0.4990805192925736 0.31317851465000524 0.230404685019853
101 3232 0.05508296143750205 0 30.565062262495438 0.49914278151831337 0.3140784741346588 0.2312551649168478
102 3264 0.05143236020534983 0 30.963694419247062 0.49904691795854333 0.31308322724258447 0.23021974249052188
103 3296 0.0520534295397805 0 31.905688403171837 0.4990748281691465 0.3127613066888585 0.2300839854804918
104 3328 0.051560759051017126 0 28.01063467262606 0.4991257486201832 0.3137162168157596 0.23075904591604066
105 3360 0.047453566618840475 0 28.78250070041785 0.49912632851233485 0.31385098649408244 0.23103006485486763
106 3392 0.037477971139229266 0 31.610126661643292 0.49910960429852125 0.31326868133516644 0.23051183853779675
107 3424 0.0443508358207735 0 29.92922536862833 0.4990958888758659 0.3137085685974193 0.23080289757714365
108 3456 0.051676615108477014 0 25.76787884559309 0.49912847022674656 0.3138130970162819 0.23096979787646346
109 3488 0.04876326793862677 0 31.202394333261978 0.49908589380993545 0.3136479515072402 0.2307273953999887
110 3520 0.04629665482095515 0 30.29342641934334 0.49907485567252563 0.31372215323777747 0.23076081612383184
111 3552 0.043218912630988024 0 30.873758233769756 0.49914243561122407 0.31374279960559637 0.23090269365161536
112 3584 0.04380089044720116 0 29.50903447394301 0.49908195917190795 0.3137765870464788 0.23087250717927263
113 3616 0.04058290060371257 0 30.22468016044431 0.49912434885323276 0.3137548204453978 0.2309207496701943
114 3648 0.03712007713694998 0 29.60660924890567 0.49909635192176804 0.3137602686840954 0.2308849583631298
115 3680 0.031151953306053054 0 26.73232934249436 0.4991144566645196 0.3137557739587091 0.23090304636061107
116 3712 0.03242524698252173 0 26.724763446367746 0.49913393298388065 0.3137426374351825 0.23092254933085463
117 3744 0.0324697276153916 0 28.454404268804197 0.49910336732062893 0.3137694669946185 0.23089199048254228
118 3776 0.029861642143318805 0 28.11878488738862 0.49911834447936937 0.3137941190884889 0.23093581843264108
119 3808 0.02961212473520519 0 26.48657661916142 0.49910855917657915 0.31377043115629016 0.23091697973535608
120 3840 0.028744950438085934 0 27.190213469937618 0.4991109255400274 0.3137802067368791 0.23091217910107206
121 3872 0.02365733420033788 0 27.604313044054123 0.49910413642716267 0.3137598636832454 0.2308914524572803
