% # columns="iteration, evaluation, min max(neg(.)) min(pos(.)) max correlation, correlation matrix principal axes lengths  (sorted square roots of eigenvalues of correlation matrix)", seed=1, Thu Feb 19 22:36:12 2026
1 32 -0.11332372120780643 -0.07561329769244615 0.143693599290324 0.17908547476922043 0.8774469496301817 1.0167111391089312 1.0937939980620242
2 64 -0.12773559310798577 -0.09936872984342511 0.07650991867502703 0.10676927158328375 0.9167172181757867 0.9929559152142334 1.083359632043354
3 96 -0.03214652036333472 -0.006338710569191292 0.20868110824061306 0.2545465713830711 0.8520040988540346 1.008204269032979 1.1214335323324343
4 128 0.09803826529666154 0.12082937092635918 0.31093372089704396 0.3515107319242413 0.796852215731708 0.9590447733052971 1.202189531263377
5 160 0.23066979109074473 0.2529459015417633 0.4104334994563762 0.4406532549768953 0.7385351773610257 0.8866071403519588 1.291701811749616
6 192 0.3814245603111723 0.38736247008137065 0.5014739093165957 0.533573145958139 0.6821115494179274 0.806843924085924 1.3724892408745153
7 224 0.3345248088621875 0.35278087599947927 0.4717410802754497 0.49313841456348134 0.7037132259236761 0.8233270354346022 1.351636152365925
8 256 0.3044415969419269 0.3505182832636483 0.49599012613555105 0.49840405410446387 0.6615769320242523 0.8340577858971913 1.366258969887354
9 288 0.004050758862268433 0.07177496442105413 0.3796366723370067 0.4145330360835385 0.7102342478395041 0.9981323831744634 1.2244586799293478
10 320 0.29870469500663904 0.3113486073119152 0.3793808768439159 0.38941438771597336 0.7752118372794663 0.8403158868078517 1.3011209850433305
11 352 0.23133499149144998 0.2344982392033902 0.3262117264921722 0.35361964120982603 0.8037217029594698 0.8929865113307854 1.2476403787843686
12 384 0.06466082865462268 0.09409384655004592 0.2915624919443924 0.3279523558470846 0.805837160522051 0.9723876817339204 1.1853643604959145
13 416 -0.33611888661623274 -0.24322294297748961 0.050627602861184166 0.055681841168665674 0.8074259392591414 1.005647175357084 1.1561734780333839
14 448 -0.4802454549828471 -0.3909638965417563 -0.04055908728923069 -0.013039042646146328 0.7077761841625712 1.0031300656504765 1.2217949682824618
15 480 -0.4525750107415001 -0.38237134468908 0.029196423123249007 0.09618201300827198 0.7352721203050556 0.9683039497098654 1.2335973289847795
16 512 -0.4309227382910763 -0.3156051619936631 0.1870176091837995 0.2392409566122072 0.7027265102944545 1.012783413071426 1.2167354724576627
17 544 -0.38909336461463884 -0.24666900536411596 0.43582784481202697 0.5209024356202184 0.5058334332846868 1.08256134269457 1.2538713957478878
18 576 -0.2619061687211988 -0.13455247890631947 0.3081082302702395 0.3283081101808798 0.6632951800067008 1.1094794110378035 1.1528637997018933
19 608 -0.28819984755199224 -0.1744803877557713 0.23026062308888967 0.2514548335742224 0.7250230702447952 1.078995048718086 1.1446009053179478
20 640 -0.291350367644942 -0.2056338744773418 0.10114697756385159 0.11769076840998254 0.81572813516856 1.0174857693693498 1.139872939684632
21 672 -0.23815638312963772 -0.16179393392209535 0.1677709663194765 0.20126348385912474 0.8081373344624481 1.032597226252996 1.1316611758748942
22 704 -0.10245891126276413 -0.04775124469552784 0.23254979332484985 0.27127580609773944 0.8115206153770438 1.0342791003708163 1.127697225922898
23 736 -0.3146786253494096 -0.267053465939046 0.16821425224228412 0.26567833222569726 0.8025328317006778 0.9369943576196335 1.215723088466885
24 768 -0.1574906968357901 -0.1322164283597801 0.08291368830455097 0.12934945871665135 0.9064036913144996 0.97204344024322 1.1106592180554644
25 800 -0.2960422442255596 -0.22443247925325976 0.29337189529460334 0.3943635885049246 0.7151681314538386 0.9953787558299088 1.2238282870547355
26 832 -0.516252429515528 -0.4072490162153959 0.05808858326845124 0.10419770312960153 0.6951071542404019 0.984623659619055 1.2439221410692025
27 864 -0.40110220539168306 -0.36502092071654074 0.030971520941750874 0.12688771681937244 0.757547025455907 0.9414678067209392 1.2408710138974848
28 896 -0.4066162873810813 -0.32229986426104634 0.024846224023933182 0.05624516366555807 0.7701736650012699 0.9907881794045711 1.1938053900408927
29 928 -0.24592472044272262 -0.218637413471007 -0.07226269230704362 -0.05075842555743809 0.8337282257182029 1.0211348304699228 1.1234682477230675
30 960 -0.1463612383751428 -0.13669699682883127 -0.01881454139145619 0.010815368874690643 0.9073810324047741 0.9948252724179418 1.08948719101723
31 992 -0.2868263972181362 -0.24635515275721542 -0.08887210796883203 -0.07684900416695833 0.8087122321654427 1.0269581441846414 1.1363720762315594
32 1024 -0.37173361948466505 -0.2802679760128016 0.1259591665352626 0.16990257057942054 0.7703729752817983 0.997778031236011 1.1878402583421133
33 1056 -0.20635992085512578 -0.10762606025613229 0.2030768859811214 0.2079106741278791 0.7732900389907417 1.0902039657248506 1.101579696942308
34 1088 -0.1733929921791809 -0.12268096601718737 0.17507036688997077 0.2236087850303633 0.8380519024313519 1.0141537825477784 1.1265705100770322
35 1120 -0.5739871402320211 -0.47229065424883254 0.11775694548207402 0.21274299274252093 0.6511469276918826 0.9464573011978106 1.296235416722896
36 1152 -0.6167536812027383 -0.5251636226828666 0.20147282216444212 0.3520949119270066 0.6103347228218038 0.8901996650351182 1.3546350366387974
37 1184 -0.7700063313325592 -0.6249363637990166 0.1315390938576582 0.23862761220967374 0.4778229651451044 0.9469613525053571 1.3692879210893396
38 1216 -0.8155397416805903 -0.6675156663571551 0.10823555636097362 0.2187952219435812 0.42947172334375966 0.9454692782487272 1.3862329828481115
39 1248 -0.8575700601184942 -0.6433539761986933 0.0554998008732525 0.07423497597743348 0.3732066980135005 0.999939362009424 1.36412537285326
40 1280 -0.8622960400409589 -0.6785776306399217 0.05750383028363347 0.11914590785711457 0.3710302054068676 0.9829148716941901 1.3770312057749932
41 1312 -0.8899506033086353 -0.7350656959908328 0.07582266547120842 0.1912338786407531 0.3260227775448239 0.9469436572190907 1.4131549308460458
42 1344 -0.9231499078586586 -0.7768813531520835 0.07680167714458623 0.21509413253690102 0.26067021637779836 0.9300558274203184 1.4377229205153053
43 1376 -0.8773786443891026 -0.7816382423854945 0.13148532770236093 0.34011944906137137 0.32490711435544944 0.8480962795516808 1.4748450995449696
44 1408 -0.8789149060586927 -0.7922277073278158 0.15883542246740556 0.3891692670016025 0.3247775604196008 0.8174009078210863 1.4921043167758605
45 1440 -0.8845231489184894 -0.7505248679864706 0.14065861101937702 0.3037214897559741 0.3378841898761206 0.8969401520008077 1.4426824452943638
46 1472 -0.8209926156471546 -0.6746012613048505 0.14147217048692678 0.2671052934085483 0.4222957613107511 0.9317736271784495 1.3976638357179059
47 1504 -0.7652916283236094 -0.6366322196213035 0.267508537818452 0.44022938159606456 0.45457852120145054 0.8878106507344498 1.416033409388626
48 1536 -0.7996035219183275 -0.7283152245072667 0.30728623066327 0.5811984183090548 0.4418414167385448 0.7299769543422912 1.5072855763204358
49 1568 -0.7725272843261977 -0.7231632182522855 0.2846867133572492 0.5712726244865152 0.4769192214970876 0.6988335584794368 1.5113502948388833
50 1600 -0.8217459694946295 -0.7532256724182813 0.3418213677666253 0.6383167507519126 0.4100577522164486 0.6975595246413085 1.5314252673341215
51 1632 -0.9099544285672665 -0.8671034016350674 0.41245380872216725 0.7961218519090464 0.2897135309858425 0.5330973800859528 1.6223049199546948
52 1664 -0.9034748526366637 -0.880022812812472 0.420828101722698 0.8309930334102296 0.30839827160502803 0.45624093573181546 1.6421737772335756
53 1696 -0.8512841481067719 -0.8223001094372212 0.38391457892247893 0.757002103039495 0.38410538924962895 0.537522559216812 1.6011035407750491
54 1728 -0.8657980163754012 -0.7943188965973039 0.24585072282777765 0.5210948095247075 0.36177014941461993 0.7384089425079461 1.5244259879104727
55 1760 -0.8862190127696001 -0.8329900675630102 0.263272331113351 0.5754641854655482 0.32149700210754933 0.6819126378165227 1.5593700112615891
56 1792 -0.8463884522710405 -0.8202610741245948 0.2672122962491357 0.6035760415606001 0.3551180160728286 0.6389129430136459 1.5702488484027426
57 1824 -0.8703377728053205 -0.8300708766034853 0.24400171023673603 0.5617590096483078 0.3237351438912624 0.6783283448630956 1.5604698693550598
58 1856 -0.906311260663655 -0.8572744278887251 0.2729302683851236 0.6006283343681431 0.2834314757981667 0.6588558078172736 1.5765708430109706
59 1888 -0.8594767444772415 -0.8387015000658742 0.21350046520708604 0.5434592092200388 0.2791211195356349 0.6793281573653288 1.5686314593427613
60 1920 -0.8539995048677788 -0.7894677094997663 0.13205926900371456 0.3747031331368623 0.3267760332465289 0.80941473361771 1.496016448137598
61 1952 -0.8930491986476793 -0.7588467639766517 0.08985343960326614 0.23855107279221116 0.3135725579120256 0.9171989814656965 1.4354157165514099
62 1984 -0.8962307066158298 -0.7761824861804041 0.09155980666601721 0.26075901717939864 0.2973377816410861 0.8982762306209711 1.4507549955489165
63 2016 -0.6931424829418397 -0.6093241569412492 -0.009899866100836888 0.10608990484537675 0.5091596902449725 0.9560616591743332 1.3515555903056542
64 2048 -0.658194742264296 -0.5525562871662171 -0.04982884654134655 0.012108511902198124 0.5519639522528003 0.9961507983975338 1.3049978476094986
65 2080 -0.5882930822446055 -0.4836209078053262 0.014802154202757309 0.07627100043283917 0.6356657888858558 0.9797180551427627 1.2790940298771647
66 2112 -0.105031802666635 -0.10083858298630417 -0.07269449272467776 -0.06750634898446645 0.9084286228659281 1.0322902646865155 1.0531544267539101
67 2144 -0.22401576296408654 -0.17116942355681913 0.0316548000861351 0.0464165352265191 0.8794438458504117 0.9974939757526716 1.1097676740349605
68 2176 -0.2868333448448941 -0.23380931483137862 -0.007806461300471062 0.014503793196316003 0.8407321900009949 0.9964613423511673 1.1402781142755656
69 2208 -0.37159208814467554 -0.30967292173846306 -0.020787545916218227 0.013588412951650915 0.7824282434348817 0.9959169272433905 1.1815056148429803
70 2240 -0.6920896525474893 -0.5583188303910708 -0.0028035162313552117 0.048597432998798006 0.547117871120535 0.9894996786649357 1.3120794263391686
71 2272 -0.7564109620385413 -0.6455660354633033 -0.012079839056209948 0.08823729983758306 0.4575805003689929 0.9685100032236634 1.361105601831747
72 2304 -0.7311130952895841 -0.6235295096325009 -0.02855906216388103 0.06218083466857559 0.47927298062380796 0.9779471299024628 1.346817293161736
73 2336 -0.6768751618439399 -0.6134227090068155 -0.04926707892209879 0.07533234493568242 0.48392074092232223 0.9656094051640225 1.3540381062451579
74 2368 -0.8324027121100013 -0.764623231934351 0.2294995369082138 0.4930943130134185 0.4037136506449558 0.7527734721339818 1.5067671976567159
75 2400 -0.8033235977810189 -0.7583926814648327 0.32200314741808966 0.6372041740628778 0.44314437733915457 0.6512462999214286 1.5425632297158332
76 2432 -0.6886377760034684 -0.64583321465845 0.23846587513785084 0.4904276770582661 0.5569816177525237 0.7442584676379702 1.4614550320947144
77 2464 -0.6761751341943751 -0.6731528381161742 0.23899773226081053 0.5400256263082712 0.5332219402843505 0.6783985770476013 1.5018154790316893
78 2496 -0.6916505408592166 -0.6892156312144786 0.1100123253195402 0.37398673451947506 0.4447875747384661 0.7912437787211541 1.475160091648816
79 2528 -0.7858399875120551 -0.7657751335732901 0.25232325204726086 0.5716245266486795 0.4299010671084563 0.6603980642580848 1.5424200041568397
80 2560 -0.7683545917171523 -0.7514067029915796 0.2769047799024967 0.6027273854749495 0.46033130861304034 0.6362363479529196 1.5437935081655634
81 2592 -0.5953292487512581 -0.5794054000005197 0.1870269985501591 0.4265806159829803 0.6178050470540566 0.7613011143059839 1.4278436669296124
82 2624 -0.5557649669961422 -0.5303344189036818 -0.03654427151083636 0.10262189619431847 0.5749110851657498 0.9484328809992513 1.3303955480957539
83 2656 -0.5842161611327287 -0.5483564307030128 -0.08190137041380022 0.037723919252888066 0.5347833609466446 0.9816988012731497 1.3229792970539909
84 2688 -0.7089648588284908 -0.5848769110020736 -0.2027134136903837 -0.19941352907957094 0.4320461370153064 1.0508268641993386 1.3073251458482453
85 2720 -0.7525050583940507 -0.6460766216961377 -0.10559886855089963 -0.03186805420039994 0.4093814637898165 1.0115684030661083 1.3450413313439817
86 2752 -0.8120352555125563 -0.657240542684209 0.008453667912702571 0.07555702528332581 0.42349741053291495 0.9829793691118112 1.3617641143650618
87 2784 -0.8938663827725333 -0.7331267726247708 0.12619353034217476 0.25189402118339416 0.32578064185308153 0.9358603806015322 1.4205746447878582
88 2816 -0.9144766053178656 -0.7864241831811019 0.17240980234647535 0.3639687087189042 0.29077838599591094 0.8655554670952106 1.4718225652636276
89 2848 -0.9358275934299262 -0.787750214499743 0.2284250782501221 0.4190727969032273 0.24603594005049556 0.8702737124638554 1.4771898935471524
90 2880 -0.9738060655124052 -0.8398446112074082 0.26380679523589 0.4977291430786589 0.15432997633210294 0.8170913523287201 1.5193893445575288
91 2912 -0.9864727499079272 -0.8373242419450451 0.2100899090285393 0.4100794513901853 0.1152380329219227 0.8619566116779953 1.4979155501405532
92 2944 -0.9886923218784593 -0.8362172503164943 0.2154509428679305 0.41353193570077373 0.10286544235566167 0.8647856630622545 1.4971855121296591
93 2976 -0.9893383407684868 -0.8657737837848654 0.2857833393757301 0.5460711567789738 0.09407287303832405 0.7806415548053308 1.5432916307261668
94 3008 -0.987763593506431 -0.8992154095010845 0.3472352436216647 0.6741706106572346 0.1037112143995716 0.6685340503500139 1.5944611025454247
95 3040 -0.9836060110775864 -0.8831091203636809 0.34722702142807443 0.6568421779780875 0.10804598172818133 0.7013273941109412 1.5800208707804941
96 3072 -0.980815670235782 -0.9067931065433069 0.3809065265730588 0.7361171739193724 0.1279585718014259 0.6124441386638265 1.6150971428737233
97 3104 -0.9726330887425019 -0.839479257654527 0.30031111374643704 0.5470874064587835 0.1397354518305826 0.8018257441641331 1.5289046665823667
98 3136 -0.981996521245075 -0.8042652563513484 0.2070822921261734 0.3664668767249541 0.11338384754353291 0.9106601731410716 1.4689595474930202
99 3168 -0.9865451628161416 -0.8267891626364963 0.2525706571618599 0.4526012635816666 0.08255368529966582 0.8653769254634026 1.4981013536870433
100 3200 -0.9940951297580632 -0.8303844286220243 0.21696405148618858 0.4023695103862206 0.059866712974872886 0.8813014797406656 1.4898737122603702
101 3232 -0.9925677083013652 -0.7674241564534742 0.09589217735060138 0.15852073677073558 0.07191645903952411 0.985678519185335 1.4224155088214627
102 3264 -0.9917573531153681 -0.7969246146820069 0.13272600750367877 0.24777680979887942 0.0870475093877326 0.9504742330314032 1.4453447559156116
103 3296 -0.9868107090390605 -0.8041052217286441 0.17755792230744 0.32207348300905153 0.10380560853674048 0.9246496278392936 1.4609063835075031
104 3328 -0.9831025467601557 -0.743176681508293 0.08577933601499152 0.1221721432708903 0.10924044464082695 0.9971337663128854 1.412016564114372
105 3360 -0.9846859462424551 -0.7467787672076388 0.08271288334321766 0.1213029211586868 0.10654341303449488 0.995984699907988 1.413033254629259
106 3392 -0.9844128695356041 -0.8206366573711649 0.20432887600393945 0.3822078416312017 0.11813371165477207 0.8887624853725523 1.4819398337196656
107 3424 -0.9672301793405161 -0.8244261388193387 0.24429679219974165 0.4577337286849243 0.17416274960158273 0.8440238570602889 1.502428389429689
108 3456 -0.9734909997196336 -0.873230521114666 0.2999794415842577 0.5907889505455981 0.16198915008034512 0.7288580982087794 1.5628580831066297
109 3488 -0.9594861022614817 -0.8514352899852935 0.29634977623967124 0.5708939860384712 0.19759558953713255 0.7538877466074735 1.546806144450745
110 3520 -0.9520402572416231 -0.8508391924428429 0.3205549949342162 0.6098186592611223 0.21146931099690483 0.7297203863261652 1.556531043148991
111 3552 -0.9538858394910522 -0.8930720130069209 0.3959225912609481 0.7647736328661064 0.20576480804993108 0.5774359390472776 1.6199470917486052
112 3584 -0.9594591114972629 -0.894338673821679 0.37575362103159476 0.7339972816404354 0.1977430478757428 0.6000058524102378 1.6127277092213288
113 3616 -0.935770902146839 -0.8580345815648914 0.33403148320195886 0.6536505175422946 0.2517904432952957 0.671376706152455 1.576659408718648
114 3648 -0.934311724498881 -0.8694692660359994 0.3736519778244385 0.7231832673150362 0.2507656213168682 0.6135037986629059 1.6002280125631314
115 3680 -0.9485860478937721 -0.9092806913439827 0.45090137350465087 0.8649900385710727 0.2004232043556303 0.47075763704706297 1.6547561108265134
116 3712 -0.949139377154502 -0.9331568174574526 0.47364914217418674 0.9266019023543505 0.20507480503350453 0.34213810759968194 1.6854927587114037
117 3744 -0.9376619701019814 -0.9185117582269431 0.4671572733711917 0.9098967386955314 0.22821433433068597 0.3765690388939734 1.6751459567907723
118 3776 -0.9202616156522494 -0.9010066416890945 0.47146682574419246 0.9097030075921332 0.24557155964413416 0.3963955885513893 1.6681022589970151
119 3808 -0.9186261123993104 -0.9003431726414194 0.4779067864937109 0.9190404997808634 0.2372390873217816 0.3930727765323886 1.6700932332644927
120 3840 -0.8861182291170685 -0.8617753129251393 0.4564304876708983 0.8714895050109817 0.29985229995607965 0.46023119672878054 1.6426429446987696
121 3872 -0.8448950203095481 -0.834124773422664 0.441359678793614 0.8557509159788224 0.36429213284537004 0.44583647644360874 1.6335608584375785
