% # columns="iteration, evaluation, sigma, max axis length,  min axis length, all principal axes lengths  (sorted square roots of eigenvalues of C)", seed=1, Thu Feb 19 22:36:12 2026
1 32 0.15839414415717723 1.0000333338888951 1.0 1.0 1.0000166668055563 1.0000333338888951
2 64 0.1447368546695863 1.143205883074479 0.7379605164526986 0.7379605164526986 0.8436112515807324 1.143205883074479
3 96 0.152242504221283 0.9328665772084535 0.6952620070444987 0.6952620070444987 0.8193468674215383 0.9328665772084535
4 128 0.1417738917460452 0.9625603239373667 0.6017266798031118 0.6017266798031118 0.6887118938659172 0.9625603239373667
5 160 0.16006060929198224 1.0033261056610754 0.5276535581135484 0.5276535581135484 0.6758219521514621 1.0033261056610754
6 192 0.1934189810568485 0.9588900306520203 0.4253083377808423 0.4253083377808423 0.7768800097870648 0.9588900306520203
7 224 0.1962473347598435 1.1304822987508683 0.43170450593830756 0.43170450593830756 0.748702366487124 1.1304822987508683
8 256 0.17617627385682047 1.1296108867724253 0.3773871312667573 0.3773871312667573 0.708161101488032 1.1296108867724253
9 288 0.1772268058622513 1.0209269416724818 0.3559155083699749 0.3559155083699749 0.6841044978536689 1.0209269416724818
10 320 0.1931124598556779 0.9040689722793316 0.33380951200031356 0.33380951200031356 0.565782663007811 0.9040689722793316
11 352 0.15334763192667042 0.7589188706749765 0.31732435152825034 0.31732435152825034 0.5426869972633112 0.7589188706749765
12 384 0.14618711883037444 0.6031609554345585 0.3061149664058299 0.3061149664058299 0.44621368878966117 0.6031609554345585
13 416 0.1671516405737494 0.5116898707790128 0.3230463475566895 0.3230463475566895 0.381448092467488 0.5116898707790128
14 448 0.18077975469466673 0.4343842261488421 0.2713457215037808 0.2713457215037808 0.3821789144125599 0.4343842261488421
15 480 0.1726315125683122 0.4076464152907826 0.2277825767938282 0.2277825767938282 0.35538895467453097 0.4076464152907826
16 512 0.20079758410041681 0.41364130396182375 0.19601311711615285 0.19601311711615285 0.3197245705064343 0.41364130396182375
17 544 0.2530588810230018 0.5511756504563782 0.19144322343941778 0.19144322343941778 0.3087616387579325 0.5511756504563782
18 576 0.24532736087145895 0.7258378586448114 0.18109081560782958 0.18109081560782958 0.2910791759855222 0.7258378586448114
19 608 0.24350840164418386 0.6725245086240947 0.18983401290010146 0.18983401290010146 0.296805776593705 0.6725245086240947
20 640 0.21046286650438698 0.5964041651547196 0.17465766410617603 0.17465766410617603 0.29632627774651527 0.5964041651547196
21 672 0.19990179413910644 0.5729947724779704 0.14377563641565422 0.14377563641565422 0.24542835145156955 0.5729947724779704
22 704 0.1700540915666828 0.49371776729013656 0.1382082585078801 0.1382082585078801 0.2143765930912423 0.49371776729013656
23 736 0.14711134448776625 0.4209196566174699 0.1345402247781978 0.1345402247781978 0.17433347633277807 0.4209196566174699
24 768 0.18103415067060447 0.35864266684765866 0.10095317984640903 0.10095317984640903 0.15802552106251944 0.35864266684765866
25 800 0.20852927823491635 0.33824626907426303 0.12258583387752839 0.12258583387752839 0.14538772009106457 0.33824626907426303
26 832 0.24905967383021532 0.30699817725312245 0.09830945468898095 0.09830945468898095 0.17192839691457848 0.30699817725312245
27 864 0.3271356676271478 0.2925419603969197 0.11892104245415813 0.11892104245415813 0.15131154654263124 0.2925419603969197
28 896 0.34642667304521607 0.27408257621120674 0.12485184414600149 0.12485184414600149 0.14848100497876818 0.27408257621120674
29 928 0.33301842857340674 0.2991116910058158 0.11242888621525582 0.11242888621525582 0.14213592246700477 0.2991116910058158
30 960 0.28864956566335925 0.2852867540366359 0.09765283424440709 0.09765283424440709 0.13498039488819516 0.2852867540366359
31 992 0.2767034366838514 0.22538253262295116 0.09234853650741982 0.09234853650741982 0.1187790783925804 0.22538253262295116
32 1024 0.3135189880540437 0.2040427682765738 0.08283790351916939 0.08283790351916939 0.11916716590780835 0.2040427682765738
33 1056 0.26742706268341193 0.1908835350937668 0.09165056469634782 0.09165056469634782 0.13290646793704142 0.1908835350937668
34 1088 0.24675721328260128 0.17430797151779923 0.09249261309287955 0.09249261309287955 0.12569937491533814 0.17430797151779923
35 1120 0.2824587486521196 0.14961233485811454 0.09552401740529927 0.09552401740529927 0.10297341727248774 0.14961233485811454
36 1152 0.2920441456088709 0.1785928074392258 0.08127937277445886 0.08127937277445886 0.10091261609127897 0.1785928074392258
37 1184 0.38199310370506423 0.18747103916460578 0.08183333075937767 0.08183333075937767 0.12089132762156433 0.18747103916460578
38 1216 0.3541287177682253 0.25028234731688426 0.08614003027846397 0.08614003027846397 0.11860289701905309 0.25028234731688426
39 1248 0.3310042529950717 0.23363589545840044 0.0724250214335054 0.0724250214335054 0.11559754789055504 0.23363589545840044
40 1280 0.3219685340833304 0.249607077810993 0.06824626864989664 0.06824626864989664 0.10187370621296063 0.249607077810993
41 1312 0.28468559438747365 0.21709538675282236 0.05870223317739915 0.05870223317739915 0.1043421318992406 0.21709538675282236
42 1344 0.3136415916868769 0.23489946303021028 0.05500034145978198 0.05500034145978198 0.10978489780129867 0.23489946303021028
43 1376 0.2885553580830826 0.23757645324865476 0.04366959093522615 0.04366959093522615 0.11732462656689618 0.23757645324865476
44 1408 0.28030271058922424 0.20558477292338467 0.046700248633014266 0.046700248633014266 0.11069348927854498 0.20558477292338467
45 1440 0.24963929513659347 0.19705046953977706 0.0443456119209136 0.0443456119209136 0.11142619617952212 0.19705046953977706
46 1472 0.25600744862512165 0.169889935076122 0.04027973777624386 0.04027973777624386 0.11903745828975816 0.169889935076122
47 1504 0.21867973549698902 0.15403039715315814 0.047183987784449925 0.047183987784449925 0.11434032485066481 0.15403039715315814
48 1536 0.1966391159243131 0.14863411067558496 0.04754976897648182 0.04754976897648182 0.10417118267587427 0.14863411067558496
49 1568 0.19168148480956357 0.14061364733020024 0.04336725070874453 0.04336725070874453 0.11016419621597588 0.14061364733020024
50 1600 0.20550497785261093 0.13072238446323517 0.042960438436684664 0.042960438436684664 0.10176017973970014 0.13072238446323517
51 1632 0.16421347839823883 0.13127895971694578 0.0368590468241879 0.0368590468241879 0.0951807036465557 0.13127895971694578
52 1664 0.17907365937214703 0.1426357536268301 0.0270857034382091 0.0270857034382091 0.09570649874301898 0.1426357536268301
53 1696 0.1769838815098953 0.11970685053923856 0.02445241844641543 0.02445241844641543 0.10839502594075137 0.11970685053923856
54 1728 0.14588168750500835 0.11408214086883177 0.027350736599571792 0.027350736599571792 0.10151746299997792 0.11408214086883177
55 1760 0.12732669505187286 0.12416921664296383 0.02825567623842846 0.02825567623842846 0.10377592214445763 0.12416921664296383
56 1792 0.13276670964577214 0.1323449781221427 0.025941030918349837 0.025941030918349837 0.09853912903180259 0.1323449781221427
57 1824 0.12399778865715984 0.12353922740331545 0.025503244219302612 0.025503244219302612 0.08568990344039758 0.12353922740331545
58 1856 0.10403456164340143 0.13079182127389594 0.02533902205325036 0.02533902205325036 0.08793274138595625 0.13079182127389594
59 1888 0.11051816676793504 0.11851829903087903 0.022014782992832296 0.022014782992832296 0.08370903742812862 0.11851829903087903
60 1920 0.11179784122113948 0.13850027576702317 0.02269723513307892 0.02269723513307892 0.07114951832082636 0.13850027576702317
61 1952 0.1002299600678549 0.11932332644724136 0.02517414861257826 0.02517414861257826 0.06991026485769923 0.11932332644724136
62 1984 0.0967496865919735 0.12207885331909121 0.027181910726569725 0.027181910726569725 0.06316445871930015 0.12207885331909121
63 2016 0.11396882254463762 0.12111584253980034 0.02516075868291976 0.02516075868291976 0.052203006744406595 0.12111584253980034
64 2048 0.11409178063509871 0.08949243312785969 0.03349136912684833 0.03349136912684833 0.0460115212395992 0.08949243312785969
65 2080 0.11208451326799623 0.08005701294814012 0.03299745344246171 0.03299745344246171 0.04189795009228438 0.08005701294814012
66 2112 0.12390978624196568 0.07271558480025331 0.03307406144909731 0.03307406144909731 0.03789359731976784 0.07271558480025331
67 2144 0.11368784127080035 0.05642364783209457 0.029186744505918353 0.029186744505918353 0.05172047114072124 0.05642364783209457
68 2176 0.12304843698792224 0.06037169577380301 0.02441939501572138 0.02441939501572138 0.046413017951096154 0.06037169577380301
69 2208 0.112990373519448 0.06681404545449784 0.022122304382646556 0.022122304382646556 0.04668241861418852 0.06681404545449784
70 2240 0.12912006043163443 0.06166572340686546 0.0226378422682188 0.0226378422682188 0.03876900139868019 0.06166572340686546
71 2272 0.12952923970449232 0.07991938297885048 0.020852852006472928 0.020852852006472928 0.03307762938523806 0.07991938297885048
72 2304 0.11259187984072812 0.08070855636075287 0.019064954126601315 0.019064954126601315 0.029000143000919246 0.08070855636075287
73 2336 0.09623379102010415 0.0632324628322641 0.01964222324412742 0.01964222324412742 0.02415147964697927 0.0632324628322641
74 2368 0.10820833645689219 0.05201187747048974 0.01446259699113267 0.01446259699113267 0.020747233191929747 0.05201187747048974
75 2400 0.10549326691876426 0.055776482027277176 0.011225512820926258 0.011225512820926258 0.022277146129600325 0.055776482027277176
76 2432 0.10128003400406985 0.04716379072444316 0.011419963669884682 0.011419963669884682 0.02556835783720211 0.04716379072444316
77 2464 0.092315995707053 0.03963181244960904 0.01340808605284763 0.01340808605284763 0.024867690935443287 0.03963181244960904
78 2496 0.09819156688178356 0.03543950511527316 0.01180398579625205 0.01180398579625205 0.02654438738827166 0.03543950511527316
79 2528 0.0838679123335102 0.03638256855491323 0.01085778896163867 0.01085778896163867 0.022900861010827438 0.03638256855491323
80 2560 0.06918462903326367 0.030553980588599684 0.008588418223461236 0.008588418223461236 0.021930641011607445 0.030553980588599684
81 2592 0.07279925791060275 0.025014389312241786 0.007652123197304241 0.007652123197304241 0.022560201699033125 0.025014389312241786
82 2624 0.058187071153734934 0.02422641170057402 0.009969297976015243 0.009969297976015243 0.022169536399393622 0.02422641170057402
83 2656 0.053114602723730274 0.025686348389467234 0.00927985459469619 0.00927985459469619 0.01723189382059158 0.025686348389467234
84 2688 0.05789037670830364 0.024204264509848684 0.00860820857991591 0.00860820857991591 0.01485653236461959 0.024204264509848684
85 2720 0.061476687295642825 0.027558871707678415 0.007594527382706988 0.007594527382706988 0.015070485242227169 0.027558871707678415
86 2752 0.06416028921735996 0.028392394415858266 0.007075568726943285 0.007075568726943285 0.015934701644364432 0.028392394415858266
87 2784 0.056713799781302913 0.023616137178280344 0.007080373442442845 0.007080373442442845 0.018972377948355747 0.023616137178280344
88 2816 0.05602222712258125 0.02244749796881303 0.005201865327118984 0.005201865327118984 0.018524826290874062 0.02244749796881303
89 2848 0.04837510851641772 0.02378697013941918 0.004809067049055949 0.004809067049055949 0.01661399616584318 0.02378697013941918
90 2880 0.06088054275605245 0.023435350658902725 0.003951961063631798 0.003951961063631798 0.014970342836429161 0.023435350658902725
91 2912 0.06575495501936907 0.03309865846488531 0.0035527799468621133 0.0035527799468621133 0.014689937735153463 0.03309865846488531
92 2944 0.05870650663393993 0.0369788311017335 0.0029869831337748444 0.0029869831337748444 0.01172982483373517 0.0369788311017335
93 2976 0.0517897683790451 0.03514081550573919 0.002531598467816879 0.002531598467816879 0.010325731405663655 0.03514081550573919
94 3008 0.04885460202143266 0.03483084387434589 0.0022767459866172455 0.0022767459866172455 0.00935843217922872 0.03483084387434589
95 3040 0.04074061051191137 0.02712101807392067 0.001941981336419109 0.001941981336419109 0.009850941685429073 0.02712101807392067
96 3072 0.038713158800182355 0.02517391597170198 0.0018513605359788627 0.0018513605359788627 0.008670886096411739 0.02517391597170198
97 3104 0.03644309596518533 0.020397944539377127 0.0017776552190997249 0.0017776552190997249 0.00786123679453609 0.020397944539377127
98 3136 0.03955988576726353 0.020154164690428328 0.0019251468604241481 0.0019251468604241481 0.0061265822384695 0.020154164690428328
99 3168 0.04391197417358171 0.022109189651120627 0.0017217559579098805 0.0017217559579098805 0.005564085693199583 0.022109189651120627
100 3200 0.054785259513099156 0.026181444334642198 0.0014827407846722482 0.0014827407846722482 0.0044088864487334 0.026181444334642198
101 3232 0.05508296143750205 0.03207202966003078 0.0013292716847694724 0.0013292716847694724 0.004017780593311752 0.03207202966003078
102 3264 0.05143236020534983 0.027091002921374605 0.0013594643418694504 0.0013594643418694504 0.004796387718456112 0.027091002921374605
103 3296 0.0520534295397805 0.020953709004280445 0.0012771940601585343 0.0012771940601585343 0.005431350242238525 0.020953709004280445
104 3328 0.051560759051017126 0.016723348558084924 0.0012110026442044414 0.0012110026442044414 0.00510471701005021 0.016723348558084924
105 3360 0.047453566618840475 0.016722506297025142 0.0012727049406087237 0.0012727049406087237 0.004701379672033718 0.016722506297025142
106 3392 0.037477971139229266 0.01358529763572749 0.001004839974124631 0.001004839974124631 0.004511936273035052 0.01358529763572749
107 3424 0.0443508358207735 0.010675317423348244 0.0008821491574682508 0.0008821491574682508 0.0043771895067172915 0.010675317423348244
108 3456 0.051676615108477014 0.008988208923340827 0.001092640318302798 0.001092640318302798 0.0038250811982814626 0.008988208923340827
109 3488 0.04876326793862677 0.008320789160900165 0.0009258374804422729 0.0009258374804422729 0.004172579743085767 0.008320789160900165
110 3520 0.04629665482095515 0.006088944959951994 0.0008339622545748085 0.0008339622545748085 0.003650145826038658 0.006088944959951994
111 3552 0.043218912630988024 0.005003461388623053 0.0007004926188747909 0.0007004926188747909 0.003865919343042126 0.005003461388623053
112 3584 0.04380089044720116 0.004929152213740389 0.0005371192273614962 0.0005371192273614962 0.003443111754687248 0.004929152213740389
113 3616 0.04058290060371257 0.00426602629145829 0.0004618660716189714 0.0004618660716189714 0.0031676153273039946 0.00426602629145829
114 3648 0.03712007713694998 0.004077281041123078 0.000470868831768908 0.000470868831768908 0.0025888685272294105 0.004077281041123078
115 3680 0.031151953306053054 0.003555330377049141 0.0003711401313691286 0.0003711401313691286 0.0020128328695564724 0.003555330377049141
116 3712 0.03242524698252173 0.004080279387870849 0.0002850543014491311 0.0002850543014491311 0.0017231573540273865 0.004080279387870849
117 3744 0.0324697276153916 0.005078697503060263 0.00026119248322220416 0.00026119248322220416 0.0016243229842267534 0.005078697503060263
118 3776 0.029861642143318805 0.004897291722603529 0.0002459897391141855 0.0002459897391141855 0.0013873156560595663 0.004897291722603529
119 3808 0.02961212473520519 0.0045989210624070445 0.0002203005799634714 0.0002203005799634714 0.0010841099933647782 0.0045989210624070445
120 3840 0.028744950438085934 0.004093483173736077 0.00018946422225172926 0.00018946422225172926 0.0009213890292205339 0.004093483173736077
121 3872 0.02365733420033788 0.003572927222411081 0.0001834832848529992 0.0001834832848529992 0.0007476144269974608 0.003572927222411081
