% # columns="iteration, evaluation, void, void, void, xmean", seed=1, Thu Feb 19 22:36:12 2026, <python>{}</python> # scaling_of_variables: 1, typical_x: 0
1 32 0 0 0 0.34625254883565515 0.2581491465259169 0.2354113920456271
2 64 0 0 0 0.3450669728815468 0.27942694952627767 0.2737322561130571
3 96 0 0 0 0.3644726042819075 0.3396525932042508 0.25111799807311713
4 128 0 0 0 0.3790475849876854 0.36290088818542743 0.2326484906972528
5 160 0 0 0 0.4390829108069884 0.37548194254762896 0.20566956987416052
6 192 0 0 0 0.5171477252516071 0.31782192099642503 0.22884228173742172
7 224 0 0 0 0.5475340218580576 0.360453130592128 0.22842833723946906
8 256 0 0 0 0.5730190709450083 0.3144045284461185 0.24391784679622378
9 288 0 0 0 0.5655523712307866 0.37534231729608347 0.24900981674745826
10 320 0 0 0 0.6060796764438703 0.38037829837205567 0.2086602731160075
11 352 0 0 0 0.5999083504188844 0.382095005120022 0.21618387414306434
12 384 0 0 0 0.6011660090565393 0.3792180103317815 0.19458047280855414
13 416 0 0 0 0.6212941221767178 0.40580233430741935 0.22039532758281022
14 448 0 0 0 0.6244881375900855 0.4262320764810685 0.2448451000150796
15 480 0 0 0 0.6342300854018121 0.4221322128232805 0.2590824249302568
16 512 0 0 0 0.6726649036889516 0.4158904135885718 0.23130264353555133
17 544 0 0 0 0.6998055088848953 0.4118746103529706 0.1868617478639397
18 576 0 0 0 0.7002037663231566 0.38948744761312 0.20187315940343223
19 608 0 0 0 0.6132196599726142 0.3995412817324123 0.2237894343873738
20 640 0 0 0 0.6259176385695323 0.3924659472983262 0.202893823239866
21 672 0 0 0 0.6040216615127244 0.406690213040119 0.20502952734811128
22 704 0 0 0 0.619128445778494 0.396669773870545 0.20129509506577908
23 736 0 0 0 0.6006400252025916 0.40134338224317406 0.1999568283869525
24 768 0 0 0 0.587416431416607 0.39152335773395874 0.20872061265734765
25 800 0 0 0 0.5727773294906866 0.3862655446075844 0.22232621440431935
26 832 0 0 0 0.5581571072987527 0.3696932378515093 0.21619364912634997
27 864 0 0 0 0.5522953642122033 0.34138646222541796 0.22338559432334007
28 896 0 0 0 0.520949248871529 0.3661512570323826 0.22999756043430225
29 928 0 0 0 0.56783035481869 0.3692643451604609 0.22395694361503785
30 960 0 0 0 0.5821018016079698 0.3658340373373055 0.2304334352165109
31 992 0 0 0 0.5914911762448496 0.3796945752301931 0.23510001668290806
32 1024 0 0 0 0.5975787629057911 0.37294366092887116 0.25203071301380764
33 1056 0 0 0 0.5975312768847806 0.37020492827142226 0.2526152401641803
34 1088 0 0 0 0.5814818944855314 0.377682504380748 0.25157414736138156
35 1120 0 0 0 0.6012937314745435 0.37539015752536964 0.26890695611697124
36 1152 0 0 0 0.6172475340230331 0.3684490888995783 0.2626214784904378
37 1184 0 0 0 0.6172351279938776 0.3381171376351797 0.2702661081990076
38 1216 0 0 0 0.5921262661454899 0.34142007403516866 0.24360613646321883
39 1248 0 0 0 0.6238629170913412 0.34551991424316264 0.26702436162473764
40 1280 0 0 0 0.6286832502361963 0.35742886038150007 0.27899727371042193
41 1312 0 0 0 0.6169912923962575 0.3626043926943526 0.2694812580667594
42 1344 0 0 0 0.5934132207283921 0.3439312160607246 0.2407399566830643
43 1376 0 0 0 0.5873734413340338 0.33889548085348786 0.23183673720655984
44 1408 0 0 0 0.5953037818065001 0.340807758403219 0.24862682905375608
45 1440 0 0 0 0.5970026902969052 0.35156275354509736 0.2525380231192001
46 1472 0 0 0 0.594659437446712 0.3446235591657661 0.2572287448434288
47 1504 0 0 0 0.5927203396624632 0.3410134656819223 0.24995910286391518
48 1536 0 0 0 0.5894940223471894 0.3397151033567494 0.24341729341133858
49 1568 0 0 0 0.5959332423498767 0.3371777555336891 0.24378548984012557
50 1600 0 0 0 0.6034356449139932 0.33001291451233306 0.2516606716854453
51 1632 0 0 0 0.6009010361456539 0.3308597038074865 0.24790020945393554
52 1664 0 0 0 0.5979464069694018 0.32322829159423666 0.241095629358255
53 1696 0 0 0 0.5978657423161187 0.32418035669769024 0.24482424565944455
54 1728 0 0 0 0.5983257971027042 0.3250933014687987 0.24592200115161353
55 1760 0 0 0 0.5994442645961299 0.32134782827806524 0.244840648335051
56 1792 0 0 0 0.6002913168567 0.3156924219742002 0.24214179025033694
57 1824 0 0 0 0.5969682124033726 0.31453917330216646 0.24073867366725632
58 1856 0 0 0 0.5972958919568244 0.3126395050232832 0.2405231583206878
59 1888 0 0 0 0.5951680888065426 0.3069954774249193 0.23727934264825398
60 1920 0 0 0 0.5955018953831008 0.30934931513484426 0.24018122914637746
61 1952 0 0 0 0.5974062438371254 0.31076618307743087 0.24259320154262448
62 1984 0 0 0 0.5958697268074455 0.3112305812370143 0.2393172237931188
63 2016 0 0 0 0.5976787935677746 0.3113611631069661 0.23855279065241847
64 2048 0 0 0 0.5978264974762116 0.31102874737679015 0.2367970616109572
65 2080 0 0 0 0.5953175566445721 0.31204706347728445 0.23473143136178037
66 2112 0 0 0 0.5925442904791149 0.3111902363189492 0.23545756726020148
67 2144 0 0 0 0.5914232728747983 0.31164176526494314 0.234271694887702
68 2176 0 0 0 0.5914194165214157 0.3111148464599845 0.23017811545136657
69 2208 0 0 0 0.5929372128149706 0.3114299597767517 0.22970150101916129
70 2240 0 0 0 0.5892542884223528 0.3115445879640917 0.22597414694289714
71 2272 0 0 0 0.5933646247384999 0.3126339870862935 0.23107499576726764
72 2304 0 0 0 0.5935115560579585 0.3129904370605384 0.23084421625513557
73 2336 0 0 0 0.5923404617867762 0.31250709265561893 0.23007148994904944
74 2368 0 0 0 0.5907177006173321 0.3131091649824914 0.22956702375118107
75 2400 0 0 0 0.5907450662962945 0.3121296459224781 0.22860332438946082
76 2432 0 0 0 0.5917525022209674 0.3129927501699772 0.23001327132536514
77 2464 0 0 0 0.5918596138120323 0.31220012238376077 0.2291425529618778
78 2496 0 0 0 0.5910219838083661 0.3113080619919464 0.22834354959691697
79 2528 0 0 0 0.5915820542929215 0.31189173033469114 0.22919186099956806
80 2560 0 0 0 0.5915692600758061 0.31157024230831554 0.2289947407417354
81 2592 0 0 0 0.5909876320284498 0.31151540355819846 0.22836052855867736
82 2624 0 0 0 0.5911385937289371 0.3113939797028138 0.22853302507710246
83 2656 0 0 0 0.5909008761475356 0.3115093069002677 0.22833175667848823
84 2688 0 0 0 0.590744065545928 0.31161373911937185 0.22875704388965568
85 2720 0 0 0 0.5915198498212687 0.31157531615991596 0.22883058208004803
86 2752 0 0 0 0.5915357523479636 0.31125208986311553 0.22879753802508024
87 2784 0 0 0 0.5917149838302617 0.31116033623524864 0.22860956858615775
88 2816 0 0 0 0.5914421562098409 0.31168599168484296 0.2289295279228543
89 2848 0 0 0 0.5912663841151294 0.31156656850451564 0.22879043938588234
90 2880 0 0 0 0.5913432739207445 0.31217214557995177 0.22944290203747586
91 2912 0 0 0 0.5913915558038247 0.31280720803673884 0.23001156145899096
92 2944 0 0 0 0.5913309019713007 0.3120887300684218 0.22929003645893328
93 2976 0 0 0 0.5915234747324454 0.3119931596476737 0.2292389093890816
94 3008 0 0 0 0.5916845683673588 0.3116975565936966 0.22901942503426376
95 3040 0 0 0 0.5917012673191161 0.3116950232537061 0.22903415063239257
96 3072 0 0 0 0.5917120850632467 0.311943357533619 0.22928027243013085
97 3104 0 0 0 0.5917400657696431 0.3119954009303936 0.22930369348168436
98 3136 0 0 0 0.5917564438026004 0.3121900175640803 0.22944626295512674
99 3168 0 0 0 0.5916318994173968 0.31259634553998833 0.2297977165702836
100 3200 0 0 0 0.5915705576527327 0.3131949188430365 0.2303202661747223
101 3232 0 0 0 0.5915889731668468 0.31295768236081273 0.23016420611992341
102 3264 0 0 0 0.5916448171049943 0.3130523122994402 0.23025976013904167
103 3296 0 0 0 0.5914864827789371 0.3132213306458761 0.23043654713054573
104 3328 0 0 0 0.5914432808319231 0.3135069924122924 0.23068585371039976
105 3360 0 0 0 0.5913763927261227 0.3135448316407822 0.23074438739737105
106 3392 0 0 0 0.5913948028324018 0.3135580504841382 0.23075337757653372
107 3424 0 0 0 0.591450960938944 0.3135901386669912 0.23074163955988652
108 3456 0 0 0 0.5914620571498468 0.3137384747056632 0.2308444213388527
109 3488 0 0 0 0.5915004940477615 0.31367601265040607 0.23077340793247358
110 3520 0 0 0 0.5914360524945609 0.3137485484822767 0.23084232311446817
111 3552 0 0 0 0.5913883500427467 0.31370025136969654 0.23081206532468396
112 3584 0 0 0 0.5914460042356894 0.3137561446556204 0.23085756377340658
113 3616 0 0 0 0.5914027142865184 0.3137512728852807 0.23086795141888386
114 3648 0 0 0 0.5913668021273784 0.31375870510760795 0.23088411607077955
115 3680 0 0 0 0.5913688536985798 0.3137556153134189 0.2308834480434596
116 3712 0 0 0 0.5913172297573321 0.3137601626206608 0.230902588039177
117 3744 0 0 0 0.5913992101423786 0.31376512848775784 0.23089518348930818
118 3776 0 0 0 0.5914357960611568 0.31376948548151307 0.23089355910218118
119 3808 0 0 0 0.5914537528729482 0.313758783539084 0.23088193566037105
120 3840 0 0 0 0.5914188320623162 0.3137604696506057 0.23088518347669765
121 3872 0 0 0 0.5914168943918359 0.3137588121090999 0.23088555182448064
