% # columns="iteration, evaluation, min max(neg(.)) min(pos(.)) max correlation, correlation matrix principal axes lengths  (sorted square roots of eigenvalues of correlation matrix)", seed=1, Fri Feb 20 07:10:59 2026
1 32 -0.08544443785899575 -0.024139574985190745 0.17603098152509453 0.18144963748805126 0.8437906079978612 1.0414095567254134 1.0970339762357308
2 64 0.05486980600947861 0.0669463127735799 0.15974495247430842 0.17860132561044995 0.9020671339338657 0.9764145666844454 1.1103555646020637
3 96 0.044947020177723604 0.04703611518652138 0.06100818916244051 0.06357645214561577 0.967028180628445 0.97806349973611 1.052733721486299
4 128 -0.20497097290434785 -0.1499910405255059 0.059137861773213514 0.07386756349394472 0.8814836504929591 1.0047434262099832 1.1015794212862868
5 160 -0.07792094821984127 -0.02910213035856994 0.13854894445411722 0.14561381819707495 0.8778028415478223 1.0369507251919916 1.0743348476589463
6 192 -0.08669715044402707 -0.06543728806076199 0.2967006006477326 0.3961533678339657 0.7712419262452956 0.9996537423204596 1.1856973841019243
7 224 0.21724325050733803 0.2659465324370476 0.534244429913138 0.5749737804754587 0.6188258226801665 0.892555649160965 1.3492216327701922
8 256 0.32108003401495233 0.3215454583643543 0.3741815142086807 0.39126144180738753 0.7802081985984016 0.8366657781484598 1.3004866560311448
9 288 0.23918755538402353 0.26911808944646864 0.414235265438017 0.43267712337275466 0.7346783351631512 0.8758583252106381 1.301199422840756
10 320 -0.14953340205092802 -0.06323758473550671 0.3238256158356756 0.36655086537731507 0.7150142221863884 1.0576053071793037 1.1705663912386022
11 352 -0.1577347243601142 -0.05995055655090698 0.41215820968027583 0.4717436306147962 0.6325832801784187 1.0587305053545588 1.2161118824641066
12 384 0.03873357489384505 0.12629039624858374 0.5071761180500918 0.5465812039625224 0.589126198599683 0.9815385124450957 1.2998124752096187
13 416 -0.1395190870373656 -0.05708081783893736 0.5361020979065394 0.6513914672899368 0.5231247619305005 1.035783334982952 1.2858823299302122
14 448 -0.039250760984436195 0.047514601896274225 0.5669015200106702 0.6532651298347584 0.5119965679804742 1.0150036625319974 1.3067620592222773
15 480 -0.2630911294841954 -0.1400440853868148 0.4001806534801753 0.45720852233845805 0.5957204290597548 1.0891007496474852 1.207881089974567
16 512 -0.1746109164071769 -0.037753782047454054 0.4219542138749691 0.438333078156054 0.5757042318096028 1.0825208132685962 1.2234023566745373
17 544 -0.37759519568184857 -0.2122262212749445 0.41490386502387366 0.45857825271657565 0.49877942311065576 1.128960180928708 1.2151822896005438
18 576 -0.1498510701791836 8.46088922330096e-05 0.4946546430024911 0.5095756419678272 0.4915590512645625 1.0717150861761204 1.2687775507087105
19 608 0.05989036888661661 0.15850561249196563 0.5739821792254176 0.6138591245312193 0.5139762573897563 0.9709544473806065 1.3390578284567995
20 640 0.2365440747128529 0.296817970904653 0.6947232049457142 0.7670843867676012 0.4338431525935619 0.8892989820143739 1.4215932750037468
21 672 0.05637483896888756 0.15821533368916676 0.6304969072999437 0.6860836037832567 0.4442403215312167 0.9735108050496019 1.3619571392586178
22 704 0.010667963413636785 0.1461708053691428 0.6208591375486423 0.6435857396529695 0.3961423566732205 0.99471331406239 1.3614759109423873
23 736 -0.17824709698892288 -0.06485589998867 0.5154240868441636 0.5954595521215219 0.5138983979829546 1.0636578617117087 1.2667045392550818
24 768 -0.19066266935746184 -0.057167585664491524 0.556990464790104 0.6282147312486654 0.43962085993485306 1.0755806400870238 1.2844686785516135
25 800 -0.11546514156657095 0.0017109002546071839 0.5979092070409144 0.6794659341485054 0.42769211959719217 1.0458422940778473 1.3127426810888898
26 832 -0.25624301361893026 -0.1299688126512799 0.5372570557748627 0.6333914776159265 0.4538245717462424 1.0773117173321467 1.278062096213717
27 864 -0.19785163973275965 -0.10980577382860641 0.5854714261593567 0.7291846269178578 0.4402602805481699 1.0371161826862119 1.3155078521172068
28 896 -0.4812829906928919 -0.390557391411718 0.5881730428389064 0.823690921641274 0.3069004878940086 0.9472381705685059 1.4172339040357627
29 928 -0.36963975024614126 -0.30237185565699815 0.6350403902442688 0.8802432442888815 0.27876683052876494 0.9636344677050421 1.4119835929810824
30 960 -0.30022146404744926 -0.2268672154264242 0.6219493620737725 0.8315339726194796 0.34363364438274413 0.9978242994641345 1.3734127514506127
31 992 -0.2934593797194702 -0.21955205875248113 0.6210735892651955 0.8273748176374319 0.3484792495538318 1.0006833981967826 1.3701076414660776
32 1024 -0.35446299822195554 -0.2567854871487704 0.6312916363923621 0.8296398331662211 0.29031209445937123 1.0130013333171828 1.3746080119467596
33 1056 -0.5671862495735543 -0.48258352957042033 0.5720293066208257 0.8389641986814402 0.28856142587272976 0.888446083466906 1.4585595155051483
34 1088 -0.45484987015981126 -0.38677463381229904 0.5899207416229618 0.8474106304205365 0.3239819237311757 0.9217398340967453 1.43018578909691
35 1120 -0.4355886898066741 -0.364253086955307 0.6170714837171806 0.872844071089976 0.2791052083729707 0.9386121644035769 1.4286733312737077
36 1152 -0.3109721009749792 -0.2499920353563393 0.6464105131653838 0.8842312970539848 0.28618870410667596 0.9788561964162454 1.3999773470950385
37 1184 -0.380094209677829 -0.3247897891484716 0.6494918941978955 0.9189480347839939 0.23000695124407672 0.9429869352434748 1.4345286481417943
38 1216 -0.3989942779802829 -0.339788191138856 0.6467965826797618 0.9164520871112075 0.22607288643685985 0.9395564494504932 1.4374020760782593
39 1248 -0.22098590781832786 -0.17530043023851608 0.7081845846533094 0.9569941120374394 0.15987229384816568 0.9915907889562966 1.4110948079121952
40 1280 -0.2973399753729167 -0.25274917560002474 0.6894760395958319 0.9589603115548923 0.15478617158220553 0.9660912938985202 1.4292336593225081
41 1312 -0.2297044132158258 -0.20160531199753268 0.7010304223112748 0.9738098991959174 0.13978106186838585 0.9737292811108498 1.4255919969789026
42 1344 -0.5144909521533837 -0.5050951429089136 0.6187825682540607 0.984012662730582 0.12258448487323483 0.7977798563280555 1.5324882854056507
43 1376 -0.4802165739992856 -0.4698477620341692 0.623697534274731 0.977843821079248 0.14501448947188136 0.8226654561543331 1.5172977114243575
44 1408 -0.6452777096076825 -0.6260007689674021 0.5880754254674176 0.9734905496387438 0.14685066284521126 0.7105623272977671 1.5727479333469505
45 1440 -0.627674812834192 -0.6101884973775014 0.6004734639552003 0.98654113560941 0.09801337324899258 0.7240850363333646 1.5703802847789652
46 1472 -0.6885198398656539 -0.6733872657996612 0.5815041473604879 0.984668711014545 0.10951074507516874 0.6651267025542754 1.5954979994542011
47 1504 -0.6385535806743043 -0.6179107430594832 0.596415134303759 0.980547589143352 0.11824737540622514 0.7202475204412243 1.5707517523491126
48 1536 -0.6339838515869793 -0.6152086641054302 0.5933872530548997 0.9774773712934605 0.1340389056999599 0.7198315009064589 1.5696739094670304
49 1568 -0.5982134028187256 -0.5769315601953523 0.6039695317669187 0.9763213864643026 0.13506092524501886 0.7537560666001222 1.5535798462053607
50 1600 -0.4663869861095596 -0.4545062024175098 0.630085335767945 0.97973506480438 0.13718501404180589 0.8344792382942666 1.5115636515801012
51 1632 -0.5005643873806511 -0.4826399017565318 0.6241664208278581 0.9751773760652023 0.14638811769342283 0.8200148073818719 1.5186000904361387
52 1664 -0.7715637016647647 -0.7566053802829917 0.5572241042781316 0.9802089444167331 0.12479642529967307 0.580016374551067 1.6272697555983333
53 1696 -0.7370837632509581 -0.7108418289837617 0.5713222287666644 0.97246831374961 0.12885652841945291 0.6427706201030022 1.6031974067519223
54 1728 -0.7675826993257823 -0.7454750959271567 0.5512916854580624 0.9614396758545097 0.17159131529613128 0.5992365307220952 1.6160049507235712
55 1760 -0.8007344822674831 -0.7817097737716154 0.5462392422772078 0.9698642057976145 0.15005779639080438 0.5564435620070682 1.6333564277411168
56 1792 -0.8500115032074396 -0.8415583919190136 0.5306633669234021 0.979617508582448 0.1352621491448796 0.46463316863564785 1.6630755153065977
57 1824 -0.8252524063307753 -0.8246974757499733 0.5268911119866231 0.9768657106513531 0.15207083958221387 0.47404769236698924 1.6589614959697807
58 1856 -0.8613698489689082 -0.8588240109301638 0.5252127723788788 0.9840125287764819 0.12558142100695427 0.43025946967275536 1.673052926674704
59 1888 -0.9175798972794683 -0.9165817793102091 0.5143095938161888 0.9902752668890624 0.09833270335895371 0.33003157318480697 1.6974716021634302
60 1920 -0.9422484372409812 -0.9408607230366902 0.5103543048654978 0.9927049332952695 0.08453804605470541 0.2796348015033042 1.7072368601214831
61 1952 -0.9244305575989271 -0.9238604088823033 0.5119722342194853 0.990012966536791 0.09983421555843214 0.3140322169927349 1.7004166830793153
62 1984 -0.8805089363475738 -0.8775295192732492 0.5250256727268467 0.9895646529858874 0.10053985278158847 0.40373679549321984 1.6813352842213007
63 2016 -0.8780126269455536 -0.874706017236492 0.5264511795370492 0.9901969687525015 0.09701722342640416 0.40914480306232526 1.6802345635314502
64 2048 -0.8624049102478581 -0.8568994193561359 0.5312047067087011 0.9884005911719247 0.10321524526071144 0.4399892285831712 1.672051462089776
65 2080 -0.8816406608127786 -0.8771692669127309 0.5244233606662937 0.9871495092925875 0.1100556775177198 0.4062974141109917 1.680122066735878
66 2112 -0.8380203361083836 -0.8362822381893013 0.5300808953404619 0.983797175264634 0.12694587111722538 0.4619031069761026 1.6644909929381149
67 2144 -0.818262506140644 -0.8171293591507063 0.5316106945227859 0.9800575654240121 0.14109668405096176 0.486144226188508 1.6564285427066874
68 2176 -0.8631331205948468 -0.8594466831426302 0.525867933689442 0.9839530351812494 0.12487814356446647 0.4312916553786079 1.6728397882823904
69 2208 -0.9206568527498118 -0.9203208749732995 0.5148399722009286 0.9928909434824923 0.08427708857399596 0.3223341078014831 1.6997052965997703
70 2240 -0.93761008629735 -0.935419822349148 0.5143418835652297 0.9954055215884869 0.06539960163187322 0.2958112514102801 1.7053499921263895
71 2272 -0.9196080429521706 -0.9155513663922705 0.5183257065072893 0.9922280542472424 0.08323785373233925 0.3401774728047804 1.6962755515252192
72 2304 -0.8736969478013932 -0.8700883268113231 0.5291340060974457 0.9919328294102983 0.08732174521568033 0.4176661438146776 1.6786690874390533
73 2336 -0.8586173779055504 -0.8581904570273753 0.5285608020575799 0.9903843008743899 0.09802962625173305 0.4300659763376769 1.6749428194340448
74 2368 -0.8452314697286704 -0.8411403219108848 0.5322826472818349 0.9859991558616228 0.11625748360033855 0.4595074599712206 1.6659342999463438
75 2400 -0.7987996817708871 -0.7955426286580909 0.5362660060255703 0.9769451644739944 0.15100103702980391 0.5161472844546714 1.6464478939723517
76 2432 -0.70814099639154 -0.7081240956710538 0.5311529028680344 0.9442283349939109 0.23616024109880218 0.6041442272748717 1.6060006516731566
77 2464 -0.6756070944667395 -0.6522361595158606 0.5756227365802281 0.9615381003280454 0.17508595952874217 0.690744497927296 1.5786756935352706
78 2496 -0.7328593700084666 -0.7223326589684342 0.559089114036267 0.9757029939978017 0.1495495732445952 0.6091436544902373 1.6144903014068053
79 2528 -0.730439343294811 -0.7221130054214688 0.555843522737002 0.9735026942498167 0.15896368147846288 0.6060071408508219 1.61477115815481
80 2560 -0.6460772342499592 -0.6321020191423053 0.5798231530093196 0.9698229952855408 0.16576769175265124 0.6984234991279306 1.5763012682342468
81 2592 -0.7226740438203423 -0.7159463397892691 0.5464977999268383 0.9605848091344678 0.1964395587312448 0.6074745478331908 1.6100888713050387
82 2624 -0.8270966542149899 -0.8217028646131054 0.5285520397387581 0.9732432182541614 0.16110010684328674 0.4843484461469563 1.6551294022795042
83 2656 -0.8956941319361219 -0.8889753165677531 0.5164543605534038 0.9782121042254205 0.14084857653967606 0.38842479268817276 1.6820487088404714
84 2688 -0.9024438441968783 -0.8900177833311066 0.5136170185398387 0.9690692249643821 0.1555945447342673 0.3984755456205616 1.6783943449592922
85 2720 -0.937537814040424 -0.9275093914726548 0.49741818122928116 0.9623656162288239 0.1718798295644165 0.3245269069963673 1.6926723282502956
86 2752 -0.936854420701877 -0.9250274088161525 0.5037105996399195 0.9681295905728858 0.1501960531489738 0.33771220591722945 1.692155906408446
87 2784 -0.887205547933028 -0.8711112493580392 0.5130589545746173 0.9583547239771806 0.17817681069394536 0.433792224948494 1.6673563895295958
88 2816 -0.829470288123576 -0.8095368849291025 0.5256907041811847 0.9508331640234736 0.1971741366635793 0.521229753775747 1.6399517991727215
89 2848 -0.7938746395819671 -0.7568707574159133 0.5316799649038817 0.9241929901777594 0.21991233860079518 0.6084786642823256 1.6066711793158943
90 2880 -0.8647237085099221 -0.8446744874491714 0.5234119926842558 0.9593915983346474 0.1690182786005991 0.4799663577945021 1.6556162347852146
91 2912 -0.8498784890120573 -0.81723814227395 0.5272152575849114 0.9427260441330912 0.17618963303844581 0.5394856335594972 1.6364328475048053
92 2944 -0.8495170658230481 -0.8244843873917904 0.513653894210157 0.9346673096462152 0.2171312484341032 0.5114244656240386 1.6405179172793614
93 2976 -0.8276475727379891 -0.8141931207645773 0.5131499004758268 0.9421431222492165 0.2290666425643524 0.49979972943964923 1.642476393655735
94 3008 -0.8296437338441782 -0.8200875355875412 0.5144137749400479 0.9496913468592739 0.21798487245508735 0.4866482477854105 1.647924779323416
95 3040 -0.7624890976756307 -0.7618284091892973 0.507369112084558 0.929774264022843 0.2649799016326071 0.5406925887243541 1.6240188349367535
96 3072 -0.7511437916663553 -0.7484039043426715 0.516530652083439 0.935435616901792 0.253748711756736 0.5606141774033272 1.6190501336821495
97 3104 -0.7933636423582905 -0.7897950073423363 0.528424770423419 0.9642627279960498 0.18820854108882712 0.5201084823581715 1.6413606281497968
98 3136 -0.8133631120381688 -0.8109782381552553 0.5172699046329365 0.9576344116794201 0.2054268644535579 0.4891366672814217 1.6488011172004962
99 3168 -0.8328278117326747 -0.825884815774623 0.5222075562487303 0.9646286842984628 0.18425493006194762 0.4786614685419834 1.6543679515999756
100 3200 -0.799046552645762 -0.7911631728685906 0.5179036678278581 0.9463759016161697 0.2279660500036727 0.5198340662379666 1.636399713891513
101 3232 -0.8300625980134909 -0.8200659924239121 0.5213031753395063 0.9584296256710669 0.1967005860408862 0.49010271322572335 1.6495781915204735
102 3264 -0.8091437643739118 -0.7932432628075157 0.5362640489071908 0.963532651245697 0.174902321193315 0.5358681888996036 1.63775897560253
103 3296 -0.8104978043799222 -0.7922559500432506 0.5442660235039638 0.9715314936830303 0.14548142014300247 0.5433281617470556 1.638178764679161
104 3328 -0.8009952302337898 -0.7734852922157941 0.5428775682404515 0.9541552503745376 0.1742550699056966 0.5779650376331822 1.6234505184593202
105 3360 -0.8306063922785674 -0.8165713415450606 0.5386111275186143 0.9763035664729992 0.1371842747242173 0.5073144655858237 1.6503976817045518
106 3392 -0.858970940198934 -0.849765573434278 0.5234774314462686 0.9720197329751281 0.15892272496009552 0.4521178929892228 1.6644317283476193
107 3424 -0.8540434167619247 -0.8532086759092956 0.5148840529885861 0.9700802217685841 0.17290047381878118 0.43093012821109167 1.6686535442545327
108 3456 -0.860174580408176 -0.8570742163542365 0.5209498325167023 0.9771908180864093 0.14992265576679065 0.43142399564420897 1.6707472978491447
109 3488 -0.911310665751515 -0.9024217100064733 0.5173157165300155 0.9816725696304702 0.12117951263018599 0.3725345061737104 1.6871673205194022
110 3520 -0.922874450686144 -0.9093081980580429 0.5176576034976242 0.9797466180547455 0.10833382430124962 0.374209705064717 1.687670251899832
111 3552 -0.9104614964541907 -0.8972416503433587 0.516858752829739 0.9750057077766064 0.13192095542158924 0.39121985435355033 1.6821248131694162
112 3584 -0.9098910377435826 -0.8887282254863875 0.5181971487015095 0.9660094611736134 0.1303177348341425 0.4254761272208348 1.6739137830703406
113 3616 -0.9099686296274713 -0.8909384116034709 0.5154281743226747 0.9651868182740562 0.14208308054741697 0.4156293640164399 1.6754296851821162
114 3648 -0.8935827455410768 -0.8774248121008326 0.5237159945541635 0.9746049966655846 0.1271455965284766 0.42943731227097964 1.6731460163754075
115 3680 -0.8840864236739304 -0.8650459344993795 0.527799940905145 0.9730414101987688 0.12452252705635813 0.45395475506431815 1.6668590884084935
116 3712 -0.8452898123525923 -0.8158589517338911 0.541393547658652 0.9643801868374653 0.12565406159856868 0.5376141168051555 1.6417009831926144
117 3744 -0.8639278135344749 -0.8423908072157371 0.5358271846410892 0.9736961756079602 0.11778398409446135 0.4899410706625068 1.6571314614021764
118 3776 -0.8541931479221366 -0.8301557395922702 0.5408922543245428 0.9738708439669473 0.10924314214946802 0.5108322572732655 1.6513982986615952
119 3808 -0.8322892351733465 -0.8112859738255719 0.5503063288043061 0.9831671683331573 0.08398162760015279 0.5291601697925589 1.647099450831898
120 3840 -0.8886152743024102 -0.8704966169614816 0.5336577214401608 0.9835905102331131 0.07914408762187053 0.4469237270909021 1.6715248713547992
121 3872 -0.9288548894608336 -0.9158164586921363 0.518055044704805 0.9829737817350883 0.09385882044632672 0.3626222482517358 1.6910634603400552
122 3904 -0.932165643125148 -0.9165560458812003 0.5145269376324478 0.9759450015597162 0.10945056388084382 0.36803413222788584 1.6889557281294951
123 3936 -0.9505376656625779 -0.9350274154109015 0.5100262334430121 0.9762005328093069 0.0955561890397438 0.33700143685966544 1.6962603120661408
124 3968 -0.9531184340353054 -0.9435364784297549 0.5090246369711713 0.9836297198325962 0.09743376134832195 0.29866935645200654 1.7033212491089464
125 4000 -0.9256996392835701 -0.9135377305361589 0.5183949557291141 0.9835439424034604 0.09690868238503889 0.363862440828009 1.6906249824940716
126 4032 -0.9143981580366843 -0.900176144219992 0.520006164216843 0.979178253212429 0.11084542608893762 0.39083844301330156 1.6837335308706367
127 4064 -0.9279595842959074 -0.9141759593636417 0.5156849714681941 0.978521656813207 0.11030970336371275 0.36645800637042364 1.689242522230252
128 4096 -0.9368261142161064 -0.9291710743281004 0.511379658568364 0.9839081963125128 0.11124840051855488 0.32036472577507896 1.6985259008508293
129 4128 -0.9395492781002086 -0.9325713462383609 0.511651776592645 0.9860815523411326 0.10354758292946664 0.3121396355314653 1.700543073844279
130 4160 -0.8896283282380184 -0.8829088349844144 0.5253399447658368 0.9880367114289831 0.1013437859585765 0.40212318807618946 1.6816736837624067
