% # columns="iteration, evaluation, sigma, axis ratio, bestever, best, median, worst objective function value, further objective values of best", seed=1, Fri Feb 20 08:26:43 2026, <python>{}</python>
1 32 0.14818492197916172 1.0000333338888951 154.1949238407649 1.5419492384076489e+02 200.0 200.0   
2 64 0.13920619261046294 1.3877730970887974 66.20325613631337 6.6203256136313371e+01 200.0 200.0   
3 96 0.11580949997031524 1.34359240269511 66.20325613631337 9.2342663391438862e+01 200.0 200.0   
4 128 0.10931863905540215 1.5069174257942377 66.20325613631337 8.8204553318374280e+01 200.0 200.0   
5 160 0.1269514938872812 1.478989117238182 56.39405592499598 5.6394055924995982e+01 200.0 200.0   
6 192 0.13712093515428464 1.9440671823683284 56.39405592499598 1.3761377003480595e+02 200.0 200.0   
7 224 0.1530383219543829 2.8369018215641857 56.39405592499598 1.9026407828945659e+02 200.0 200.0   
8 256 0.16218693577257334 3.459145319568343 56.39405592499598 1.1839293898619034e+02 200.0 200.0   
9 288 0.1327362237892273 3.2542778195310715 56.39405592499598 8.6419393619600200e+01 200.0 200.0   
10 320 0.12199233208212648 3.070899296328889 56.39405592499598 9.4115199342812303e+01 200.0 200.0   
11 352 0.10589503623915089 3.0137724045866308 56.39405592499598 6.3457833135704604e+01 200.0 200.0   
12 384 0.09566111546174125 2.7910642327651844 56.39405592499598 9.1533006118676838e+01 200.0 200.0   
13 416 0.093923205838414 2.3393775549081375 56.39405592499598 9.2113031539794903e+01 200.0 200.0   
14 448 0.10837279239071158 3.0216887107637977 56.39405592499598 9.4753727871454160e+01 200.0 200.0   
15 480 0.09816498605940192 4.894290691567938 56.39405592499598 7.5166077138096938e+01 200.0 200.0   
16 512 0.10291537393154071 4.8057547952371475 56.39405592499598 5.9050652102446236e+01 200.0 200.0   
17 544 0.09030252497995778 3.9458396012785775 56.39405592499598 8.2112324404221951e+01 200.0 200.0   
18 576 0.10404051250170772 4.5393364793426185 56.39405592499598 7.0723504155116728e+01 200.0 200.0   
19 608 0.1142873692032965 5.236356413086571 56.39405592499598 9.0772286770360012e+01 200.0 200.0   
20 640 0.0978643376331812 5.765017401181709 56.39405592499598 5.7447013050941813e+01 200.0 200.0   
21 672 0.09194399292555636 6.224294132275464 56.39405592499598 7.3504594112820030e+01 200.0 200.0   
22 704 0.07729362823119629 5.805182290477215 56.39405592499598 7.0384715521832078e+01 200.0 200.0   
23 736 0.10291988440919808 4.693985671436436 56.39405592499598 5.8272126147611644e+01 200.0 200.0   
24 768 0.10257355910886301 3.6403561499156627 56.39405592499598 6.1036980177130097e+01 200.0 200.0   
25 800 0.10486650561891624 3.0752651006937226 56.39405592499598 6.0186099082581293e+01 200.0 200.0   
26 832 0.10716433412218622 2.218212983399292 56.39405592499598 6.5368456386226043e+01 120.32156272574626 200.0   
27 864 0.08875890759380979 2.033490148640125 56.39405592499598 6.3858343631740389e+01 200.0 200.0   
28 896 0.0882457634638433 2.1394291189975996 56.39405592499598 6.3721044920259480e+01 105.56346519811972 200.0   
29 928 0.08306403564121491 2.4568164000875274 56.39405592499598 7.1108531359243614e+01 119.0527538605171 200.0   
30 960 0.08558638600572753 3.0333721596619765 55.04018716499309 5.5040187164993092e+01 117.71316902909146 200.0   
31 992 0.08261930958699519 3.6691403947701087 55.04018716499309 6.0538276323342572e+01 110.96874742820357 200.0   
32 1024 0.08385216694484274 3.200957962320843 55.04018716499309 6.3672584347425321e+01 94.01822845976417 200.0   
33 1056 0.1082659028166774 3.3460870632786706 55.04018716499309 6.5164181563801051e+01 94.5938651924003 200.0   
34 1088 0.11066635514730147 3.5908539980442806 55.04018716499309 5.8786378001347792e+01 114.71474106606351 200.0   
35 1120 0.10730420991434393 3.113129174114891 55.04018716499309 6.0792710387608295e+01 102.48303876609519 200.0   
36 1152 0.10720134988947651 3.4482289493204332 55.04018716499309 5.7349274693550463e+01 96.07664172835243 200.0   
37 1184 0.1295745845535094 3.736541151956849 55.04018716499309 6.1741539156018526e+01 105.95650385035165 200.0   
38 1216 0.11544698444295282 4.648279184934119 49.73574654707033 4.9735746547070327e+01 100.50121135457171 200.0   
39 1248 0.10641680401574825 4.302815506175175 49.73574654707033 5.7030604110469113e+01 94.75009313013814 200.0   
40 1280 0.1127689616140426 4.833014891456119 49.73574654707033 6.0005881021631815e+01 92.22561777144952 200.0   
41 1312 0.09795022500637815 4.473677233135171 49.73574654707033 5.0593329550967646e+01 102.19770292147886 200.0   
42 1344 0.10963831234755293 4.456839370649508 49.73574654707033 5.7044634992769858e+01 103.20781405403226 200.0   
43 1376 0.11833254009523057 5.797029563801867 49.49156450239436 4.9491564502394361e+01 100.12736793440041 200.0   
44 1408 0.1167455431419445 4.679671073493253 43.70740795986094 4.3707407959860937e+01 96.63030220364566 200.0   
45 1440 0.09959530968874955 6.184293329644248 43.70740795986094 5.5163218815929760e+01 105.39230018669076 200.0   
46 1472 0.08351280525986594 7.232954879324904 43.70740795986094 6.8348715786088576e+01 99.02533955472803 200.0   
47 1504 0.08001026662629951 6.510089537006571 43.70740795986094 6.8614615339915431e+01 105.23495607171363 200.0   
48 1536 0.07590977115200746 8.00074250461036 43.70740795986094 5.5449705175551507e+01 105.94673283966931 200.0   
49 1568 0.06652702889624364 9.537014675598863 43.70740795986094 5.2779085513951323e+01 105.29087793843796 200.0   
50 1600 0.07949226654517325 8.006461333657393 43.70740795986094 5.7788347478406379e+01 91.25729424205645 200.0   
51 1632 0.09388289284559254 8.176070363321054 43.70740795986094 5.2844030637882923e+01 97.15803360433752 200.0   
52 1664 0.08335421783340913 8.26331232930086 43.70740795986094 5.2645761471814900e+01 100.50241923426131 200.0   
53 1696 0.08766604227617893 8.534483175386596 43.70740795986094 5.6036342578945685e+01 93.78028313061387 200.0   
54 1728 0.08055160406167391 6.506217341965888 43.70740795986094 5.3058787161429635e+01 96.83389740975785 200.0   
55 1760 0.07458127718488043 6.1659975476290905 43.70740795986094 4.9699651417293850e+01 80.35536635343381 200.0   
56 1792 0.07762412990541648 6.725498979904181 43.70740795986094 5.7805778023689939e+01 92.21327022150135 200.0   
57 1824 0.07768362425551424 6.450300898607008 43.70740795986094 4.7967911279209318e+01 101.1225710759863 200.0   
58 1856 0.08068420759888935 4.493997617342547 43.70740795986094 4.6934230247294288e+01 92.60142214098747 200.0   
59 1888 0.08269255989323307 4.174036891782613 43.70740795986094 5.3727710246974610e+01 89.26227287531532 200.0   
60 1920 0.09414358766131117 3.5095140681443873 43.70740795986094 5.0778119476231659e+01 80.58460292133704 200.0   
61 1952 0.08431012075316915 3.3484661393842403 43.70740795986094 5.0136861417522361e+01 94.51999603919072 200.0   
62 1984 0.10161212837637522 3.424842710396315 43.70740795986094 5.6829185762856696e+01 91.42144866814827 200.0   
63 2016 0.1133803040512521 3.454251917337885 43.70740795986094 5.3532931744893638e+01 91.15572547097526 200.0   
64 2048 0.10590614915123309 3.3666176576725686 43.70740795986094 5.3681390597802377e+01 89.91779458900022 200.0   
65 2080 0.1146519729816457 3.483530415988266 43.70740795986094 5.4251998134747467e+01 88.64415010132703 200.0   
66 2112 0.1363600067584376 2.8278752831013922 43.70740795986094 6.4090226840929432e+01 87.29584493658683 200.0   
67 2144 0.11178933318173336 2.388881150757944 43.70740795986094 5.0679114232390482e+01 88.60984391385071 200.0   
68 2176 0.13464251102369057 3.085747342402881 43.70740795986094 5.4178853838914108e+01 87.71768129106891 200.0   
69 2208 0.14798845322452536 4.155629996224115 43.70740795986094 4.4808438004427472e+01 92.25111492144546 200.0   
70 2240 0.1715831863026603 4.8484192974388245 43.70740795986094 5.8607576852261715e+01 87.03072526706032 200.0   
71 2272 0.16184047696628634 7.821384885761913 43.70740795986094 5.0370294885763045e+01 82.54348284954567 200.0   
72 2304 0.14663304719586262 7.403868482022095 43.70740795986094 5.5599952417664888e+01 93.75359446402847 200.0   
73 2336 0.16974709234816673 7.376552398864448 43.70740795986094 5.0323106508794893e+01 81.71090025669925 200.0   
74 2368 0.16558651995125992 8.42987386120767 43.70740795986094 5.2506799577476833e+01 90.11026022195414 200.0   
75 2400 0.16270158961355155 7.591665259853991 43.70740795986094 5.2274159986831712e+01 95.75560898399831 200.0   
76 2432 0.2007345487506586 8.1764909351184 43.70740795986094 4.5619599053180274e+01 78.62001798674514 200.0   
77 2464 0.1871881520980955 8.323673309948889 43.70740795986094 5.4563187269724665e+01 90.6059473062599 200.0   
78 2496 0.22329289395755014 10.297733113657547 43.70740795986094 5.6296516649984689e+01 98.99864919246681 200.0   
79 2528 0.22121994442311113 9.623639941548602 43.70740795986094 5.7782056852654421e+01 83.07944749239141 200.0   
80 2560 0.1993439647138752 11.755977921522943 43.70740795986094 5.7872398612156260e+01 92.66120950703343 200.0   
81 2592 0.18357515248911846 11.33076605310317 43.70740795986094 5.2346813163254673e+01 88.95358375969774 200.0   
82 2624 0.18324992176072097 12.0152037286506 43.70740795986094 4.9454770570421132e+01 87.97438489971992 200.0   
83 2656 0.16061483035097854 12.733735175956852 43.70740795986094 5.4289391477231611e+01 89.85639734356859 200.0   
84 2688 0.14100146624679694 11.803579584317596 43.70740795986094 5.2439203034426818e+01 90.17304993002634 200.0   
85 2720 0.17371495870870843 13.457474290704921 43.70740795986094 5.2094317520205905e+01 83.77852440864274 200.0   
86 2752 0.1633589944958351 9.287443762085209 43.70740795986094 5.6349902669423457e+01 77.5284218635859 200.0   
87 2784 0.14629920047754721 9.720765566705369 43.70740795986094 5.3342823843404382e+01 82.14044694879419 108.53506918552986   
88 2816 0.13536652140956248 8.928232944985375 43.70740795986094 4.4355940894941540e+01 86.38723487942076 200.0   
89 2848 0.1162450149617282 9.574933837262773 43.70740795986094 5.7154985622273408e+01 85.42265936889159 200.0   
90 2880 0.12700553372698561 10.32986345565166 43.70740795986094 5.2534282425646182e+01 87.15929182075679 200.0   
91 2912 0.11335018545129191 9.996165112188137 43.70740795986094 5.6445438010129429e+01 81.64384654612397 200.0   
92 2944 0.1273385688839738 11.870240299245157 43.70740795986094 5.2260707268836839e+01 72.04732574844077 200.0   
93 2976 0.11088846189770553 16.381453094112196 43.70740795986094 5.4744138027363284e+01 86.70159175625784 200.0   
94 3008 0.10801902289347072 12.55294608622087 43.70740795986094 4.5198217020516523e+01 92.68457886195384 200.0   
95 3040 0.10575186076571046 14.348975279561573 43.70740795986094 5.8548538759730029e+01 75.13618228727434 200.0   
96 3072 0.1255426089973898 13.79058676001468 43.70740795986094 5.7366807870365676e+01 79.67608458484129 200.0   
97 3104 0.10330127614557125 11.420880184278476 43.70740795986094 5.1697061034880832e+01 87.45169010249914 200.0   
98 3136 0.11034033122479667 11.270592982545045 43.70740795986094 4.4478024240033847e+01 79.10228941665662 200.0   
99 3168 0.09647068982036129 14.723988265261873 43.70740795986094 5.2546879759727219e+01 81.6327835100652 200.0   
100 3200 0.07952176010516109 10.502697013667376 43.70740795986094 5.4262461110576758e+01 80.1584524683953 200.0   
101 3232 0.07284992802201275 10.290910675271792 43.70740795986094 6.4697252637996058e+01 83.42041366206435 200.0   
102 3264 0.08584368269486968 10.49330068999306 43.70740795986094 5.8365985962571898e+01 96.4976336821739 200.0   
103 3296 0.10950641892379612 12.655130722297827 43.70740795986094 5.6413428961898241e+01 83.83129706216576 200.0   
104 3328 0.10015207643221596 10.515483783399542 43.70740795986094 4.4783796141442281e+01 72.64115463736353 200.0   
105 3360 0.0988842672977666 9.395119750853937 43.70740795986094 4.9063072389572888e+01 81.59033394630174 200.0   
106 3392 0.08716486567436127 11.472748671691683 43.70740795986094 5.1760753162536957e+01 90.3526600595497 200.0   
107 3424 0.07790496755641077 10.016404546958038 43.70740795986094 5.0343275519994357e+01 79.7910472985064 200.0   
108 3456 0.09222453896671944 9.418641587223158 43.70740795986094 5.3790368545864702e+01 77.84503605627242 200.0   
109 3488 0.09521973328927515 9.393418482287185 43.70740795986094 4.6460045476323870e+01 82.61939681787504 200.0   
110 3520 0.12467804829273357 11.25495658313889 43.70740795986094 5.0166058879200364e+01 78.18019288399002 200.0   
111 3552 0.1301730039951713 12.42550140057529 43.70740795986094 5.3004744767123590e+01 76.02304428341506 200.0   
112 3584 0.13469326760570913 18.4639137139586 43.70740795986094 5.3023001303016088e+01 92.48747398182897 200.0   
113 3616 0.133952278654666 18.276646454735534 38.86417610332859 3.8864176103328589e+01 79.8411178900728 200.0   
114 3648 0.12531252448387012 19.38081136572827 38.86417610332859 5.3591218705411890e+01 81.74162645491091 200.0   
115 3680 0.11646302367172301 20.15228653679535 38.86417610332859 6.0284760645712005e+01 78.7026112230871 200.0   
116 3712 0.11676381611581756 24.925487329323634 38.86417610332859 5.7958685518458630e+01 86.18721041181381 200.0   
117 3744 0.12945353558271483 29.704948348026363 38.86417610332859 5.4842632912983753e+01 88.42585856307787 200.0   
118 3776 0.13063318310618408 32.221558769685494 38.86417610332859 5.5346203251600691e+01 84.75786729495499 200.0   
119 3808 0.11718755436611485 34.48556961483685 38.86417610332859 5.6417484675563003e+01 86.09395525426584 200.0   
120 3840 0.11275822223313017 26.179477779690423 38.86417610332859 5.9159713409640389e+01 84.27111622843594 200.0   
121 3872 0.10283276647653644 32.81121155638527 38.86417610332859 5.4189107660447206e+01 78.43261311275769 200.0   
122 3904 0.10679569796014192 37.283594542665924 38.86417610332859 5.6649731460543073e+01 85.1117004742839 200.0   
123 3936 0.1257848542793395 27.667218722999177 38.86417610332859 5.7211809753539718e+01 75.21033183456717 200.0   
124 3968 0.15602942128712943 19.066364905267797 38.86417610332859 5.4810274181118778e+01 78.49025030955546 200.0   
125 4000 0.15018895115012168 22.603138695804542 38.86417610332859 5.4700153178489188e+01 80.51625797333666 200.0   
126 4032 0.15769512324810708 22.937167101911307 38.86417610332859 5.6027879396902215e+01 75.24384277363457 200.0   
127 4064 0.14856648239993236 17.704465110042086 38.86417610332859 4.8021805580562784e+01 92.02009380154396 200.0   
128 4096 0.1843401412347413 13.442401795886987 38.86417610332859 5.1446506584605011e+01 92.19282086530606 200.0   
129 4128 0.17594915516492998 21.570250464322765 38.86417610332859 5.2891476441373371e+01 73.57870999621953 200.0   
130 4160 0.1680302735385932 18.179701081901538 38.86417610332859 5.0086944099377405e+01 82.72390850241334 200.0   
131 4192 0.17885273411068217 19.939402152100588 38.86417610332859 6.1322686571176455e+01 79.84055430084395 200.0   
132 4224 0.1491771069219002 23.127588393219675 38.86417610332859 5.2983232653440126e+01 78.48929171690243 200.0   
133 4256 0.1695628866797626 25.887618624257318 38.86417610332859 5.3853976209691190e+01 84.11178338262879 200.0   
134 4288 0.18266507933113682 28.378782621868925 38.86417610332859 4.7922370286424723e+01 72.4780506562322 200.0   
135 4320 0.21296697505701642 34.00065803069812 38.86417610332859 5.3463229504697374e+01 77.863816096583 200.0   
136 4352 0.21585191964863204 37.02588769858729 38.86417610332859 5.4689847777056777e+01 80.15886062096838 200.0   
137 4384 0.22063374652033993 41.24070560388232 38.86417610332859 4.6354179152837794e+01 85.64395990142353 200.0   
138 4416 0.19945284301019445 38.25486970919787 38.86417610332859 5.7775623693619046e+01 86.19997059523342 200.0   
139 4448 0.19971016681687417 43.929259783890345 38.86417610332859 5.5246511228381294e+01 80.86372044400929 200.0   
140 4480 0.19397109500397422 51.307839683201166 38.86417610332859 5.3811860442489923e+01 84.06310830222463 200.0   
141 4512 0.24730500902565036 62.010503949583736 38.86417610332859 4.8624621400399135e+01 83.8996194480013 200.0   
142 4544 0.28311477295314214 86.47102111456792 38.86417610332859 5.2608063011995576e+01 79.3939430235001 200.0   
143 4576 0.3237071979024553 128.24225808830022 38.86417610332859 4.5072863684559515e+01 84.19465351176001 200.0   
144 4608 0.28493414002452505 169.7586597082553 38.86417610332859 5.0726046277273724e+01 93.00190272147854 200.0   
145 4640 0.26452518233735445 163.00641437225244 38.86417610332859 5.6820895978345099e+01 92.60571537261504 200.0   
146 4672 0.27423063559193045 200.01163902579592 38.86417610332859 4.7483625637997513e+01 90.89261180496307 200.0   
147 4704 0.265059731177796 227.8919292156179 38.86417610332859 5.0511054985732081e+01 85.98009915632274 200.0   
148 4736 0.23188243071238052 164.17032843907847 38.86417610332859 4.7113155039955366e+01 84.04415588364617 200.0   
149 4768 0.20590708460008905 150.33468914655748 38.86417610332859 5.4680695874061513e+01 96.82827159981484 200.0   
150 4800 0.20786964204065675 125.18940824547187 38.86417610332859 5.2336196855577953e+01 79.29680352139822 200.0   
151 4832 0.1976134466753899 119.271591195159 38.86417610332859 5.3070306976018792e+01 86.78973406476858 200.0   
