% # columns="iteration, evaluation, min max(neg(.)) min(pos(.)) max correlation, correlation matrix principal axes lengths  (sorted square roots of eigenvalues of correlation matrix)", seed=1, Fri Feb 20 08:26:43 2026
1 32 -0.10810945195238537 -0.0844387595395524 0.018443742735677487 0.029067217747921145 0.9437833367402292 0.9966639163065758 1.0563777975818678
2 64 -0.07957323930634369 -0.05404496613825499 0.04483504707460256 0.05226677831079972 0.9452744216783765 1.0101909842202572 1.0420990562901005
3 96 0.11654176194372334 0.13159953713243894 0.200850567016711 0.2088764684560861 0.8811907155000577 0.9412391262313119 1.1565344050947266
4 128 0.1473150682058202 0.1560421357451925 0.2322040765984206 0.248864322676791 0.8642514266717781 0.9296359905391781 1.1784932738840883
5 160 0.13353692169270728 0.14699849808207874 0.27165758628873865 0.29974903930158714 0.8328871343134793 0.9402243080071158 1.1925926681510417
6 192 0.37263794033476183 0.3751598142566287 0.5773516152194188 0.6422270082851487 0.5980400715003203 0.8354691484218887 1.3943957024156008
7 224 0.4620833850264511 0.49450595762144833 0.7159943821780002 0.7574012844351868 0.4715679795191704 0.7495729557191005 1.4885442636168862
8 256 0.4239368862965952 0.4680630237527103 0.6271070699906514 0.63599561461385 0.5575604708283812 0.759854603329456 1.4531852267239267
9 288 0.2614456067303559 0.32799717829708586 0.5284418807157527 0.5287052099552451 0.610255852529429 0.8593922747362913 1.374420864428783
10 320 0.25384358257192247 0.2799302813818838 0.43424025399440486 0.4595902127219505 0.7217575784036729 0.8706570764422127 1.3118773773710581
11 352 0.044673657441303846 0.05639983435892556 0.3156307902540331 0.3903149319681139 0.778974023722224 0.9901148556523642 1.1886429417543802
12 384 -0.2422133267571289 -0.18588490937642735 0.22039734957946447 0.29949635185072687 0.7892877350564443 0.9917033342678753 1.1804869199154417
13 416 -0.029409754363259943 0.05254853807465374 0.47587702252965014 0.5350282249100686 0.6120020703990116 1.0124262963515178 1.2650875306804945
14 448 0.1861801107044994 0.27914593884221944 0.6540530901973487 0.6860563125113384 0.4483890822110608 0.9044812131273742 1.407430625662791
15 480 0.2800190328622697 0.36966144789992755 0.6552478960296874 0.6608009637019494 0.4586039023143301 0.848635278048818 1.4385759019367292
16 512 -0.022650342325343745 0.10666623209028711 0.5662783941340948 0.5901658737330664 0.4676880894959258 1.0110890137475947 1.3262604786476022
17 544 -0.18951135237245792 -0.039511902089748224 0.5353044560394795 0.5769104584665123 0.44112501273854665 1.0851165509087084 1.2759039125578404
18 576 -0.11797281885878394 0.03519329388584347 0.5863922611881599 0.6169591375443046 0.3862244183609822 1.0559480925258544 1.3174992692797716
19 608 0.09704227271279352 0.21751604324815682 0.6961493700410851 0.7352200417700312 0.3314713527657851 0.9516938667316394 1.4086892937482705
20 640 0.033868726036642385 0.16573534436747073 0.6794930669510767 0.7188790228147837 0.3227474230065245 0.9834350255961092 1.3887727140801072
21 672 -0.01639531247680215 0.11715876880280274 0.6015605071461314 0.6294736719809695 0.4204973370653317 1.0080116216560697 1.3442821728072067
22 704 -0.019483549958025658 0.10000699384970244 0.5880267041580566 0.6312093971197799 0.4588157965820971 1.0092211495085028 1.3307744873536882
23 736 -0.018179355606329203 0.0753343825012165 0.6273790025678803 0.7178801378158892 0.43750452469272383 1.0072069233441796 1.3394491421629064
24 768 0.3821781176064592 0.4130526605285382 0.6520379651303352 0.7008251904088553 0.5309029739950456 0.8047632373301481 1.4389225705523963
25 800 0.2954482852070074 0.2957945530294456 0.49465647827889647 0.560597518872942 0.6628726180709213 0.8811074936310272 1.3357580158393407
26 832 0.2620961204832345 0.27183553881953404 0.41680871922845397 0.45539369436179444 0.7361648604013434 0.8783434050990833 1.298681701199035
27 864 0.2351290200538988 0.24039289279935877 0.5022763805717517 0.5843070037504228 0.6443854868860989 0.9157831984583952 1.3214039797548203
28 896 0.268412383186289 0.3221699819259823 0.590537065308638 0.6262351610298299 0.5687360043926457 0.8618246807740494 1.3906105051078095
29 928 0.14587701637088354 0.23981714837966894 0.6412511086769549 0.6811222967672648 0.4567147396787715 0.9270683742551027 1.3899481558735032
30 960 0.2251174300171963 0.3289059908292315 0.6890676830319584 0.7053330196208323 0.39055890504873947 0.8809446950710742 1.4392359729777677
31 992 0.24301812735846984 0.31097662281657573 0.6887303620694529 0.7466897796956394 0.4402680992887762 0.8804476320276199 1.4251231413480048
32 1024 0.04983812163464199 0.13945436833825384 0.6572244326938623 0.74019820744212 0.4183680522774333 0.9787165804962565 1.366412100317946
33 1056 -0.04875151607584098 0.07089560897869575 0.6385845664099823 0.7081670938325412 0.38651603398917134 1.0213795595006125 1.344391740120273
34 1088 -0.2320548938419556 -0.05219360460234085 0.507962125644221 0.5148194131534601 0.407087036716187 1.1097806620415163 1.2659648599768982
35 1120 -0.46333017827719936 -0.27352851897267905 0.4497493791588313 0.5010403525648144 0.39248009436952347 1.1377324238826654 1.245601985856544
36 1152 -0.45107795628308905 -0.26825406147268555 0.46210395283881933 0.5227327294655841 0.3953203999719472 1.1294993382880236 1.252179310711104
37 1184 -0.47408623613214457 -0.3133537157455456 0.5342700944394213 0.656078844114478 0.32400769479271213 1.0768316938982894 1.3173657490352686
38 1216 -0.6031955855830986 -0.4192018454226317 0.42981583626452446 0.5288279899997763 0.35935415329996734 1.0637542054678524 1.3188220436645428
39 1248 -0.6589659729550503 -0.4920194079640663 0.44373057227184187 0.5887006673594939 0.3346263975979133 1.0043726913987485 1.370861287951147
40 1280 -0.5075254284434519 -0.3591895103120997 0.5086807179059856 0.6496348758473285 0.364271735665895 1.0407757627000287 1.335699035850191
41 1312 -0.6821183749832358 -0.5213066436439924 0.39830057969842064 0.5440245894733149 0.38236485217268207 0.9808700461395328 1.3753876080615217
42 1344 -0.7391902519882976 -0.5404407512891722 0.3374480002043413 0.43132808333638706 0.3451294960397958 1.023980421211819 1.3536431316776891
43 1376 -0.7268739236949403 -0.49217972550715916 0.22016834287626835 0.22292350081629642 0.4006353121159734 1.054763329753617 1.3141406564340057
44 1408 -0.7952492930466506 -0.5479153808420638 0.2308529971283119 0.24310854424718376 0.31406864203628126 1.0509428598820652 1.340477524374203
45 1440 -0.7944833199279706 -0.5664490955686724 0.292726932160642 0.35108471704444877 0.28901022105536117 1.0422393687516682 1.3528526122049125
46 1472 -0.8021642084592423 -0.5757789666473768 0.25106508679866085 0.3002945294688079 0.3249085051992934 1.0331122420482353 1.351707645380179
47 1504 -0.8381813020668362 -0.6669206960780898 0.35710872333316573 0.5271912571481712 0.2717037184637057 0.9287668583428986 1.4365128653154688
48 1536 -0.8561675886584584 -0.6839152878942399 0.36824287234280473 0.5467099583242678 0.23297651081706808 0.9214721406335714 1.4479679000045849
49 1568 -0.847381618850197 -0.5912829831758013 0.22177603857203904 0.2366970768135901 0.24768945360267802 1.0435706303163068 1.3600037772430016
50 1600 -0.7682088068603254 -0.5631555013749656 0.3819507423540786 0.49193285144506693 0.2522136550063571 1.023331472966098 1.3744747973918512
51 1632 -0.724320750153054 -0.5514753937784797 0.44770628567182513 0.6079214891140191 0.2653994194954926 0.9836467600841827 1.40071488872909
52 1664 -0.6857053568061016 -0.48961340856818447 0.45901285797748864 0.5791296652547959 0.2288390728597858 1.0474911202861474 1.3602922596465603
53 1696 -0.6810066727898019 -0.49292069174497366 0.4473415932970907 0.5726763739329506 0.2725750481672529 1.034536800494328 1.3621440641648663
54 1728 -0.6629632702020396 -0.4941211252048886 0.47740716220349466 0.6324077796758047 0.2785007528951462 1.006176678166603 1.3820440741707398
55 1760 -0.6692200238067469 -0.4878760761750975 0.48156236176412487 0.6233645601122162 0.23871636801722043 1.0276251886257717 1.3736815378181781
56 1792 -0.7486947843860368 -0.5714230229142574 0.438555699692438 0.5979435124228905 0.24680397158807357 0.9804978020073454 1.406311437721787
57 1824 -0.6520288500281641 -0.4812308776755557 0.4468436982394705 0.5854039178585375 0.3287871939262093 1.0153730510887553 1.3641541511987718
58 1856 -0.6354360869390896 -0.5232518946516771 0.4990916194751011 0.7276885985632813 0.3486945470313929 0.9028501392642756 1.436410017683339
59 1888 -0.5229490235497748 -0.4243392847965266 0.5128509999263546 0.7266380227474001 0.40313660232130477 0.9372324906649839 1.3996700105063142
60 1920 -0.6184188533798867 -0.4923237530165433 0.4031579309641469 0.5755567252610336 0.4583689675835843 0.9414170977245157 1.3797216160038621
61 1952 -0.6789770238074444 -0.5415470770288765 0.33799211601673257 0.4937419002533677 0.4675442260236059 0.9366558212127306 1.3798834259821708
62 1984 -0.6810744611105806 -0.558473527150179 0.32349724817174125 0.4948865726519797 0.49114999888484706 0.9053327015981546 1.3925316434510213
63 2016 -0.6232323262310269 -0.5114436226075296 0.24759715501022908 0.3888220439259848 0.5787509202301481 0.9185649555212042 1.3495502194513127
64 2048 -0.65101299676319 -0.5215765300471866 0.2949282065200862 0.4376599853265071 0.5223943383553777 0.9365480522303494 1.3601403975758481
65 2080 -0.6241311820145006 -0.530683617488884 0.3176793648260059 0.5070194610720193 0.5537322129306219 0.8695889914085244 1.3918317507457796
66 2112 -0.5448106221682054 -0.47159980333955515 0.27980017792500195 0.45705601951787067 0.63239432307274 0.8678161209978736 1.3590337009366522
67 2144 -0.5941827313173793 -0.49098900349699315 0.34497080736924407 0.5204303498376036 0.5426380251728795 0.9057357566784853 1.3730210168495343
68 2176 -0.7295994769130845 -0.581114492287124 0.37471286672997545 0.5448370017763814 0.38881138845212954 0.9328279089008574 1.4066477158782795
69 2208 -0.768057741405454 -0.5452870280483244 0.28364198791388445 0.3371809465441579 0.33309014337403486 1.0438673669343363 1.341414133158228
70 2240 -0.8290307927580736 -0.5893399260031963 0.29333679093961074 0.3478714964990025 0.222018000131428 1.0448054989460824 1.3634843149041613
71 2272 -0.7582656546106864 -0.5062240444637223 0.3288873379933902 0.3552161886654636 0.22053008832390258 1.0883596522408427 1.3292252433346443
72 2304 -0.8080838306687765 -0.5737585099091451 0.32199427186726726 0.3862532116997732 0.22214390253700747 1.0486729881946668 1.3604914738418967
73 2336 -0.7580135577786455 -0.5069997794343327 0.35031095600956375 0.3850674228132165 0.18577740409834917 1.091990302339214 1.3315569592486798
74 2368 -0.6535169550400057 -0.39664380363293794 0.38504174916204803 0.3887304486866422 0.20650674150172654 1.1417467391540197 1.2859896381174702
75 2400 -0.6637874719359529 -0.407076394145529 0.3901578287445492 0.3991914919174847 0.18716328723750628 1.1400529790684049 1.2904453141562047
76 2432 -0.3389091228789656 -0.13276659040480476 0.5795985452815252 0.610911058036141 0.18569172855636035 1.151250819799994 1.2806795586155006
77 2464 -0.3709274727721872 -0.172389070300963 0.5963035680632782 0.6539960450468011 0.1515662647040498 1.1488039172255613 1.2873527982534034
78 2496 -0.13946227137221978 0.02710162208835648 0.6787961359332544 0.729463747087644 0.1750545869739706 1.0639826042144587 1.3554692580462278
79 2528 0.23032923578379827 0.34423493152210105 0.7988889227968847 0.8365345574835097 0.15499738374416702 0.8800925645156895 1.4837159057301574
80 2560 0.14209218357217818 0.28098136556641884 0.7559799122772841 0.775423579186665 0.1583210437256884 0.9266757680848532 1.4547186903171194
81 2592 -0.06353198705591281 0.09849535044314514 0.7056149924724495 0.7459608689831596 0.14425988534752868 1.0303755547812021 1.3847437674851069
82 2624 0.07133441427933092 0.2293074136536789 0.7254712692161445 0.7328862216959517 0.13894487393473073 0.9637048401798869 1.4324689535976414
83 2656 0.05397848428840364 0.20561444245513183 0.7316966512214303 0.755421429310135 0.15130922292173846 0.9728859407057585 1.424990689596213
84 2688 0.05767009402138358 0.20948158705269754 0.7363671226959352 0.7601841415457005 0.13489279897181183 0.9710027721113348 1.4279207083510113
85 2720 -0.42867160708908547 -0.20114018855990043 0.5288852095571815 0.5446955904003571 0.16899732502916065 1.191131542277566 1.2460519865256248
86 2752 -0.33726857190926374 -0.14216764200178383 0.6085439667579866 0.6636802397704302 0.153004604125607 1.140361986325331 1.294667575580895
87 2784 -0.15752345679866886 0.01589156192215302 0.6642400409982097 0.7069411819694067 0.1811027908490784 1.072994476202523 1.347547636703634
88 2816 -0.1793404267035273 0.019065605926189666 0.6201557445608415 0.6221130914760086 0.17738853696217396 1.0859671831787128 1.3376130172861327
89 2848 -0.04131818045882389 0.12861272483726435 0.687346496167904 0.7036601813153622 0.1705959318616619 1.02035412530557 1.3891632326707168
90 2880 0.005328150096511591 0.14593740865143048 0.73384289043402 0.7892021258066308 0.1740934401092149 0.9974709396658539 1.4052555634592088
91 2912 0.022793891018031486 0.1378639413994607 0.7683527581266014 0.8634456466542191 0.14212049468074453 0.9902413339377135 1.4139391307807274
92 2944 0.0965908676688089 0.20680315902142457 0.793462037366674 0.8788027054624749 0.10465422682153364 0.9561250345064233 1.4404417416884585
93 2976 -0.013705070092386227 0.10402415209439814 0.7612959092188978 0.8626572727402799 0.1339880447843336 1.0056544537792653 1.4038184795224768
94 3008 0.03315246259617977 0.1464765876918107 0.7767340983352123 0.8734958101207152 0.1184153463058007 0.9858115460416851 1.4192087237084539
95 3040 -0.042945575741913315 0.0753740325246865 0.7568471841740175 0.8656852931238613 0.1250943952697468 1.0169620233009993 1.3964740009880725
96 3072 -0.00827070569369322 0.08080927900147576 0.7694456427304558 0.9099111126116135 0.151694868523888 1.0027559136656599 1.4040901838813875
97 3104 0.09621636454918281 0.16619883137135683 0.7952598373608984 0.9349643725352382 0.1497121193421615 0.9662734428210369 1.4296509766446
98 3136 -0.07849244164266267 -0.004167590690197759 0.7615575217045162 0.9424743748836226 0.11197596135104967 1.0170541298684757 1.3975200467245494
99 3168 -0.04987651557528066 0.028142066901527825 0.7604473576017868 0.9265305386917313 0.15170893318649759 1.012958594950751 1.396745962767323
100 3200 -0.01341026121586324 0.038408932773243844 0.7642399951689521 0.954364488645081 0.15312190537020917 1.0026123296837834 1.4040378194556773
101 3232 -0.1537664823772629 -0.07891920272997384 0.734398211425392 0.9306567364965581 0.15313184087183246 1.0226716608951043 1.3894939054609967
102 3264 -0.004667219597191049 0.07819862457121464 0.7753514486061927 0.924869879116113 0.13273418354013777 1.001464992909178 1.4069291042896772
103 3296 0.015916619999430465 0.15364517062641952 0.7451838758752122 0.8046348936644874 0.15233938558391957 0.9924781972030315 1.411304268992528
104 3328 -0.1858795592042986 -0.055739273032950315 0.7061204080244459 0.8299333488722296 0.17192312838715187 1.0611356956051992 1.3580992134001273
105 3360 -0.25080364574853775 -0.15222884587898344 0.7088483187230634 0.8972992403875247 0.15130323168419943 1.03591494709387 1.3798505551216125
106 3392 -0.30896614015446394 -0.18076408684557643 0.6768528396875849 0.8345230952230844 0.17192227740339572 1.062393921462177 1.3571152810917164
107 3424 -0.3605358511852055 -0.20185036600170908 0.6392246196253242 0.7608974629841723 0.17547382922754035 1.0965592443762566 1.3291977877009866
108 3456 -0.15774111603435567 -0.012094703910154811 0.700188313806881 0.7919695742550255 0.17162000577388034 1.063079898006458 1.3566162700162314
109 3488 0.051337065426854525 0.16746357579238894 0.7714956688400779 0.8567131894904398 0.1486633251933479 0.9770639019360112 1.4224082913411442
110 3520 0.24687262829875156 0.3514233409764594 0.8162769237270036 0.866677405299477 0.1335758208467709 0.873173479183599 1.4898743488413784
111 3552 0.21258673964770408 0.3155160605953042 0.8214164957327514 0.8871206531643006 0.08784729602789743 0.8948891404731188 1.480356807949985
112 3584 0.12608360529397783 0.2490397981356517 0.7911829427543406 0.8489411314522297 0.08637064812137543 0.9381834033834764 1.4533932753246426
113 3616 0.19429391787976524 0.2993733612065116 0.8176901556518847 0.8853829771402628 0.0822904659648283 0.904838242582317 1.474617249991277
114 3648 0.3436124373758324 0.4312597159683206 0.8537789851341703 0.9069714629302986 0.08054973383974232 0.8189941511242058 1.5240604715045556
115 3680 0.5137795900374407 0.5658936405709198 0.9003139885101596 0.9596733872897605 0.06640324018213956 0.7185992136833842 1.5745493894403364
116 3712 0.5602794342131908 0.6104265475983472 0.9104506713709792 0.9603115992433668 0.056313774390354676 0.681257922414677 1.5914510366207155
117 3744 0.6538935156343568 0.6953035027364145 0.9298030181163854 0.9665595361409847 0.05091424670943195 0.6034045926974669 1.622747866118953
118 3776 0.7098026852466321 0.7455344209463252 0.9411883508280443 0.970674591755591 0.0476666769357855 0.5517863957184573 1.6411153711454696
119 3808 0.7015695534827342 0.737935661527847 0.9383067948535739 0.9687310645837033 0.06206304543155427 0.559662994482893 1.6379638307967002
120 3840 0.7423179962449693 0.7740567988438786 0.9476293400579898 0.9737480511971177 0.049634684272713475 0.5201332187524121 1.6513624171778292
121 3872 0.6791227829807078 0.7173936500758161 0.9356026592459816 0.9700681285409285 0.043473714939133566 0.5815292614357371 1.630930333951575
122 3904 0.6299438052969364 0.6808187990895948 0.9210025113700615 0.9501887550042255 0.05865951916942196 0.6168330955442647 1.6174288216339203
123 3936 0.44776306157427437 0.5122317359152615 0.8828336526900232 0.94189895060729 0.08304447829650294 0.75948940670124 1.554438630417123
124 3968 0.45925283637514847 0.5261251713170619 0.8853948125809736 0.9382790247270307 0.0709938172141414 0.7490059826901657 1.5601121484725717
125 4000 0.6079335196683033 0.6575049194827715 0.9172627520086731 0.9542772963695055 0.07032689001017431 0.6385516142365927 1.6085104800707197
126 4032 0.44692744840862186 0.5142385430159397 0.8806433605000752 0.9354672050541359 0.08940630946452251 0.7577719575700161 1.554923847700729
127 4064 0.2955601615139708 0.38848332908147193 0.8368793953005333 0.8934215831393859 0.11514227086338083 0.8476004798299446 1.5060928537286375
128 4096 0.4376211930141275 0.5121882418643744 0.8774690173204069 0.924662226955504 0.07336103606130057 0.7599170289058531 1.5547167804995587
129 4128 0.501474436895186 0.5718438300181398 0.8869427684213231 0.9216063547660971 0.08832998176019748 0.7130369234721718 1.5760000507892074
130 4160 0.6465260996076352 0.6936482008068436 0.9227813745089196 0.9520369978770697 0.08113723395182725 0.6038969895026175 1.6213343810998158
131 4192 0.7361741082725425 0.7728617127351176 0.9420966108772838 0.961820639128764 0.07111201694555604 0.5205998077997139 1.6504299201010735
132 4224 0.7972804604594463 0.8267774082937119 0.9547801757407878 0.9679508170555475 0.06414831194952042 0.45500310095073826 1.6699871772559336
133 4256 0.8013229805693922 0.8286971464177457 0.957307805124473 0.9728038588450284 0.05861997214600609 0.4525019604661394 1.6708697359877882
134 4288 0.8683091408993164 0.8864191000385966 0.9718885089070393 0.9822683527239068 0.048968638719287555 0.3686890297611597 1.6916472657607304
135 4320 0.9038226565349238 0.9184918768088114 0.9782236133572187 0.9834649719328002 0.045444266619856226 0.3125424072205536 1.703012643030041
136 4352 0.897972455447184 0.9131044848770719 0.977731679888984 0.9841420487964001 0.040839553852127335 0.32269872008907075 1.7012341599245049
137 4384 0.8798770912118103 0.8984034657190029 0.9731167630094343 0.9794948209323857 0.04387082721415794 0.3491144548825306 1.6959346826784394
138 4416 0.9172631668701936 0.9304520003529924 0.9810027541152158 0.9846641718864915 0.038590050474300065 0.2891225719140877 1.70731337088836
139 4448 0.9226119397685214 0.9344392469460813 0.9830502431914327 0.9874266014289901 0.03282882971771577 0.2805197191614284 1.708868325852217
140 4480 0.8888536658587134 0.9058045132607839 0.9763045653813407 0.9828537353527892 0.027186162313922166 0.3363588990159688 1.6988595008509109
141 4512 0.8701252118526108 0.8887699485044818 0.9735552792513664 0.9831723195151236 0.01947278081008956 0.3653884400197823 1.6929595679482228
142 4544 0.909419261329975 0.9228027779153538 0.9814877201037451 0.9876658509144967 0.013278060789836427 0.3045684985259504 1.7050107691176941
143 4576 0.9085514692165109 0.9225272677650217 0.9810099437593145 0.9865283705422345 0.010057775183189998 0.30523750273372996 1.7049131673147584
144 4608 0.8911543439545808 0.9073976246174683 0.9776600543926508 0.9848375836548242 0.01042548256391126 0.33358031552989326 1.6995927401599147
145 4640 0.9258648289360096 0.9364204425471422 0.9852183702909177 0.9909287325943772 0.00847066981678724 0.276449187894804 1.7098257496789424
146 4672 0.9500982971489501 0.9571466777250324 0.9901136791415428 0.9940542990376308 0.007450308304569435 0.22701442503888639 1.7170931668754699
147 4704 0.9583957778816565 0.9640418519173837 0.9918334635486938 0.9954512600567368 0.01030614922334703 0.20799847053783813 1.7194855101285693
148 4736 0.9467233647838944 0.9540550419789114 0.9894842927649529 0.9939623658319496 0.011256331248383551 0.23506010852677353 1.7159895222250656
149 4768 0.9303030760614299 0.9393461605932374 0.9864346764969693 0.9930877639330724 0.013416135645579568 0.2702112841511125 1.7107910068800767
150 4800 0.9628182616177596 0.967442470641013 0.9927646777949497 0.9965812044896751 0.014195936501265516 0.1981347149319358 1.7206223031582764
151 4832 0.9534273007198978 0.9593769440219924 0.9909399870425621 0.9955113580806574 0.0135474083001938 0.22122126096102157 1.7178118702078997
