% # columns="iteration, evaluation, sigma, void, void,  stds==sigma*sqrt(diag(C))", seed=1, Fri Feb 20 08:26:43 2026, <python>{}</python>
1 32 0.14818492197916172 0 0 0.15911649629348198 0.12588269030196123 0.11901740880073433
2 64 0.13920619261046294 0 0 0.13314066118847995 0.10935989724850646 0.10153828016434502
3 96 0.11580949997031524 0 0 0.08984717545422584 0.09057572386315511 0.06924780813855239
4 128 0.10931863905540215 0 0 0.0818955204984378 0.06794937875874237 0.06731720386230637
5 160 0.1269514938872812 0 0 0.11497737729468518 0.07651563751442537 0.06490106707342494
6 192 0.13712093515428464 0 0 0.1349038663063648 0.10172174962650454 0.06774788946238382
7 224 0.1530383219543829 0 0 0.15366672120931044 0.11940563881645011 0.08439941640130502
8 256 0.16218693577257334 0 0 0.15472116536667657 0.1275705952525104 0.07822280898192888
9 288 0.1327362237892273 0 0 0.11204937177003645 0.07904447767281174 0.05066735934635469
10 320 0.12199233208212648 0 0 0.08694344542253495 0.06868429624800719 0.035789389698425184
11 352 0.10589503623915089 0 0 0.0756458439644719 0.05002074458116024 0.030354124928937423
12 384 0.09566111546174125 0 0 0.06140194817995251 0.04336419996073387 0.02978349242514052
13 416 0.093923205838414 0 0 0.06421341820260272 0.04889550209593145 0.029649749500165197
14 448 0.10837279239071158 0 0 0.10458907329821412 0.06168968050136891 0.035952704010040956
15 480 0.09816498605940192 0 0 0.08118427862363825 0.06299586243281967 0.028176219903629687
16 512 0.10291537393154071 0 0 0.08168539400226751 0.05555463349680348 0.03460588592174569
17 544 0.09030252497995778 0 0 0.06703804839729359 0.054298713949474754 0.027875036041096986
18 576 0.10404051250170772 0 0 0.09749546869384933 0.0710772487940322 0.03760131803629654
19 608 0.1142873692032965 0 0 0.10024741226940855 0.09308976512380363 0.037876581907988996
20 640 0.0978643376331812 0 0 0.07659428553895388 0.07290055189722704 0.027654287616858186
21 672 0.09194399292555636 0 0 0.059896458481574176 0.06303748509869636 0.01986041875920652
22 704 0.07729362823119629 0 0 0.04315950685371882 0.041212159410727624 0.015442717493889004
23 736 0.10291988440919808 0 0 0.05186616743118718 0.05289842793033588 0.024124672841977092
24 768 0.10257355910886301 0 0 0.043555858976128355 0.04320623483619556 0.024878821672577954
25 800 0.10486650561891624 0 0 0.03562795145335075 0.037310605663791886 0.024495717387875482
26 832 0.10716433412218622 0 0 0.031199262939849832 0.03268335142304018 0.02173247285802223
27 864 0.08875890759380979 0 0 0.02085514509827134 0.023105088657554028 0.016025433410440645
28 896 0.0882457634638433 0 0 0.018470149500999292 0.02204772031033324 0.01801933100441269
29 928 0.08306403564121491 0 0 0.017988275353202715 0.019416265824680347 0.015827615120442864
30 960 0.08558638600572753 0 0 0.016369313199180863 0.01974184281470094 0.016578130108072284
31 992 0.08261930958699519 0 0 0.014769984510314292 0.015800199066141662 0.012577334301567869
32 1024 0.08385216694484274 0 0 0.013054062298228189 0.014469457545663268 0.01305113108923283
33 1056 0.1082659028166774 0 0 0.016387793992894605 0.020804110841783786 0.016326926226825092
34 1088 0.11066635514730147 0 0 0.015116084137410958 0.018862088121517216 0.016822311299550394
35 1120 0.10730420991434393 0 0 0.014580861578240602 0.01664400464962502 0.017257049771463147
36 1152 0.10720134988947651 0 0 0.014072326745887454 0.01618645038031691 0.020353542203725664
37 1184 0.1295745845535094 0 0 0.019549998531676053 0.022965248494876463 0.025056631158643695
38 1216 0.11544698444295282 0 0 0.014453430810422848 0.019140324638735395 0.01950228221447191
39 1248 0.10641680401574825 0 0 0.012874134784672465 0.017032326199678052 0.018009876334097844
40 1280 0.1127689616140426 0 0 0.011427060553782394 0.014974088672493661 0.01721785065628284
41 1312 0.09795022500637815 0 0 0.008379513646897648 0.011073386486043595 0.01392069456419168
42 1344 0.10963831234755293 0 0 0.008145938960831059 0.014354367466294787 0.016796096097184868
43 1376 0.11833254009523057 0 0 0.008489044981687434 0.015574874093102249 0.01602479908499225
44 1408 0.1167455431419445 0 0 0.008594278761670007 0.015581310226498784 0.016817892165165185
45 1440 0.09959530968874955 0 0 0.007194277463702924 0.011448125677063097 0.01684057905322553
46 1472 0.08351280525986594 0 0 0.005494359974892452 0.00898620514929039 0.013226420090247791
47 1504 0.08001026662629951 0 0 0.005586084431829136 0.00839578840096585 0.013247413547203376
48 1536 0.07590977115200746 0 0 0.005379088822828403 0.008333375032674999 0.012833661272529676
49 1568 0.06652702889624364 0 0 0.004735175058239512 0.007206116024471755 0.010405790173803338
50 1600 0.07949226654517325 0 0 0.005397235858685837 0.008966401533450699 0.014247451499003375
51 1632 0.09388289284559254 0 0 0.005446359674187477 0.011610752254574091 0.01604267996629824
52 1664 0.08335421783340913 0 0 0.005511191628652174 0.00887799463724022 0.015121884374183443
53 1696 0.08766604227617893 0 0 0.005392668015994696 0.007578090556446319 0.013050530738186716
54 1728 0.08055160406167391 0 0 0.003979636239964251 0.005842530736366489 0.00952965030804034
55 1760 0.07458127718488043 0 0 0.003847543803962504 0.005408845209256871 0.008126339026967837
56 1792 0.07762412990541648 0 0 0.0038964524129177724 0.004858027655618412 0.007467833182437037
57 1824 0.07768362425551424 0 0 0.0033627067121577855 0.003887819371902553 0.006092093550059838
58 1856 0.08068420759888935 0 0 0.003278529637736632 0.003994177153977618 0.005222945077312738
59 1888 0.08269255989323307 0 0 0.0028679142541421223 0.0037274982496079694 0.00457606636205328
60 1920 0.09414358766131117 0 0 0.0028480627759184555 0.0035860343273095624 0.005145106581469164
61 1952 0.08431012075316915 0 0 0.0024287399429965754 0.0030986791801233837 0.004407747658742842
62 1984 0.10161212837637522 0 0 0.0026451383489427853 0.0045980435383184606 0.00441624767106937
63 2016 0.1133803040512521 0 0 0.002532875144544024 0.00563057874027563 0.004235103999674404
64 2048 0.10590614915123309 0 0 0.0025491075833410774 0.005161839978470009 0.004075140690541751
65 2080 0.1146519729816457 0 0 0.0030739719248727734 0.0047513280524672154 0.003674080855883581
66 2112 0.1363600067584376 0 0 0.003465076144003327 0.005032768715081461 0.004941440424284291
67 2144 0.11178933318173336 0 0 0.00233890602530919 0.003952823904507625 0.0041668285569267825
68 2176 0.13464251102369057 0 0 0.003353786271849568 0.004955237191479627 0.005639681499577017
69 2208 0.14798845322452536 0 0 0.00406834182937888 0.005289750521082397 0.006706576444117913
70 2240 0.1715831863026603 0 0 0.005980504464846565 0.00800720244615457 0.009740247789156237
71 2272 0.16184047696628634 0 0 0.005288121380661602 0.006863315899152698 0.008803958049768119
72 2304 0.14663304719586262 0 0 0.0044984365630371705 0.005531650850850518 0.007631304509433166
73 2336 0.16974709234816673 0 0 0.006704867927222156 0.007582051794053102 0.0111191848998145
74 2368 0.16558651995125992 0 0 0.005700234949417967 0.006843962833209143 0.009677263500624454
75 2400 0.16270158961355155 0 0 0.005662198328283927 0.00686698348364582 0.009161282813319575
76 2432 0.2007345487506586 0 0 0.007746238401605466 0.009103048798439064 0.012018289429533398
77 2464 0.1871881520980955 0 0 0.008403435804222197 0.009726689310200485 0.012414789217861195
78 2496 0.22329289395755014 0 0 0.008491643412853887 0.010299598125458399 0.013820715573843317
79 2528 0.22121994442311113 0 0 0.007656418424435098 0.00989686772814404 0.013534625252889385
80 2560 0.1993439647138752 0 0 0.006191066909541888 0.008308335974848875 0.011645119797271467
81 2592 0.18357515248911846 0 0 0.005692684287879274 0.007822195808567379 0.010108685397280888
82 2624 0.18324992176072097 0 0 0.005326666717788896 0.007501432416157713 0.010968687818117788
83 2656 0.16061483035097854 0 0 0.004204298620031863 0.006033846057632271 0.0081220108731054
84 2688 0.14100146624679694 0 0 0.0034759002008427522 0.004932050888932731 0.006868515946843983
85 2720 0.17371495870870843 0 0 0.004036650499503343 0.005529315365526392 0.007603472703873104
86 2752 0.1633589944958351 0 0 0.00422874891974674 0.005868727309555265 0.008166614534650927
87 2784 0.14629920047754721 0 0 0.002958779026195223 0.004129030887144302 0.006087407686120502
88 2816 0.13536652140956248 0 0 0.0030287431517453567 0.004109022791039011 0.005971125499268608
89 2848 0.1162450149617282 0 0 0.0025444368748385776 0.0033329204843062844 0.004883830496288735
90 2880 0.12700553372698561 0 0 0.0030596847506648875 0.003763808991737751 0.0050089525694205555
91 2912 0.11335018545129191 0 0 0.0031057397098641173 0.0036701031793147914 0.0041915953421575
92 2944 0.1273385688839738 0 0 0.004092461819603098 0.004833782948064044 0.005583519790244576
93 2976 0.11088846189770553 0 0 0.002949911599893794 0.0035547399042114877 0.003958376496277568
94 3008 0.10801902289347072 0 0 0.002931866350765387 0.003562517893799979 0.003975640411314386
95 3040 0.10575186076571046 0 0 0.0025192133623944523 0.003073857628073193 0.003561101181302148
96 3072 0.1255426089973898 0 0 0.002681959923794544 0.0031835971687265425 0.0036366129745385163
97 3104 0.10330127614557125 0 0 0.001910761890029592 0.0021569672578004226 0.0023699889845869102
98 3136 0.11034033122479667 0 0 0.002355222049946146 0.002483461692514788 0.0025176665764226626
99 3168 0.09647068982036129 0 0 0.0015046991938397736 0.0015857213699162138 0.0015388562294864655
100 3200 0.07952176010516109 0 0 0.0010875498819636592 0.001143286233320384 0.001106742611717538
101 3232 0.07284992802201275 0 0 0.000982288625781438 0.0010150779176821552 0.0010235248850711783
102 3264 0.08584368269486968 0 0 0.0011623379598384655 0.0012552165877623466 0.001374293665824044
103 3296 0.10950641892379612 0 0 0.0015446657837974852 0.001749787439696844 0.0019788301268530385
104 3328 0.10015207643221596 0 0 0.0011866692342230327 0.001312427830250044 0.0014688195511541476
105 3360 0.0988842672977666 0 0 0.001055038043676992 0.0011610568346947514 0.001402117192469253
106 3392 0.08716486567436127 0 0 0.0008398505755482629 0.0009133836070753823 0.0011785314370723716
107 3424 0.07790496755641077 0 0 0.0007557754612386436 0.0007929977160315336 0.001052774108951471
108 3456 0.09222453896671944 0 0 0.0009784586421089582 0.0009838373055571397 0.001214959490755893
109 3488 0.09521973328927515 0 0 0.001059398296507781 0.001058245893527362 0.0012968838613343038
110 3520 0.12467804829273357 0 0 0.001596130252221131 0.0015746297885634928 0.0018352884858474758
111 3552 0.1301730039951713 0 0 0.002310350277299448 0.0022155610636123 0.00230747506346798
112 3584 0.13469326760570913 0 0 0.0024373770445171826 0.0023316446144798454 0.0023672680116252217
113 3616 0.133952278654666 0 0 0.002302271643930418 0.002209702341256834 0.0021765937368211567
114 3648 0.12531252448387012 0 0 0.001877136378840697 0.0018374291133403645 0.0018227378791124025
115 3680 0.11646302367172301 0 0 0.001665975603276314 0.0016053277601910988 0.0015627025536527777
116 3712 0.11676381611581756 0 0 0.001887211722437826 0.0018105513367645749 0.001801193788083811
117 3744 0.12945353558271483 0 0 0.002247534415268121 0.0020487357458070766 0.0017954408820093446
118 3776 0.13063318310618408 0 0 0.002057024463712442 0.0018989557128190212 0.0016528457250843233
119 3808 0.11718755436611485 0 0 0.0014875996116003798 0.0013798718149061117 0.0011554782891862795
120 3840 0.11275822223313017 0 0 0.0015771760756248217 0.0014256570247748396 0.0011356527697563652
121 3872 0.10283276647653644 0 0 0.0014031678248040335 0.0012791374899420052 0.0010233937594926181
122 3904 0.10679569796014192 0 0 0.0013501441582961357 0.0012087233508506444 0.0009386051980075052
123 3936 0.1257848542793395 0 0 0.0012859078277407338 0.0011172031486856248 0.0008564926599882891
124 3968 0.15602942128712943 0 0 0.0017394791568550406 0.001586304607974415 0.001360173949952418
125 4000 0.15018895115012168 0 0 0.001622942945442351 0.0014610322201968583 0.0011757394497111538
126 4032 0.15769512324810708 0 0 0.0015989685696223917 0.0014241404173411514 0.0011266100355881179
127 4064 0.14856648239993236 0 0 0.0013936083120939888 0.0012202511799768467 0.0008589321182602109
128 4096 0.1843401412347413 0 0 0.0022944426901199996 0.0019980153340105897 0.0013198305932209085
129 4128 0.17594915516492998 0 0 0.0017141766048347975 0.0014943893293613533 0.0010563652962949708
130 4160 0.1680302735385932 0 0 0.0015117005591772238 0.0013220402023234748 0.0009189062931514773
131 4192 0.17885273411068217 0 0 0.0016136293417059265 0.0013999462668666423 0.0010167736341221523
132 4224 0.1491771069219002 0 0 0.0011879894366186984 0.0010410858061090716 0.0007330845861970457
133 4256 0.1695628866797626 0 0 0.0014461049598753412 0.0012257597122289877 0.0008360729093142285
134 4288 0.18266507933113682 0 0 0.0016272563552143316 0.001404330057933264 0.0009386540929246619
135 4320 0.21296697505701642 0 0 0.0019200712874498694 0.0016985598432813882 0.0012572084242860853
136 4352 0.21585191964863204 0 0 0.0021957322466430455 0.0019072051032476105 0.0013451604904550754
137 4384 0.22063374652033993 0 0 0.002087147095708368 0.0018641479352397928 0.0013789698583417038
138 4416 0.19945284301019445 0 0 0.0018439577261330847 0.0016358297131761764 0.0012155920887706806
139 4448 0.19971016681687417 0 0 0.0019991417396591103 0.0017763180641777942 0.001320714170369722
140 4480 0.19397109500397422 0 0 0.002265866308709447 0.0019873739499406406 0.0014417661515015283
141 4512 0.24730500902565036 0 0 0.0037858219139981727 0.0032098577674367895 0.00219652566332333
142 4544 0.28311477295314214 0 0 0.005398960218193036 0.004535935242692683 0.003048742631912486
143 4576 0.3237071979024553 0 0 0.0074765200694308295 0.006348808211573445 0.004301260313606158
144 4608 0.28493414002452505 0 0 0.005885785020430214 0.004985367079121857 0.003334211628960837
145 4640 0.26452518233735445 0 0 0.005412400336015358 0.004547886244933725 0.0029996450457491267
146 4672 0.27423063559193045 0 0 0.005883165211347761 0.004919193530900658 0.003210827842829714
147 4704 0.265059731177796 0 0 0.00423453902110639 0.003509995190771836 0.002277577560640672
148 4736 0.23188243071238052 0 0 0.0031086120963370444 0.002587635003843264 0.0016867180778211424
149 4768 0.20590708460008905 0 0 0.0023483773864280823 0.0019347387348595197 0.0012405547717171304
150 4800 0.20786964204065675 0 0 0.0021191558227807604 0.0016884102091741671 0.0010111657737039144
151 4832 0.1976134466753899 0 0 0.0019617765420303322 0.0015894046755985537 0.0009685034668117659
