% # columns="iteration, evaluation, void, void, void, xmean", seed=1, Fri Feb 20 08:26:43 2026, <python>{}</python> # scaling_of_variables: 1, typical_x: 0
1 32 0 0 0 0.3258421005998876 0.26599839079208804 0.26204769880975776
2 64 0 0 0 0.3594649558771272 0.28919994089135315 0.2772298524093324
3 96 0 0 0 0.37278923560057126 0.28604929005438756 0.2723816428327341
4 128 0 0 0 0.3779580040472874 0.28273443875265397 0.3004433686825909
5 160 0 0 0 0.4250197782593295 0.24050105859091686 0.2974111609962341
6 192 0 0 0 0.455443335815056 0.20552136287025244 0.29185981695268876
7 224 0 0 0 0.5074662462191222 0.17314022895003725 0.2612978799314416
8 256 0 0 0 0.5579263912899591 0.1889906913764882 0.24838774543724115
9 288 0 0 0 0.5360635138728868 0.18257041448654257 0.24676654059905423
10 320 0 0 0 0.5024141696852518 0.21104203370357405 0.25185053555591813
11 352 0 0 0 0.48776334425766876 0.20786735045032645 0.2514285817214771
12 384 0 0 0 0.4722853801121742 0.19801594622294333 0.2535418424688596
13 416 0 0 0 0.45452274666990367 0.19613000771579014 0.26530818961042163
14 448 0 0 0 0.40825682440423616 0.21581087530256743 0.27495974570458237
15 480 0 0 0 0.40377400602396213 0.22615560468115498 0.2793522143071807
16 512 0 0 0 0.3990726960508856 0.24010870042619306 0.2896511267012032
17 544 0 0 0 0.38535236970270137 0.2404637856140012 0.2954114683700623
18 576 0 0 0 0.3428728584769565 0.24652694132586334 0.3022454278363327
19 608 0 0 0 0.3080541989196183 0.29069689553062333 0.30938255195564485
20 640 0 0 0 0.30740983497385094 0.2911891845874611 0.3151291472270722
21 672 0 0 0 0.32065405520803186 0.29467315404783806 0.31249720914091905
22 704 0 0 0 0.31491794510413257 0.3007839791310188 0.3155984446398184
23 736 0 0 0 0.32093853876451894 0.29334745426383496 0.32712478966264497
24 768 0 0 0 0.3310379954288118 0.30110521643541394 0.315239978073027
25 800 0 0 0 0.33023546074386295 0.29504844200547625 0.3052686133860006
26 832 0 0 0 0.3228121652760559 0.2835015273579761 0.30869683810142085
27 864 0 0 0 0.3205155303669053 0.2904908277620594 0.30684406493179167
28 896 0 0 0 0.3154498753991878 0.30111609011681795 0.3031689802032029
29 928 0 0 0 0.3133111309280558 0.30547718762652326 0.2979742098019348
30 960 0 0 0 0.32028356682860065 0.2928567572441255 0.3076345203666749
31 992 0 0 0 0.3230377058695334 0.29051200488354445 0.30373303457290496
32 1024 0 0 0 0.32083967865318497 0.2946594554709347 0.3084474099220658
33 1056 0 0 0 0.3133828401803186 0.30791158616097813 0.3031451904282445
34 1088 0 0 0 0.3083167357997965 0.31328819507454087 0.2959625761163798
35 1120 0 0 0 0.3144772309283087 0.3083777526684496 0.3048806028689109
36 1152 0 0 0 0.31928314957141407 0.3075217126178324 0.3061467718224837
37 1184 0 0 0 0.324807943988005 0.294698179093944 0.31034427119510855
38 1216 0 0 0 0.3162457290488262 0.3055585948772213 0.3047369040604162
39 1248 0 0 0 0.32035970668538116 0.30162196551917503 0.31248259656474126
40 1280 0 0 0 0.3222624498687733 0.2985012659994026 0.3201685236395807
41 1312 0 0 0 0.3203972343121604 0.3021708354123531 0.3182399655652123
42 1344 0 0 0 0.3171927294048441 0.3084398363160967 0.3099457055496817
43 1376 0 0 0 0.32106068505908203 0.30807533527571124 0.3154901921174924
44 1408 0 0 0 0.3238037903246692 0.30157047411467397 0.3229471568936492
45 1440 0 0 0 0.32206850485759364 0.30225414852968036 0.31846396044352854
46 1472 0 0 0 0.3217167321852585 0.3022585268843164 0.31933071437248467
47 1504 0 0 0 0.3227694555149087 0.2996564219737408 0.31915777561875047
48 1536 0 0 0 0.32370564386197986 0.30023532010075704 0.32010096224041973
49 1568 0 0 0 0.32499066956104955 0.29834175671869634 0.323121550778569
50 1600 0 0 0 0.323205622485931 0.30319239156738653 0.31672402814196265
51 1632 0 0 0 0.322285636453143 0.3078660086259527 0.3121014896106205
52 1664 0 0 0 0.32121390314455006 0.3081896131636964 0.30940298667273286
53 1696 0 0 0 0.3240820927586106 0.30526318450651047 0.3141065314878563
54 1728 0 0 0 0.3242736770944499 0.30319570624882125 0.31608302810051747
55 1760 0 0 0 0.32565738494831625 0.3018502855632318 0.31863638329057353
56 1792 0 0 0 0.3269251216561783 0.3018151795696385 0.32026652931882343
57 1824 0 0 0 0.32743582158300266 0.30233535551350044 0.31996988008180566
58 1856 0 0 0 0.32877755982801565 0.30138590202472304 0.32103256466135066
59 1888 0 0 0 0.3291631127238169 0.30123011620170487 0.3203419584856361
60 1920 0 0 0 0.3281559821876093 0.30108125673900443 0.3184443450400995
61 1952 0 0 0 0.3279996543060158 0.30085849615941634 0.31820294230695134
62 1984 0 0 0 0.3281755200950111 0.3034549390134533 0.3179432586393783
63 2016 0 0 0 0.3281105820471989 0.30420069472180394 0.31925372479943104
64 2048 0 0 0 0.32717238984491687 0.30475249096077706 0.31774081517235303
65 2080 0 0 0 0.3289048921224179 0.30526625663728907 0.31851512491344247
66 2112 0 0 0 0.3288087376665799 0.30503310909283593 0.3164498696228197
67 2144 0 0 0 0.32901405372770964 0.3043679292859775 0.3177581063011338
68 2176 0 0 0 0.33086300944839053 0.3026194844689718 0.320783855236357
69 2208 0 0 0 0.3323740295667868 0.3007141596770942 0.3232223145375786
70 2240 0 0 0 0.3300920049069721 0.30526510250285244 0.32054788421574315
71 2272 0 0 0 0.3332441189404865 0.30096731720199 0.32467309495679814
72 2304 0 0 0 0.33410906192340434 0.29952477313004267 0.32573894493975125
73 2336 0 0 0 0.33749228164588235 0.2960618954621371 0.3314862664355297
74 2368 0 0 0 0.33572240713457446 0.2973003544860471 0.33027829556485166
75 2400 0 0 0 0.33815851723190177 0.29467673363967706 0.3327941139024202
76 2432 0 0 0 0.3385315906503857 0.29471468121944144 0.3308912657217606
77 2464 0 0 0 0.33584498014695424 0.2977691219730288 0.32679860223223756
78 2496 0 0 0 0.3347841396019532 0.30021093562957424 0.32218926337827114
79 2528 0 0 0 0.3357360618512755 0.2992593121665721 0.32182016265030255
80 2560 0 0 0 0.33414560552691164 0.30091868664108223 0.31900739020830426
81 2592 0 0 0 0.33659299668977916 0.29742232599708535 0.3235740719535687
82 2624 0 0 0 0.3377604853887097 0.29670061070930004 0.32540163422811663
83 2656 0 0 0 0.3378194954695611 0.29610716800147285 0.3267460619981531
84 2688 0 0 0 0.3379066036096882 0.2959163650056676 0.32756033217697283
85 2720 0 0 0 0.33878611476792736 0.29562857337200393 0.3288025685887506
86 2752 0 0 0 0.33975920363029033 0.29424466099563906 0.3299294324667515
87 2784 0 0 0 0.3394848780459874 0.2939598105161934 0.329866840215963
88 2816 0 0 0 0.3404910020899357 0.29272913876756695 0.3313577411987825
89 2848 0 0 0 0.3409576992073896 0.2922038553169718 0.33229975885784324
90 2880 0 0 0 0.3403360108844186 0.2931378365455134 0.3321151688364897
91 2912 0 0 0 0.3410309821820024 0.292040940268056 0.33349688673442834
92 2944 0 0 0 0.34319093383386995 0.28948629198925724 0.33637059922678253
93 2976 0 0 0 0.3430404260984105 0.2895881475217998 0.3365443408021266
94 3008 0 0 0 0.3438671620997309 0.28854541960189506 0.33807038512182913
95 3040 0 0 0 0.3422604476930472 0.29049556300760504 0.3361784024116347
96 3072 0 0 0 0.34139565143563066 0.2912636500507465 0.33601390949377496
97 3104 0 0 0 0.34147537891724855 0.2912118122799756 0.3360094138015541
98 3136 0 0 0 0.3403830702896345 0.2922854656789542 0.33491039243779097
99 3168 0 0 0 0.34069623353467554 0.2921005339072179 0.3349996076499285
100 3200 0 0 0 0.34085755097955694 0.29191987040456097 0.3350457514191117
101 3232 0 0 0 0.3404670553820322 0.292289295149285 0.3347076213081003
102 3264 0 0 0 0.34094805499299147 0.291681124516485 0.3354773267217026
103 3296 0 0 0 0.3406858268628954 0.29175099990824543 0.3354182037698658
104 3328 0 0 0 0.3405638467244299 0.2920203639438921 0.3353801950918259
105 3360 0 0 0 0.340728168877643 0.29188414743139035 0.3357959008967557
106 3392 0 0 0 0.3406220834928319 0.2920387616425595 0.33571736812801495
107 3424 0 0 0 0.34039624563147486 0.2922429152909322 0.33549913996083425
108 3456 0 0 0 0.3401437925487512 0.29238186274485684 0.33545397959841167
109 3488 0 0 0 0.3399741905354426 0.29249126128487074 0.33544814616342045
110 3520 0 0 0 0.33921338422786723 0.2931006908886184 0.3349236098136115
111 3552 0 0 0 0.338608300902262 0.29368371945733773 0.3341684130050311
112 3584 0 0 0 0.3391695730619757 0.2929657355220091 0.33501949944125026
113 3616 0 0 0 0.3384910216216532 0.29357130423681227 0.3346233401119281
114 3648 0 0 0 0.3377881344898736 0.29427365537624234 0.33398704989591943
115 3680 0 0 0 0.33815599553357256 0.29392410499138005 0.3344640441475918
116 3712 0 0 0 0.3387301934310302 0.2933935708169024 0.3350460865395969
117 3744 0 0 0 0.3395605467364849 0.29270395473994687 0.3355190337204525
118 3776 0 0 0 0.34010685766740273 0.2921165090500161 0.33601506276961557
119 3808 0 0 0 0.33962444534561415 0.29250415877318187 0.3357967566510327
120 3840 0 0 0 0.34018611698467016 0.292073515718387 0.33601173480095176
121 3872 0 0 0 0.3399439990554828 0.2923261357330659 0.33582777494428073
122 3904 0 0 0 0.3401850643293025 0.2921599422524469 0.3359419731359908
123 3936 0 0 0 0.340198179475082 0.2921603450127156 0.3360631283859691
124 3968 0 0 0 0.34087677257222276 0.2914893673846051 0.3367170068776267
125 4000 0 0 0 0.34107563072421526 0.291402121643354 0.3365877988358061
126 4032 0 0 0 0.3404417441916814 0.2919873623437732 0.3362952051301439
127 4064 0 0 0 0.34064429959543024 0.29189261990812393 0.3363015725008883
128 4096 0 0 0 0.34190857383197376 0.29083473821710526 0.3369219084817253
129 4128 0 0 0 0.34176332054680253 0.2910601704677857 0.3367286672067964
130 4160 0 0 0 0.34173741744292213 0.29117008883631146 0.33656448419931456
131 4192 0 0 0 0.34250163442924303 0.290519688533486 0.33706753387767524
132 4224 0 0 0 0.3423356192206599 0.290618428138202 0.3370517205185313
133 4256 0 0 0 0.3417149815295728 0.2910922199646614 0.33672937993674273
134 4288 0 0 0 0.34254225880142886 0.2903346719652433 0.3372251996706741
135 4320 0 0 0 0.3430633776528943 0.2897558192810529 0.3377844102967194
136 4352 0 0 0 0.3437906009320775 0.289140808524501 0.33820359127273064
137 4384 0 0 0 0.34421933058328186 0.2887905249938623 0.3384838458069173
138 4416 0 0 0 0.34410262922888085 0.2887942078037754 0.33859271988638534
139 4448 0 0 0 0.34501819706591974 0.28796608758144954 0.3391944992463665
140 4480 0 0 0 0.34569757365291864 0.2874146119559922 0.3395328176655199
141 4512 0 0 0 0.34741029104709525 0.2860281870383146 0.34037644170228787
142 4544 0 0 0 0.3495753734517314 0.2841849111060695 0.34163687748638666
143 4576 0 0 0 0.3519191888111554 0.2820974440248008 0.3431198595528195
144 4608 0 0 0 0.3498613065983206 0.283928849530322 0.34177974170936765
145 4640 0 0 0 0.35205454878219244 0.28203037092322963 0.3431084047649011
146 4672 0 0 0 0.35072111131329 0.2830931562368317 0.3425170455032031
147 4704 0 0 0 0.35102274611831275 0.28296735831901254 0.342433802106903
148 4736 0 0 0 0.3505449317241492 0.2833580740475384 0.34221317855003186
149 4768 0 0 0 0.351229274679388 0.2827641766170024 0.3426362390342137
150 4800 0 0 0 0.3515879422038226 0.2825105818553792 0.34270913226580446
151 4832 0 0 0 0.3523346917274229 0.281886951210572 0.3431231429261409
