% # columns="iter, evals, sigma, 0, fitness, xbest" seed=1, Sun Feb 22 04:08:42 2026, <python>{}</python>
1 32 0.14988520118997714 0 60.85861770250992 0.3851283923896618 0.1474391117899577 0.23156585171083421
2 64 0.1658987268467171 0 60.94123861172884 0.48767843914885883 0.17885995402054672 0.3009517313679666
3 96 0.17675512688877382 0 59.973654926198485 0.401966001737696 0.19024548129425717 0.17267276788345481
4 128 0.1839762462491768 0 60.86441367414491 0.4996910747794797 0.18579731023670434 0.23985603857585502
5 160 0.17742702742765695 0 60.67154630840414 0.4926653609111004 0.19283638857580782 0.2013628597023242
6 192 0.15740198471966432 0 57.266531982098655 0.4964178524535189 0.11604218892297906 0.2568884567210995
7 224 0.1791491549962148 0 57.21009716433671 0.4999239927913657 0.128541827530037 0.2596697987247948
8 256 0.17781970978484923 0 58.60437162333782 0.49532537275756905 0.1508248456000408 0.2622146579684053
9 288 0.18090927881022323 0 59.45242295917599 0.4999294557062154 0.1691342886552633 0.2592478583795149
10 320 0.17575232858853548 0 58.321772018646044 0.49239251668285167 0.1577362617665376 0.2192845834279064
11 352 0.1853853715958005 0 57.91266008075074 0.4999996851834112 0.1448174722494049 0.24408809527131298
12 384 0.18280368632321922 0 57.81202296475164 0.4908275978192443 0.12529721825150253 0.2210315097812663
13 416 0.1729812333970226 0 57.54828774935992 0.4957611028891265 0.13324289357723224 0.2197192991443574
14 448 0.15746491063002238 0 57.036961821694874 0.49838525772534475 0.14364686013146194 0.21669497420656617
15 480 0.15979117229786777 0 57.00130064954796 0.4652726832985721 0.13541493124700796 0.21246433256800032
16 512 0.1552897530471466 0 57.147206358087686 0.4994810275758893 0.15002924013629 0.21074151738860467
17 544 0.14518456506892669 0 57.35044381664484 0.48832380362116734 0.14831014863340547 0.21531584421091685
18 576 0.19531614246898166 0 56.66683634448013 0.4982966476809364 0.13797735350495802 0.2134503489929456
19 608 0.23861879218706944 0 56.65110741538377 0.49856964762405664 0.1330648625919526 0.22511893730309868
20 640 0.2599534607777934 0 56.637115896040896 0.49999050690338626 0.13900418285871224 0.2067737777682589
21 672 0.2510868240120795 0 56.27453293365372 0.49632052054830417 0.11792082536639241 0.2379813877758457
22 704 0.22952621728564265 0 56.2968950183802 0.4993817623961116 0.12266353360472386 0.24538111987932273
23 736 0.20140060778351013 0 56.23625820962623 0.4996030628847951 0.1281468074027081 0.22575329266473748
24 768 0.18907585525721143 0 56.397768264491994 0.4993758272250835 0.12041565676863528 0.2386917211199848
25 800 0.17313736194554377 0 56.39851206017659 0.4996067029892998 0.1241995384527216 0.23718409631583617
26 832 0.15187975647302854 0 56.4114905956128 0.49997326427375033 0.1344540086968231 0.220612236351057
27 864 0.1542871939671692 0 56.47848054890833 0.4998686444598176 0.12731151242573466 0.2335233835984661
28 896 0.14061690612285244 0 56.329063644072406 0.4999048805696916 0.1317727118726701 0.227068790874024
29 928 0.14285502371359154 0 56.30058002064572 0.49940848231073914 0.13186762905862262 0.22387518725483443
30 960 0.1322888632145493 0 56.20789348268577 0.49967051503967264 0.1260980474462375 0.2356154726434472
31 992 0.13413109038081178 0 56.32635819847867 0.49905526951528034 0.13175767735802432 0.22674337212961335
32 1024 0.13934053056493145 0 56.38392937796938 0.4983507881091803 0.13375691244680543 0.22277663437895512
33 1056 0.11920318602039466 0 56.41638260062464 0.49853097139987995 0.13032006968078383 0.22687025349621437
34 1088 0.1288459451978751 0 56.30187348699327 0.4989223303437085 0.13197125826892706 0.22442366517852
35 1120 0.13559153633195126 0 56.27782448719161 0.4989587819898762 0.12976657557897034 0.22702189080304813
36 1152 0.1273643744223284 0 56.27418179143096 0.4991216482560473 0.13039715090002485 0.2268596203006105
37 1184 0.15014280134779906 0 56.255125504369545 0.49751953908394475 0.1295306447373151 0.22485231077973866
38 1216 0.1904843299118396 0 56.165708597902565 0.49710896466002413 0.12933542134956003 0.22367870582646904
39 1248 0.23564176590959302 0 56.17428805022204 0.4977724070554383 0.12968115838015676 0.22480277313744748
40 1280 0.25525078327451756 0 56.15175058849176 0.4989730787303909 0.1284721359872434 0.22786764173259377
41 1312 0.2660647423343233 0 56.082575152422145 0.49350616639032646 0.12831946278958556 0.22311391820011825
42 1344 0.2527628123646744 0 56.149332788992396 0.494406283123651 0.12582627433523372 0.22302814443279753
43 1376 0.22673393971562866 0 55.962638433933144 0.49656135130611867 0.1248470250206955 0.22355796508594947
44 1408 0.2301494616514864 0 55.96161637376855 0.496647568770883 0.12347078539118579 0.22425850970763025
45 1440 0.22108291261778507 0 56.128040362878295 0.49724354182576325 0.12866770473362799 0.2241375088951606
46 1472 0.20247036142070762 0 56.241271161438405 0.4979724895463034 0.12634291253519753 0.22423587430102648
47 1504 0.2150157172324605 0 56.03630582431521 0.49905824400146076 0.12443628529103903 0.22621502509278635
48 1536 0.21828686657586563 0 56.084753370778515 0.4948410246672814 0.12413072189873252 0.22371842862200492
49 1568 0.2156111682656537 0 56.09998464149011 0.4987309546175289 0.12704735713564824 0.2254202983650947
50 1600 0.20950293086256058 0 56.06324005545343 0.4971096346906126 0.12408193049613743 0.2245351921469679
51 1632 0.1976284474708859 0 56.092244796740104 0.49835368461427954 0.12593811106300642 0.22518564168273336
52 1664 0.19586548164411235 0 56.063724109241505 0.4985473914033424 0.12637918044514249 0.22515911270792674
53 1696 0.16589834194184055 0 56.03781403295969 0.4998966050746106 0.12416315591812234 0.22698358590365972
54 1728 0.14640926034083374 0 56.08210403243808 0.49811697937326405 0.12791246212535687 0.2249850895056494
55 1760 0.1731677344076226 0 55.99191097386802 0.49873191484911106 0.12678365229604127 0.22530041751219274
56 1792 0.15880613064253338 0 56.152526333846 0.49983888276471494 0.12479118908850495 0.22690407263580914
57 1824 0.12924664426190843 0 56.09706570938385 0.4975209050050134 0.12646589863507707 0.2245712323395731
58 1856 0.13889415089655938 0 56.10344770755367 0.49829152484087036 0.1270824963936765 0.2250034578424772
59 1888 0.1527676465836431 0 56.19869791456838 0.49838223560068595 0.1266258460048323 0.2251612930070379
60 1920 0.17424397212675383 0 55.624743519280315 0.49966605530732194 0.1261317468707376 0.22646731576746118
61 1952 0.164655070680086 0 56.105270806895604 0.4979757992298007 0.12713147565557822 0.2247596251758075
62 1984 0.19572981407397336 0 56.071997977820004 0.4982004319989719 0.12644603445720473 0.22500185186910865
63 2016 0.1825095033412478 0 56.15121185372442 0.4939435674799963 0.12829812291697584 0.22272939751034193
64 2048 0.19187120128712198 0 56.11807204031166 0.4961219568360492 0.1273421047933612 0.2237808601509722
65 2080 0.17605115767345383 0 56.1084277328987 0.4902883362846163 0.1285116560001253 0.22151756892210828
66 2112 0.2018712017943906 0 56.17220223701507 0.49940104672093333 0.12472204251388218 0.22625576866480293
67 2144 0.1969857657754952 0 56.00991641601276 0.49452312956255634 0.1271502356553008 0.2230436293784671
68 2176 0.20846006637978096 0 56.11561501924172 0.4954422572581446 0.1264479368752015 0.22347105312988083
69 2208 0.20626206578870468 0 56.08414938425438 0.49795783525133475 0.12731407335168304 0.22470899673603353
70 2240 0.2829763262981745 0 56.1808430111051 0.4999976901723701 0.1264311320926732 0.22747971780038093
71 2272 0.25661504352818537 0 56.08286860296244 0.4987157006888204 0.12733922649489074 0.22547066249817468
72 2304 0.25936883233583224 0 56.191810862979146 0.4997171301726129 0.12690060536232078 0.2266371449388492
73 2336 0.22803130151539538 0 56.108597788487074 0.4981420734702133 0.1269994257525445 0.22494366818181732
74 2368 0.2815796015393174 0 56.076552453667226 0.4983773415294556 0.12632230589555593 0.2250689716200923
75 2400 0.2880979157976826 0 56.07111699209987 0.4980545071801494 0.12558023077367889 0.22488183676073115
76 2432 0.4146463576369842 0 56.10422968114056 0.4966931927917522 0.12488026692921574 0.22439804466738575
77 2464 0.4221617943169523 0 55.93812354559086 0.49652653195171215 0.1220569751279219 0.22401530022261695
78 2496 0.36496231680675684 0 55.90805395631858 0.4954737544136081 0.1265741820556668 0.22327626068918288
79 2528 0.3427563406572145 0 56.093610031241745 0.49381393458641126 0.12470139096061132 0.22282824759384776
80 2560 0.26469637143958624 0 55.99392200218991 0.49559649294088526 0.12555613588508036 0.22350815402080024
81 2592 0.24089347135038156 0 56.133220006067766 0.4952706982363398 0.12731046507937172 0.2232852825002859
82 2624 0.2363693623679504 0 55.79944560899687 0.49730562188503896 0.12618272688837584 0.2244620783699535
83 2656 0.24762675395959566 0 56.082389045281715 0.49705302489830877 0.12520196055092134 0.22423062965747542
84 2688 0.212798118784017 0 56.006042944083816 0.4971040504124392 0.12612364018932623 0.2242429284828042
85 2720 0.22746092057932876 0 56.00184768478371 0.4971195982290125 0.12647322619592222 0.224363856690745
86 2752 0.18670316544401147 0 56.07654441816404 0.49653716507585643 0.1263910865920283 0.22403572148026063
87 2784 0.15185797860953967 0 55.951942736086494 0.49692214205384655 0.12608645756711645 0.22414857835938348
88 2816 0.13170717068471713 0 55.98775089581338 0.49584190355096514 0.12576677618409365 0.22366168141170373
89 2848 0.13539499815523162 0 55.98798896762618 0.49704279539672613 0.12640346216260775 0.2242714548258849
90 2880 0.15663259294078272 0 56.092305665128606 0.4965903563973199 0.1261921973773525 0.22401058811984817
91 2912 0.14404094790909555 0 56.08033196282362 0.4955171475290694 0.12536597413501613 0.22348900629797042
92 2944 0.13147317408508347 0 55.89228963879656 0.4957949204162721 0.125895761085307 0.22361279473989717
93 2976 0.17385841601785523 0 55.973108380380836 0.4955383162610285 0.12534400024891165 0.22348106213887403
94 3008 0.19063732919854234 0 56.006525799030904 0.4953182154471507 0.12523402682344786 0.22340501134010746
95 3040 0.15829036873320387 0 56.08411613068413 0.4958453038499819 0.1256726489600346 0.2236226522279078
96 3072 0.15096923428718848 0 56.090936678411445 0.495573502933967 0.125565622180238 0.22350211011810234
97 3104 0.13787913117557438 0 56.10637875150094 0.4951847435961779 0.12544895845885828 0.22334468903546317
98 3136 0.1466156509186713 0 56.093996609334745 0.495347957897339 0.12559916160946624 0.22341595290707766
99 3168 0.12409950667307625 0 56.08799735086384 0.4953111851603074 0.12540712676562113 0.22338405608119563
100 3200 0.10427433319651752 0 55.97626928623771 0.49569133466180604 0.1256663385342516 0.22356068637367368
101 3232 0.09225214967395373 0 56.0682157654865 0.4957436887416772 0.12568690910551544 0.22358636617603284
