% # columns="iteration, evaluation, min max(neg(.)) min(pos(.)) max correlation, correlation matrix principal axes lengths  (sorted square roots of eigenvalues of correlation matrix)", seed=1, Sun Feb 22 04:08:42 2026
1 32 -0.16303126971716347 -0.13895926834877853 0.046849632235713895 0.08471393106215976 0.9141768529315266 0.9736996919794987 1.102809861854364
2 64 -0.44906968210675435 -0.3899149194074009 0.08366073396869483 0.18236452239470663 0.7414079639958309 0.9313593717850914 1.258127160310768
3 96 -0.3036961223971183 -0.2870151569493943 -0.1499234512207943 -0.12090718142565166 0.7421817070106171 1.0566216020205217 1.1544336723789688
4 128 -0.4709548020802158 -0.4641441815366598 0.04967706354666436 0.21414019136421647 0.6714578250607495 0.8867611872083047 1.3277044046118118
5 160 -0.5570520854431105 -0.5073920588517385 0.015499322904804352 0.14013642356561345 0.6285749746111178 0.9346203483714395 1.3158184926891259
6 192 -0.5641708874753598 -0.4897939520744041 -0.05977569934705303 0.00918678282777497 0.6160308452171359 0.9964446844260177 1.2757758379198894
7 224 -0.6703872996384838 -0.6079396259353368 0.040058423516901656 0.19361009963116754 0.5339471270997397 0.9098537588888929 1.373705427993093
8 256 -0.7093060178010061 -0.611471254073461 -0.007943116626915575 0.09539816546105448 0.5046012095663296 0.9639819881531494 1.347633609635979
9 288 -0.5586988878119946 -0.44899177557307696 -0.10100249753282459 -0.0947131837583248 0.6346147576119818 1.0188119516589202 1.248713864973889
10 320 -0.4343528203726545 -0.34778939567262157 -0.08801193712260215 -0.08798287563929522 0.7297175884249663 1.0164444916219753 1.1976447038227138
11 352 -0.12860290189831255 -0.09564711692361373 0.015027641513031086 0.018963442683880553 0.9324723023271522 1.0004643734054566 1.0628106336215903
12 384 -0.3123977912963775 -0.22780531088831119 0.1636178072618486 0.20949969957050224 0.7820043225392547 1.0119347037952222 1.1680999078780874
13 416 -0.15536636182228086 -0.07050620548240373 0.2585609411415439 0.2833898336763159 0.7612072306976745 1.0653350684782723 1.1338539340690985
14 448 -0.18038423516746172 -0.07202758403040421 0.25884443101305743 0.2607784515571538 0.7317354587995302 1.086380789417893 1.133287253400124
15 480 -0.30132302648402526 -0.19329685425256257 0.17580575170167165 0.19081378145495367 0.7589447686462697 1.0557742279352036 1.1442655363910448
16 512 -0.04872127470150204 -0.047383098991740716 0.039601952154371414 0.06725879349331412 0.9655805183689384 0.9801602379418627 1.0521122423506546
17 544 -0.16793473979751627 -0.13579849421121015 0.0021231135619870015 0.015960737233413264 0.9112642129419263 0.9964696222661721 1.0847330667551551
18 576 0.1330124031654412 0.14400580631610393 0.2221611884246421 0.23721957931015875 0.8695224961328313 0.9357708002776325 1.1697280188431365
19 608 -0.32072991476519574 -0.2736804449274324 0.16300724233072325 0.26152033491234505 0.8029178515457824 0.9331923539072834 1.2183903127807973
20 640 -0.3071803315657871 -0.26171200959013197 0.12929730242602697 0.21416541778909148 0.8221106365810495 0.9403945529880453 1.1999134076802025
21 672 -0.5716774295533505 -0.4599568689091142 0.08018952376330452 0.14851776067654104 0.6540650260089168 0.9702053785449073 1.2770671341767774
22 704 -0.6703460280387027 -0.5477368976474184 0.030864779062232527 0.10112287424083195 0.5699544412166769 0.9747659247795245 1.3133862062722086
23 736 -0.6795713045266603 -0.5701303081329964 0.07697260468614558 0.18323257923219555 0.5635990901802826 0.9427566941524 1.3392407853626602
24 768 -0.8136632076827695 -0.6536765239894196 0.026793404003825953 0.09363002964155799 0.4269741439484035 0.9808995649021977 1.36217808085955
25 800 -0.8740480704649514 -0.6725409458547258 -0.033266431704137275 -0.021682051597500064 0.3483816872647737 1.0016747654642613 1.3694078516682555
26 832 -0.8808227594402003 -0.6816459158682944 -0.015470861731128011 0.007410646076021549 0.34035429583821875 0.9992985070002663 1.3731574735664913
27 864 -0.9269222815581434 -0.7518729236258889 0.017895842222994826 0.09943607290703482 0.25327605269929915 0.9769813811234275 1.407607410490305
28 896 -0.9165403565875713 -0.7746836314928125 0.0701524064708859 0.20990769403069334 0.26827297242436826 0.9294977676556364 1.4366849035852582
29 928 -0.9174627436380428 -0.7528396208766395 -0.014983528375324413 0.06634537969704393 0.24927002230906348 0.9825637885838993 1.404433286896068
30 960 -0.9353486625159688 -0.7455558512510279 -0.08460260351605539 -0.05407766553600567 0.1923827066659225 1.0097616598970807 1.394048164296265
31 992 -0.9188793194767877 -0.7797681746212528 -0.027351990254686848 0.08434225967863362 0.1963476477981701 0.9709005761103415 1.4208447038690517
32 1024 -0.9331601715755307 -0.8166264092927193 0.04975983688256852 0.2220214899915199 0.17684726191411487 0.9084563347854427 1.464046493025983
33 1056 -0.8520785281807477 -0.7553906200833719 -0.06881257627760773 0.06335886356027114 0.23406797222813758 0.9730170948603966 1.4136654192157498
34 1088 -0.620898362457567 -0.580848898783975 -0.34281182332643423 -0.3035155951808459 0.25365117978308477 1.1337496165147456 1.2846294742248898
35 1120 -0.574552183694343 -0.5686426015355747 -0.3375376013592607 -0.2664121834592577 0.24454341383469744 1.125215338809305 1.2938658972468255
36 1152 -0.5705153350718333 -0.5638452167094617 -0.3159883750374832 -0.24003954617586196 0.28774457075508636 1.1134190682013703 1.2951837864050662
37 1184 -0.6789377480458436 -0.5966392960734754 -0.28133027071888184 -0.2585257142397188 0.33479529659787943 1.096094791150762 1.298648650785926
38 1216 -0.5646361321532878 -0.524217069357179 -0.15987250558808574 -0.07884338046116343 0.517310937805601 1.0365598837682197 1.2876074716267782
39 1248 -0.5280117648558378 -0.4435541624540187 -0.11864618287061221 -0.0948011254112958 0.6351792232283047 1.0292813164157444 1.2398093910180548
40 1280 -0.585801030186202 -0.49496314012775644 -0.19194369402779538 -0.18177510205292055 0.5456678143284143 1.0558636058864517 1.2599201094396864
41 1312 -0.6234699704623047 -0.538696755303709 -0.11923623696956692 -0.06418927935011517 0.537461730325748 1.0238592626406813 1.2895142879162425
42 1344 -0.7172346222349922 -0.623927986355649 0.034548175665287936 0.16073359379292362 0.5070979408069974 0.9363348822029572 1.3660632001482498
43 1376 -0.8165596888316311 -0.7298865930487465 0.15881322463625597 0.36837340141503877 0.41834228247671235 0.8345074869814408 1.4589677819828974
44 1408 -0.8463331757744119 -0.7069518019266154 0.1224091560262966 0.2594814348294709 0.3912794648406111 0.9218385972228228 1.4131928322293115
45 1440 -0.9130792481486398 -0.7482843353689118 0.06062558251524558 0.1654673090302367 0.28709575964741946 0.9573292110250587 1.4146012888834116
46 1472 -0.9007311885334673 -0.7393887983834364 0.006489105701831213 0.0937726835802228 0.2906308368336894 0.9752654391009544 1.4015673512095563
47 1504 -0.9413693201804356 -0.756317745725766 -0.03702719931996838 0.017684741693961302 0.2021091015431007 0.9963804116308549 1.4022760022163143
48 1536 -0.9621952580005412 -0.7723335382429546 -0.03295734907609039 0.02363966088861119 0.14557958782879218 0.9952214393630523 1.4100854123916513
49 1568 -0.9744414967582464 -0.7500852372120042 -0.07103192902503164 -0.06903708584228299 0.12137963745957585 1.0053818345534824 1.4051599020609917
50 1600 -0.9710486743558053 -0.7564846197637036 -0.045612588867913306 -0.02321929982808479 0.13963514217385267 1.002656191214293 1.4054118931081152
51 1632 -0.9814698566695724 -0.7619111074109727 -0.03358354061462502 -0.010366434274442256 0.10947483702804454 1.001077756105088 1.4092049482915128
52 1664 -0.9858618651685037 -0.7545694672622695 -0.04191114135966773 -0.035650763965034624 0.09722195312206075 1.0021812879395418 1.4093191824192894
53 1696 -0.9840996237578903 -0.760828052466784 -0.044290628393882675 -0.02871639166068854 0.09307505251836354 1.0026276806504295 1.409281649845851
54 1728 -0.9858948289420314 -0.8438499276012885 0.13955825122595072 0.3253160761609543 0.09534422412788185 0.881593775621778 1.4878514353625465
55 1760 -0.9905888555023011 -0.8945136250632892 0.2532630156381543 0.5397799987662903 0.0779441454057504 0.740708152924128 1.5637378752171651
56 1792 -0.9921387740614022 -0.9128202354427246 0.29533594354281834 0.6187361312526551 0.07152633851461483 0.6768171245487377 1.592734303898887
57 1824 -0.9921817354143608 -0.9092121978651238 0.28643588749074667 0.6020157117267997 0.07042016767027477 0.6910752597913505 1.586649294989163
58 1856 -0.9897876473473362 -0.915336821403687 0.29299547351402033 0.621322079209607 0.0758345740147399 0.6684370929653147 1.596070477808571
59 1888 -0.990807650840742 -0.8945609072123161 0.23983164621788544 0.52171575373286 0.06293761207200145 0.7494159974080221 1.560261042202751
60 1920 -0.9918756237803856 -0.9064847575573005 0.26086972601345326 0.5645970209806195 0.04757802268607321 0.7137802101718276 1.5774200909473497
61 1952 -0.9938752216293011 -0.9195212679589609 0.29727296671306536 0.628517091266734 0.04453685847108787 0.663555815429993 1.599284261176406
62 1984 -0.9967787720400952 -0.914423623310475 0.3002910743142276 0.6228408247928416 0.03894518315928319 0.6785466261495122 1.5931282901416963
63 2016 -0.9983166165541537 -0.9463692722660046 0.3787474842092742 0.7685057254128846 0.032594217092558615 0.5381524004765849 1.6460041345250054
64 2048 -0.9981463906853056 -0.9398202276170607 0.3659408454578982 0.7428683734146396 0.03593810993204678 0.5678598899346087 1.6359228581011902
65 2080 -0.9986482822985336 -0.9544323365510613 0.39817777948119126 0.8048318724111364 0.030415979855744874 0.495817603071075 1.6592889358560396
66 2112 -0.998287402831682 -0.9411097577239063 0.362281047633962 0.7395670043121424 0.02576130355207706 0.5674959363499948 1.636241032814402
67 2144 -0.9982827688341498 -0.9289104455444445 0.33763620471808886 0.6904460981825613 0.028240254766444914 0.6198736221780348 1.617083541607733
68 2176 -0.9982743479822993 -0.881254994502517 0.24413056424492258 0.50223973034762 0.0345213435941151 0.7843920050297506 1.543870933492131
69 2208 -0.9979770446645767 -0.8565838970589641 0.1896671990029611 0.3970244167513235 0.03557616749838575 0.8541982061968653 1.50634649428217
70 2240 -0.9988914281306011 -0.8560286914535007 0.19294674954406155 0.3997424931994819 0.025404365390656315 0.8548383808331792 1.506189218150763
71 2272 -0.9983547690696335 -0.8776361777713819 0.23981447190891897 0.4915794305041011 0.035521094332965256 0.7936633040959606 1.5391025994354217
72 2304 -0.9980197073482749 -0.8908616219215338 0.27314216668819136 0.5539853441313586 0.04250179338364987 0.7490610214046962 1.5611217709619347
73 2336 -0.9974128189963583 -0.8800222468144983 0.24657960707421342 0.5047229861885907 0.04712871398180008 0.7841215346823373 1.5436749344229952
74 2368 -0.9974401744463672 -0.8331864629612221 0.15483821537346354 0.31992606333321355 0.0482008315873651 0.9031886965970206 1.4771346784141455
75 2400 -0.9963868483227424 -0.7880948043946093 0.0719417091050055 0.15032850301007744 0.05939413443880866 0.9762052461127757 1.4295088856863252
76 2432 -0.991926775988501 -0.7495962594516974 -0.00183431537495067 0.005089149447161225 0.08898635889510814 0.999884081482986 1.4114932700964309
77 2464 -0.9925906640361251 -0.7475247125017832 0.003136839799692314 0.008291405699175695 0.08602983162304147 0.999897047838157 1.4116673693882176
78 2496 -0.9928051443037932 -0.754104203096319 0.017184977155023217 0.03558042936466298 0.08480507006606257 0.998640896457411 1.4126303338148412
79 2528 -0.9929499372217001 -0.7637449930995204 0.04526671300471041 0.08573233758394092 0.08368587863664637 0.9934910535805395 1.4163234800610491
80 2560 -0.9891163558705633 -0.7777401182835457 0.07729059920070538 0.1509246007751048 0.10419211276556035 0.9787558330963867 1.4251950823719701
81 2592 -0.988232524428791 -0.7483527266977957 -0.0037504543835046103 0.004570505323597305 0.10711009080635808 0.9998673089057246 1.4102456498883729
82 2624 -0.9943300600866521 -0.7777593131112281 0.049815596295162204 0.10910315245520175 0.07407369158377804 0.9862361972409859 1.4219181592014325
83 2656 -0.9930791415925833 -0.7555970496327581 0.02139113628431283 0.04290510629684463 0.08319151377222929 0.9981409285436014 1.4130795656304713
84 2688 -0.993176543680319 -0.8061215529706348 0.10856272329418115 0.2264024913394355 0.08148522619173137 0.9479943692256646 1.4472963876928995
85 2720 -0.991090033578998 -0.8647713317779528 0.24116281146421611 0.4834888240772272 0.09437360814816906 0.8060834919132691 1.5301382375948935
86 2752 -0.9895457094447564 -0.8698269627883696 0.2784643401664713 0.5415093611616981 0.09891984795952659 0.7758206787867459 1.545418111077561
87 2784 -0.993040171913158 -0.9054994132785092 0.3384350538875597 0.6655391176416007 0.08064374103821338 0.6685399666707853 1.5957916217336108
88 2816 -0.9927806769321459 -0.9180415725102844 0.36001347035596576 0.7112927135561876 0.08313668032222843 0.6213011819020027 1.6146433456810747
89 2848 -0.9965701556782652 -0.9566266738473517 0.4212865246000571 0.8406474422516131 0.058346690743529474 0.4601796464329466 1.6687810990924268
90 2880 -0.9985071538941583 -0.9776699986682531 0.45976391605663136 0.9180713990723542 0.03828632635455986 0.33192233579911234 1.6995180846969338
91 2912 -0.99903730206963 -0.9783789151612796 0.45966884574636296 0.9183597124738934 0.030829970275694604 0.3306293758726023 1.6999216831203998
92 2944 -0.999372440788405 -0.9832375570912142 0.4668254272223472 0.9340448716296769 0.025001761960827838 0.29474807658026614 1.7066043722114064
93 2976 -0.9991171509657055 -0.9829732854162282 0.46766032728159734 0.935060999298062 0.02969454339374685 0.2937908621663854 1.7066942208257954
94 3008 -0.9994769008957745 -0.9869846034761297 0.4745702031296759 0.9492628412452997 0.022864648601349395 0.2590706782423642 1.7124133821946665
95 3040 -0.9992458755764217 -0.9790735609039825 0.45625534584021143 0.9145260000825034 0.026512634139179512 0.33246048407737894 1.6996373456587837
96 3072 -0.9991681991832069 -0.9680276596396427 0.4342984849946685 0.8705999936625414 0.028248258451610497 0.4102203772457447 1.6825341833041045
97 3104 -0.9989872709200474 -0.9716521807210639 0.44181168104827645 0.885631211439073 0.031215318245933852 0.3853497139587607 1.688351622695553
98 3136 -0.9986438458594051 -0.9780109790669784 0.4555286736457249 0.9127423577575327 0.036345110565160856 0.3363194263873025 1.6986960517916445
99 3168 -0.9983733700633234 -0.9738718155653505 0.4462735868790424 0.8951538331958672 0.03944047146310207 0.3674533793382276 1.69216502245605
100 3200 -0.9982058021848529 -0.9642828580088307 0.4240641640987052 0.8529235606251949 0.040228038080725205 0.43313749393983053 1.676536195939622
101 3232 -0.9979918322535484 -0.9534408861433685 0.39326975753393556 0.7976223593161905 0.03596186935647608 0.5018803183743747 1.657354183625463
