% # columns="iteration, evaluation, void, void, void, xmean", seed=1, Sun Feb 22 04:08:42 2026, <python>{}</python> # scaling_of_variables: 1, typical_x: 0
1 32 0 0 0 0.3280054968094822 0.2551295871675895 0.22612563959507584
2 64 0 0 0 0.41269480745166887 0.211233654301655 0.25830493130600857
3 96 0 0 0 0.44710924237482685 0.2364557499566403 0.19510412725670867
4 128 0 0 0 0.5261764019953715 0.20803323050723344 0.2494806966156805
5 160 0 0 0 0.5048154513606186 0.22118157976708688 0.18607379116338557
6 192 0 0 0 0.5175678464703815 0.19961992729060293 0.21253409160172607
7 224 0 0 0 0.5928908842095375 0.15972262630226594 0.23778193416308913
8 256 0 0 0 0.6511927220818279 0.16212508147858268 0.22902049113230602
9 288 0 0 0 0.6218445566622778 0.1847412473842975 0.24483929025247375
10 320 0 0 0 0.5746910231161371 0.17775925516015964 0.2427967294401218
11 352 0 0 0 0.5545556493601694 0.1648835679023755 0.239021880400333
12 384 0 0 0 0.5887683995673956 0.15495010539476725 0.23133088379136355
13 416 0 0 0 0.558152681877511 0.1548457849462658 0.2223888342658592
14 448 0 0 0 0.5593167185663817 0.15029186998005037 0.2161243859574377
15 480 0 0 0 0.5870839931994901 0.14939197491723938 0.21503260544610128
16 512 0 0 0 0.5928453687974874 0.15325642337091192 0.21202009271835887
17 544 0 0 0 0.5756863733658755 0.15255414895812666 0.21810368506437716
18 576 0 0 0 0.5516140863434831 0.14463240994348175 0.21487225059714626
19 608 0 0 0 0.5983635983806216 0.1399234264941827 0.21704913721670807
20 640 0 0 0 0.5729499248697706 0.13582845533219018 0.2213167763540787
21 672 0 0 0 0.5839280644655119 0.13207364047486778 0.22424780106737488
22 704 0 0 0 0.5882076142754229 0.13307582591476166 0.227227556467782
23 736 0 0 0 0.5848444634914939 0.13420239284348334 0.22284565707829618
24 768 0 0 0 0.5886699422563442 0.13140297529259667 0.22705608799722585
25 800 0 0 0 0.5869805311276459 0.1315648242379582 0.2284621462620061
26 832 0 0 0 0.5810980435334968 0.13177565330040572 0.22725658226716505
27 864 0 0 0 0.5830111313265521 0.12942670628523292 0.2305723622447523
28 896 0 0 0 0.5870261004887563 0.1288748399920055 0.2308315303387585
29 928 0 0 0 0.5895596440637895 0.1282109191571625 0.23070839376517546
30 960 0 0 0 0.5908751960403824 0.12950063679610838 0.22875792372970724
31 992 0 0 0 0.5943754815406813 0.13062177219162807 0.2267826774177868
32 1024 0 0 0 0.5930129899626139 0.13184462298063632 0.2255328702336247
33 1056 0 0 0 0.594536514370668 0.13169537244796262 0.225215169778717
34 1088 0 0 0 0.5986050431427575 0.13127669706771017 0.22471082033576653
35 1120 0 0 0 0.5994458547860957 0.1304788233367635 0.22532541126520045
36 1152 0 0 0 0.5998591947518125 0.13072114260161802 0.22472902890979304
37 1184 0 0 0 0.6029012320390501 0.13021318947421384 0.22424882602101334
38 1216 0 0 0 0.5999444531837629 0.1302877335216807 0.22395490630589227
39 1248 0 0 0 0.598778386344502 0.12932302342309196 0.2244087464675081
40 1280 0 0 0 0.6014822336380263 0.12851384753277045 0.2247419918012817
41 1312 0 0 0 0.6062990922183805 0.12810998579977115 0.22420812090598705
42 1344 0 0 0 0.6006052908705195 0.12805471319074546 0.22480229044015868
43 1376 0 0 0 0.6011523115458876 0.12756088396548984 0.2247288050774579
44 1408 0 0 0 0.6020207339174344 0.1267185413559259 0.22462538252622363
45 1440 0 0 0 0.605122601584803 0.12650460789103515 0.2244302885828177
46 1472 0 0 0 0.6067471509112986 0.12673753658981007 0.22408174618765897
47 1504 0 0 0 0.6019170650622523 0.12621306813672253 0.22484540273794704
48 1536 0 0 0 0.5981521484579061 0.1260890058314384 0.22515539542492286
49 1568 0 0 0 0.5932413275866688 0.1263256011667917 0.22564389055416034
50 1600 0 0 0 0.5970226842859144 0.12570004098315096 0.22522491700198685
51 1632 0 0 0 0.5918983322132503 0.1257567818812802 0.22576004750041997
52 1664 0 0 0 0.5881498767304834 0.12573990884892533 0.22612581114639296
53 1696 0 0 0 0.5883134899434742 0.1254636120174703 0.22614689135963995
54 1728 0 0 0 0.5887653844890058 0.1254572162654556 0.22613123462472057
55 1760 0 0 0 0.5932549076959017 0.12592823110746615 0.22555917527195557
56 1792 0 0 0 0.5941283849701179 0.12620342580180727 0.22547834135753944
57 1824 0 0 0 0.5947428401450282 0.12617302392598992 0.22541135767943973
58 1856 0 0 0 0.5944576384485618 0.12673421753514863 0.22539607318344357
59 1888 0 0 0 0.597930191179581 0.12673235878950206 0.22501291297060907
60 1920 0 0 0 0.5916044703439821 0.12624223009714824 0.225739795178334
61 1952 0 0 0 0.5973787789219268 0.12672491465879335 0.2250735001277898
62 1984 0 0 0 0.6020016325769125 0.12685872648035598 0.2245357212669598
63 2016 0 0 0 0.604870351187988 0.1272112876049399 0.2242020815429967
64 2048 0 0 0 0.6020277875168119 0.1271250810087768 0.2245582779294138
65 2080 0 0 0 0.6037200758748623 0.12699911724677254 0.22435528894753523
66 2112 0 0 0 0.6046781657755638 0.12662652423191179 0.22428656892896723
67 2144 0 0 0 0.6100995552871458 0.1269499195452524 0.22367146876388694
68 2176 0 0 0 0.6130175583539095 0.1269268157689461 0.22333252770381748
69 2208 0 0 0 0.6079725175099115 0.12705047217236518 0.22387400539982283
70 2240 0 0 0 0.5977173623214425 0.12705523329921062 0.22500040572039254
71 2272 0 0 0 0.6015902574706906 0.12714371885872755 0.22459792315391972
72 2304 0 0 0 0.600461094498744 0.1271062512078634 0.22476276369792078
73 2336 0 0 0 0.5995092524266836 0.1269230796326161 0.22487769088105847
74 2368 0 0 0 0.6020422600303377 0.12660428279278996 0.22460246079906468
75 2400 0 0 0 0.6042133073761469 0.12644529632830775 0.22436221664560285
76 2432 0 0 0 0.6065580806990353 0.12571217736254475 0.2240659836762179
77 2464 0 0 0 0.6087625317098314 0.12549549695704404 0.2237955076181099
78 2496 0 0 0 0.6104276152594601 0.1254261381472204 0.22360776273408264
79 2528 0 0 0 0.6107657005668651 0.1261091930729461 0.22357354041635064
80 2560 0 0 0 0.6106532819952547 0.12589732044971716 0.22358732364636763
81 2592 0 0 0 0.6108423781454474 0.1261791827935245 0.22355486288890097
82 2624 0 0 0 0.6098020426373176 0.12580344931432752 0.22369348866945832
83 2656 0 0 0 0.6087715529725811 0.1256773425745696 0.22379023269220572
84 2688 0 0 0 0.6082974840440428 0.12582013034945247 0.22384748296322773
85 2720 0 0 0 0.609525593374127 0.12578435318407902 0.22373713268649698
86 2752 0 0 0 0.6087725980697687 0.125803842745632 0.22380715039976937
87 2784 0 0 0 0.6091745763559242 0.12574079694152165 0.223764168688086
88 2816 0 0 0 0.6090379763746934 0.1257584001554702 0.22378655708900594
89 2848 0 0 0 0.6079903109970327 0.12591585714808182 0.2239003531612965
90 2880 0 0 0 0.6067496605710422 0.1261521404130462 0.22404246569946798
91 2912 0 0 0 0.6082682005172254 0.1259583843876047 0.2238734822577652
92 2944 0 0 0 0.6090854635856136 0.12584747916218447 0.22377867633779602
93 2976 0 0 0 0.6104654826993378 0.12568242174136732 0.22361322440308778
94 3008 0 0 0 0.6128007030397311 0.12536651725391454 0.22335547996396182
95 3040 0 0 0 0.612275370283847 0.12545769418796346 0.22341203233874582
96 3072 0 0 0 0.6117985127127913 0.12556002769525793 0.22346010496344673
97 3104 0 0 0 0.6124458099220674 0.12551276684299298 0.2233908182476303
98 3136 0 0 0 0.6123708245234747 0.12551978818016907 0.22340579922815768
99 3168 0 0 0 0.6124023360487498 0.1254941718125169 0.2233982601806734
100 3200 0 0 0 0.6124454468034651 0.12548536375356747 0.22339218631616978
101 3232 0 0 0 0.612346464973012 0.12547618998244778 0.22340381778362514
