% # columns="iteration, evaluation, min max(neg(.)) min(pos(.)) max correlation, correlation matrix principal axes lengths  (sorted square roots of eigenvalues of correlation matrix)", seed=1, Sun Feb 22 04:08:42 2026
1 32 -0.07500114089667184 -0.04278995959521984 0.1321843386476863 0.158297923427203 0.8944593814120901 1.019790569277824 1.0770188530457172
2 64 -0.09959844596737324 -0.03754623919554172 0.3574578420643158 0.4270736623791035 0.7140764552131689 1.0295504582067065 1.1958765279561918
3 96 0.20837116118315013 0.22862382046427732 0.33081042341245004 0.34461996511404713 0.7986388256103407 0.892733196747442 1.2510809189068584
4 128 -0.006541854457575709 0.09456686051624125 0.4215657918450438 0.4294567206474943 0.6413104564482331 1.0032561161985922 1.257854547934806
5 160 0.07676698553362585 0.1428101390797765 0.49646289323052584 0.5483039910679584 0.6219673942106694 0.9650625145688343 1.2968465227284485
6 192 0.17751163556265176 0.21231035019458572 0.5163140729661717 0.582849932591433 0.6306695021873536 0.9243815984641475 1.3220342807323957
7 224 0.1312449165451155 0.19830122252720989 0.5961330471857509 0.6616873494231701 0.5292462945680781 0.9405403253136482 1.3547258970525575
8 256 0.19472435624275325 0.23522152950428166 0.6287432705611967 0.7194200109853067 0.5098498009316447 0.9211520931849779 1.375329779256923
9 288 0.19636451625333884 0.19959223182489466 0.4849077950076121 0.5767852671636288 0.6504228640524945 0.939043181482665 1.3019784949178945
10 320 0.14070807251344705 0.1407260307246767 0.3693632139785544 0.4455576501852839 0.7446088526081613 0.9612671583101897 1.2335003473740127
11 352 -0.019539931376460172 -0.016081799246904557 0.09508898184479865 0.12868777674581078 0.933041246555511 0.9991540438418927 1.0635437127361207
12 384 -0.22915569543102265 -0.1964717490389917 0.21926649358599806 0.32516196140229703 0.802502919748901 0.9529040368189339 1.2033133259499242
13 416 -0.32131436789049456 -0.3011803231967135 0.10492898164832504 0.22016470523622353 0.8230056903671886 0.8936187639673201 1.234547341461131
14 448 -0.3220135001824894 -0.3205156394347918 0.11883510469514103 0.26378749199075435 0.8134471489707502 0.8581137997633457 1.2656794390709962
15 480 -0.24353474227636002 -0.23293892439962338 0.20116062217499686 0.33526465315646703 0.8124609669537919 0.903141424730157 1.2346022615048504
16 512 -0.06528470338426537 -0.03890592608684077 0.04452126190736283 0.045951547274672766 0.947734201193761 1.0178788278004849 1.0323384017865143
17 544 -0.009487832393245254 0.0021948738465351154 0.13490374143273012 0.1674573243883481 0.908965624873606 1.0020036219804285 1.0815591682086734
18 576 -0.21905202536280016 -0.20205107631423364 -0.10916615785804179 -0.09520546742121105 0.8270909377317179 1.042681853434664 1.1084832579881945
19 608 -0.23328690366001997 -0.16166003224255088 0.2375721338865356 0.29902265117876203 0.7706214220633635 1.0254556664959482 1.1638656709038162
20 640 -0.18606522351492152 -0.12354162269126884 0.2329697252768704 0.28928324044259746 0.7904422887631839 1.028541267473207 1.147738580531049
21 672 -0.0948022898488957 -0.05881062777573659 0.4351062555947169 0.5637535546450423 0.6468385527938065 1.0079557546265847 1.2512494089248418
22 704 0.026685382848411238 0.057983210378559025 0.5377591075633117 0.6663865790947481 0.5673201406615529 0.9942088123568541 1.2998833391622997
23 736 -0.02656114935872063 0.020736888947700424 0.5401336839879751 0.6659679106949791 0.554901369165737 1.0060954476484014 1.2960927515880771
24 768 0.08334822940550068 0.10463974219296866 0.652089982000285 0.8132818824819223 0.4268203702938758 0.9834435705676808 1.3603907949597756
25 800 0.16738610253522296 0.1703029126506841 0.7030845739884363 0.8777616509855592 0.3495106208186408 0.9676463543680914 1.393378218149369
26 832 0.14134078711936843 0.14697648446543668 0.7034865207842693 0.8833541688778119 0.3411003442885676 0.9748730756154133 1.3904218933713481
27 864 0.30294363306560423 0.31729720626882785 0.7899769423193846 0.9331832811330133 0.25455936479692504 0.8982799533300083 1.4588669079938796
28 896 0.29369084419768887 0.320467470791435 0.7904871469213053 0.9203837457041826 0.2691098685052435 0.8910344474187685 1.4606976046349291
29 928 0.44567369013174707 0.4590211291809546 0.8253686294752575 0.9341370238574842 0.25262592096799413 0.8086139054762311 1.5107361437145632
30 960 0.6285714359683701 0.6319274249429696 0.8814714099198608 0.9612967492708917 0.1963082002955429 0.679623082879585 1.581004603318401
31 992 0.6763183785724219 0.6884334731632268 0.8985861933403417 0.9565220054752419 0.2021134234064837 0.6169565846298865 1.6057754316095192
32 1024 0.6726034584110907 0.6897959740838351 0.9068941129139407 0.9620676435178982 0.18074374847205332 0.613599607079258 1.6096046780437896
33 1056 0.7190599174523165 0.7361602869146195 0.8952743957521857 0.9312120625690713 0.24844694120020455 0.5566094459107506 1.6212526151501467
34 1088 0.847382481636695 0.8528157026111605 0.8919332172344814 0.8995391678011229 0.3125282702692752 0.39765047901584 1.656562759698819
35 1120 0.8534227453753382 0.863160096449718 0.8956334550053345 0.8967205567828268 0.3024760870662994 0.38300035182972925 1.6618721212088987
36 1152 0.7984497730102487 0.8123085415250609 0.8588876024290512 0.8605551875489024 0.35029126850146897 0.4491462436465315 1.6357150360101975
37 1184 0.7210816008079859 0.725963432318489 0.8227420354831771 0.8501197383609034 0.38603786762486586 0.5552728237533974 1.594567921400834
38 1216 0.40559042388495464 0.440159531317217 0.6262347323127193 0.6536906918789578 0.5643673365407798 0.7787068012479633 1.4405225534978727
39 1248 0.23414934890509947 0.24665352247907654 0.49007291836205735 0.5587085434157406 0.6621624943539242 0.9061825831025216 1.3192323363049552
40 1280 0.3949717041285621 0.39941352717060497 0.5930947661029907 0.6532133560384098 0.5885541152704228 0.8179513315918232 1.4087440053272322
41 1312 0.3221725867027729 0.3455715948528698 0.6069996931114565 0.6707433843808885 0.565773039504943 0.8506617575627099 1.3986691681701071
42 1344 0.13143920699371509 0.18171908304766834 0.6188304210808393 0.7142543243712762 0.5055565892283612 0.9489962260315336 1.3578728578426231
43 1376 0.030027884143702332 0.10127947916439248 0.6668268585259914 0.7840910566258343 0.4062348226573566 0.9895646019010055 1.3622537089415654
44 1408 -0.02952002595161594 0.011490744354089671 0.6593586041736214 0.834303787141093 0.3870518338215835 1.0046234095118556 1.3568060594632245
45 1440 0.16825528613898033 0.1901054400839779 0.7487887381651217 0.9131663502471721 0.28711642012082644 0.9563638216530489 1.4152499432715682
46 1472 0.32439873022973875 0.34209228566561334 0.7819419493294982 0.9108649484482518 0.2930732442827929 0.8806830660760168 1.4623629544721461
47 1504 0.5194970775398685 0.5263715737167569 0.8548982031763928 0.9575325834860495 0.20468426834849063 0.7655303896035176 1.540151801896206
48 1536 0.6428247808319931 0.6473891308470359 0.8987569056740884 0.9779818139347299 0.14734880293740882 0.6675574226625065 1.5914318765568018
49 1568 0.6433112371753271 0.6434445505948282 0.8997316711751094 0.9850273979490354 0.12236155523735107 0.6764942975977086 1.589774548518651
50 1600 0.5592676620839235 0.5611275868274954 0.8768157369376827 0.9801851955641733 0.14061533916188332 0.7451164347141135 1.557250405397705
51 1632 0.5860050436624694 0.587475432898811 0.888874914023492 0.9878710184953773 0.11000827056771849 0.7249956720280178 1.569165209895804
52 1664 0.5709075045610454 0.5712635763513354 0.8859429437778505 0.9904799944630656 0.09756264705867365 0.7397374730290426 1.5630962865081315
53 1696 0.6687157931848853 0.6694854197980118 0.9113742497775698 0.9912342331576292 0.09357862754055016 0.652679081651511 1.6016407390055263
54 1728 0.568882728418639 0.5798694808847227 0.8952191972633616 0.989349016923491 0.09559296799752962 0.7246017576466997 1.5702911441145992
55 1760 0.5586056328683289 0.5742842592515639 0.8984785863132532 0.990864735617248 0.07796025605652956 0.7266022546804718 1.570341161012108
56 1792 0.5503453703074316 0.5678586521466984 0.8984364615234894 0.9911157828098196 0.07147168249116 0.7309307454482163 1.5686401894508497
57 1824 0.5668180744393414 0.583150005783051 0.9017928038188912 0.9916751384871283 0.07039350896621895 0.7189204066748958 1.5742293996625225
58 1856 0.6179813811927436 0.6358461211815623 0.9146489034423604 0.9897184242071412 0.07583067351579866 0.6712112663384806 1.5949059987643261
59 1888 0.7297018874277781 0.739854806705766 0.9381569507997167 0.9941047462197125 0.06309233656845557 0.5722917382294866 1.6335548730975051
60 1920 0.8322965991455382 0.8392355713704394 0.9622707777220345 0.996343540947665 0.04773563907206586 0.45086871264004574 1.6716574747012884
61 1952 0.8029822530021391 0.8110486441433196 0.9561181509634391 0.9964082620956317 0.044620518378399074 0.4886241867484451 1.6611006632543561
62 1984 0.7093420158690653 0.7173758582263086 0.9334088714134607 0.997386033451935 0.03896285697379236 0.5992174199822402 1.6246293052158907
63 2016 0.5825032959189318 0.5939434730090457 0.9050274565991365 0.9972819407057196 0.03256901399311943 0.7137405321275861 1.5778192900727723
64 2048 0.5242946174099293 0.5365059399478287 0.8910342862749008 0.9969990791793587 0.0359072617459962 0.7601137662604973 1.5559362875436726
65 2080 0.5348995967941169 0.5473773820118557 0.8941466500220504 0.9972586208077098 0.03038438467615197 0.7514270549669706 1.5602673393465358
66 2112 0.7680757759839882 0.7746350347356559 0.9474157080911858 0.9984500071246948 0.025764428888170123 0.5364135109125212 1.646692666988764
67 2144 0.7169128337205795 0.7237193847573817 0.934838585745627 0.9984051017049063 0.028242837747460725 0.5937631430177327 1.6268520744399826
68 2176 0.5431344647137717 0.5492594652391968 0.8906884315862772 0.9983730865098789 0.03452390107508625 0.7542895960555107 1.5587993153504307
69 2208 0.6019288030859453 0.6064733826843559 0.9038785186651187 0.9984689843936291 0.03558930367240055 0.708183564390358 1.5802561313253884
70 2240 0.6397176178409741 0.6428349688467263 0.9124622616374062 0.9992206748952139 0.02541064077994732 0.6771451171309896 1.5939977382922506
71 2272 0.4691857314367973 0.47560465760729975 0.8724463986171697 0.9983080527832905 0.035519848865320856 0.8091107057739937 1.5310382771630808
72 2304 0.2760494564562236 0.28580276738934124 0.8267854503126587 0.9973597003539802 0.04248072770616717 0.9212985988962549 1.4660846767650737
73 2336 0.35642592357196423 0.3657485180091493 0.8461556823018506 0.9969688092955657 0.04711299470342907 0.8782614974777304 1.4921250308798686
74 2368 0.29192886667286694 0.29761426921701123 0.826711064374462 0.9973912602161344 0.048199058973740466 0.9171605749110292 1.468500367906974
75 2400 0.14679740497890334 0.15009453238607245 0.787283700740697 0.9963829627850694 0.059393960649559756 0.9771936591646471 1.4288334087383199
76 2432 0.13671816691015973 0.13715064985693892 0.7786705817286008 0.9920780760723755 0.08899655090258346 0.9814304421424055 1.4243854468379007
77 2464 0.03246267091278878 0.03277666455060923 0.7528781542597488 0.9925979905249749 0.08603030846016282 0.9988990752766258 1.4123736840644376
78 2496 0.017947779853144472 0.019053402710907878 0.7501913079802649 0.9927983202122872 0.0848046323603748 0.9995958461425579 1.4119547863528656
79 2528 -0.08578440134052737 -0.08338552055434582 0.7256652811025694 0.992950000868693 0.0836858826641992 0.9934821625250062 1.4163297164810709
80 2560 -0.06095869554258976 -0.055465642992809046 0.7319305251097429 0.9889028619274794 0.10417521830823041 0.9976066446168437 1.4120653336537778
81 2592 0.15569370011011116 0.15631821416541625 0.7809373313607776 0.9885191897039263 0.10713343226228497 0.9759385150181066 1.4269080007470543
82 2624 0.172742996545097 0.17582490995417127 0.7920926173311821 0.9944332730477781 0.07407946231596199 0.9692290667445898 1.4335645257331073
83 2656 -0.00045145713000312854 0.0008174761320800633 0.7459558200096505 0.9930663347067574 0.08319070821057739 1.000002102190326 1.4117631181194499
84 2688 0.14931456581687996 0.15622071365403237 0.7889604137199696 0.9929674992381297 0.08147235446879414 0.9743745465142335 1.429670066330863
85 2720 -0.017198116777222137 0.0013269197689151305 0.7554949716420971 0.9883592857203539 0.09417864124546704 1.0009860826039954 1.4103748600872978
86 2752 -0.2917607470854099 -0.2707353114787602 0.6879199920529027 0.9864463242901405 0.09868803678048454 0.9435391113570172 1.4491358172152207
87 2784 -0.3008028130554245 -0.2768796261619476 0.6901809293466031 0.9886112609559765 0.08037501446170622 0.9427897384517948 1.45075406810399
88 2816 -0.26022465396363925 -0.2317409272133709 0.7031773962581697 0.9863331106650816 0.08273360386888434 0.9638197749916995 1.436734697891652
89 2848 -0.14834668997030567 -0.11665931138375368 0.7359888445955993 0.988517518002165 0.05799478025616037 0.9968266160438995 1.4152643933235616
90 2880 -0.19434852187327692 -0.16356901132108775 0.7253101818671898 0.9908237357110931 0.03806650767130396 0.9865121673394385 1.4231460517757666
91 2912 -0.1616394163296363 -0.13666444414616585 0.7300640563149969 0.9939985842852473 0.030713730963095983 0.9902038590463871 1.4207578907963063
92 2944 0.016009862664328328 0.03916297713220215 0.7734587892629267 0.9950709455052943 0.02492126659435395 0.9982718649241522 1.4152145470465556
93 2976 -0.0899259311850362 -0.06230409605164046 0.7498977130033812 0.9930098142216592 0.029558910060144463 1.001844412987292 1.4125983303834835
94 3008 -0.02481757084786604 -0.0003884593671101208 0.7642507942455206 0.9947014339689748 0.022782951519416127 1.0018063662548296 1.4127508420281896
95 3040 0.21747278172689496 0.2382332748722008 0.8218298576277997 0.9956015587343601 0.02644035384393195 0.939846289203577 1.4546442384166909
96 3072 0.1658265518557267 0.18331244296783172 0.8064329422174442 0.9966538841885433 0.0281950477483412 0.9629338944155096 1.4394316080551546
97 3104 0.15159532459117073 0.17247491216642513 0.8053311711603183 0.9954036699163615 0.03113156272549102 0.9661014003647549 1.4372469899135387
98 3136 0.10193297918280417 0.13061055258307638 0.7981097056218173 0.9919318499011254 0.036162768308388084 0.9787001361549975 1.4285791184524794
99 3168 0.15110690056502446 0.17893650670403266 0.8095874684979512 0.9919748496235825 0.03925184369353508 0.9625466677026377 1.4394315562961675
100 3200 0.26544882376537166 0.28803122515732377 0.834344778470227 0.9938668948492427 0.040097504525463394 0.915405939143342 1.469838139630322
101 3232 0.5656736651506448 0.5797784611737452 0.9027054914672349 0.9962430388752977 0.03591495408042392 0.7238421524469442 1.5731378370678064
