% # columns="iteration, evaluation, sigma, axis ratio, bestever, best, median, worst objective function value, further objective values of best", seed=1, Sun Feb 22 04:08:42 2026, <python>{}</python>
1 32 0.14988520118997714 1.0000333338888951 60.85861770250992 6.0858617702509918e+01 200.0 200.0   
2 64 0.1658987268467171 1.3218890939570886 60.85861770250992 6.0941238611728842e+01 200.0 200.0   
3 96 0.17675512688877382 2.024489351302975 59.973654926198485 5.9973654926198485e+01 200.0 200.0   
4 128 0.1839762462491768 2.465757028017002 59.973654926198485 6.0864413674144913e+01 132.34139388381146 200.0   
5 160 0.17742702742765695 3.3540303732402257 59.973654926198485 6.0671546308404139e+01 128.03232675394815 200.0   
6 192 0.15740198471966432 3.4417277632767114 57.266531982098655 5.7266531982098655e+01 200.0 200.0   
7 224 0.1791491549962148 3.3759120260041975 57.21009716433671 5.7210097164336709e+01 114.43710630093602 200.0   
8 256 0.17781970978484923 4.01728667579735 57.21009716433671 5.8604371623337819e+01 94.27501484475943 200.0   
9 288 0.18090927881022323 4.54980949389237 57.21009716433671 5.9452422959175991e+01 107.1073009861225 200.0   
10 320 0.17575232858853548 3.5284238036571614 57.21009716433671 5.8321772018646044e+01 66.82573092583102 200.0   
11 352 0.1853853715958005 3.3927374998531463 57.21009716433671 5.7912660080750740e+01 76.74020033099342 200.0   
12 384 0.18280368632321922 2.5510045363902303 57.21009716433671 5.7812022964751641e+01 66.39734787845104 200.0   
13 416 0.1729812333970226 3.4798246584158368 57.21009716433671 5.7548287749359922e+01 71.89310604243728 200.0   
14 448 0.15746491063002238 3.82726717189746 57.036961821694874 5.7036961821694874e+01 62.39336365271315 200.0   
15 480 0.15979117229786777 3.3894975321618688 57.00130064954796 5.7001300649547957e+01 80.46540847928355 200.0   
16 512 0.1552897530471466 4.5097225239164915 57.00130064954796 5.7147206358087686e+01 61.97903494203239 200.0   
17 544 0.14518456506892669 4.10388671009036 57.00130064954796 5.7350443816644841e+01 59.2437527093395 200.0   
18 576 0.19531614246898166 5.506127853228869 56.66683634448013 5.6666836344480132e+01 58.449215208884326 200.0   
19 608 0.23861879218706944 6.124691908418944 56.65110741538377 5.6651107415383770e+01 58.460975856117166 200.0   
20 640 0.2599534607777934 6.98702727431958 56.637115896040896 5.6637115896040896e+01 60.70178306538408 200.0   
21 672 0.2510868240120795 7.038898511120659 56.27453293365372 5.6274532933653717e+01 58.04229533720365 200.0   
22 704 0.22952621728564265 8.095266192219107 56.27453293365372 5.6296895018380198e+01 57.791151482240046 200.0   
23 736 0.20140060778351013 9.073862138055949 56.23625820962623 5.6236258209626229e+01 58.09258168643515 200.0   
24 768 0.18907585525721143 9.278603727569958 56.23625820962623 5.6397768264491994e+01 57.27299687840272 200.0   
25 800 0.17313736194554377 11.333025830217725 56.23625820962623 5.6398512060176593e+01 57.428823106787405 200.0   
26 832 0.15187975647302854 12.83852576385759 56.23625820962623 5.6411490595612797e+01 57.19756705853794 200.0   
27 864 0.1542871939671692 13.029990563241302 56.23625820962623 5.6478480548908330e+01 57.884246263431734 200.0   
28 896 0.14061690612285244 13.980643320317165 56.23625820962623 5.6329063644072406e+01 56.67036713086294 200.0   
29 928 0.14285502371359154 12.578438638870029 56.23625820962623 5.6300580020645718e+01 56.64166104947556 200.0   
30 960 0.1322888632145493 11.452802456209792 56.20789348268577 5.6207893482685769e+01 57.862123495409044 200.0   
31 992 0.13413109038081178 14.655880276299165 56.20789348268577 5.6326358198478673e+01 57.837775952123785 200.0   
32 1024 0.13934053056493145 16.330668254502815 56.20789348268577 5.6383929377969380e+01 56.649690383808036 200.0   
33 1056 0.11920318602039466 15.855446666065518 56.20789348268577 5.6416382600624637e+01 57.887734968195026 200.0   
34 1088 0.1288459451978751 13.51424870684535 56.20789348268577 5.6301873486993273e+01 56.60753641006582 200.0   
35 1120 0.13559153633195126 16.567124497148143 56.20789348268577 5.6277824487191609e+01 56.565932751356904 200.0   
36 1152 0.1273643744223284 17.485662520075312 56.20789348268577 5.6274181791430962e+01 56.565095548857606 200.0   
37 1184 0.15014280134779906 14.790525674421792 56.20789348268577 5.6255125504369545e+01 56.49621620883068 200.0   
38 1216 0.1904843299118396 12.421152004864513 56.165708597902565 5.6165708597902565e+01 56.50610130510838 200.0   
39 1248 0.23564176590959302 9.243733256615696 56.165708597902565 5.6174288050222039e+01 56.48171114089173 200.0   
40 1280 0.25525078327451756 6.577990278980448 56.15175058849176 5.6151750588491758e+01 57.731365214255895 200.0   
41 1312 0.2660647423343233 6.751103723100784 56.082575152422145 5.6082575152422145e+01 56.49310698856661 200.0   
42 1344 0.2527628123646744 7.968040215021466 56.082575152422145 5.6149332788992396e+01 57.79144922606302 200.0   
43 1376 0.22673393971562866 9.547099274214895 55.962638433933144 5.5962638433933144e+01 57.81315547829997 200.0   
44 1408 0.2301494616514864 12.720378878682567 55.96161637376855 5.5961616373768550e+01 57.74735311429364 200.0   
45 1440 0.22108291261778507 14.758739554236262 55.96161637376855 5.6128040362878295e+01 57.672514820677534 200.0   
46 1472 0.20247036142070762 20.485480465136565 55.96161637376855 5.6241271161438405e+01 57.79044939809077 200.0   
47 1504 0.2150157172324605 20.506342123964725 55.96161637376855 5.6036305824315207e+01 57.767776004076204 200.0   
48 1536 0.21828686657586563 28.996680309016973 55.96161637376855 5.6084753370778515e+01 57.755513275865475 200.0   
49 1568 0.2156111682656537 43.808865623593526 55.96161637376855 5.6099984641490110e+01 57.73373414199397 200.0   
50 1600 0.20950293086256058 53.48145569458835 55.96161637376855 5.6063240055453427e+01 57.72244820409395 200.0   
51 1632 0.1976284474708859 46.92322062393801 55.96161637376855 5.6092244796740104e+01 57.73948228912676 200.0   
52 1664 0.19586548164411235 59.36963322977359 55.96161637376855 5.6063724109241505e+01 57.75595283995477 200.0   
53 1696 0.16589834194184055 67.85419064008742 55.96161637376855 5.6037814032959687e+01 57.68765783923216 200.0   
54 1728 0.14640926034083374 71.5829497706021 55.96161637376855 5.6082104032438082e+01 57.74894588742519 200.0   
55 1760 0.1731677344076226 68.42066049954516 55.96161637376855 5.5991910973868023e+01 57.73262542431997 200.0   
56 1792 0.15880613064253338 79.06820902509546 55.96161637376855 5.6152526333845998e+01 57.75549515227554 200.0   
57 1824 0.12924664426190843 89.62664424844058 55.96161637376855 5.6097065709383848e+01 57.74005697284995 200.0   
58 1856 0.13889415089655938 88.85067556046266 55.96161637376855 5.6103447707553670e+01 57.75819474571895 200.0   
59 1888 0.1527676465836431 80.98592865863382 55.96161637376855 5.6198697914568378e+01 57.75095885742433 200.0   
60 1920 0.17424397212675383 99.96930744311597 55.624743519280315 5.5624743519280315e+01 57.785129238354955 200.0   
61 1952 0.164655070680086 136.18706791360697 55.624743519280315 5.6105270806895604e+01 57.738422346525475 200.0   
62 1984 0.19572981407397336 144.12450288913595 55.624743519280315 5.6071997977820004e+01 57.740500516227115 200.0   
63 2016 0.1825095033412478 165.48746199975247 55.624743519280315 5.6151211853724419e+01 57.72651755106383 200.0   
64 2048 0.19187120128712198 197.4906764189972 55.624743519280315 5.6118072040311660e+01 57.785139279206724 200.0   
65 2080 0.17605115767345383 179.4060901590199 55.624743519280315 5.6108427732898697e+01 57.77533264501947 200.0   
66 2112 0.2018712017943906 212.2645489146615 55.624743519280315 5.6172202237015071e+01 57.76168168478082 200.0   
67 2144 0.1969857657754952 249.93117215628595 55.624743519280315 5.6009916416012757e+01 57.74645488239376 200.0   
68 2176 0.20846006637978096 228.5548354102359 55.624743519280315 5.6115615019241723e+01 57.76044813137992 200.0   
69 2208 0.20626206578870468 186.25839828085503 55.624743519280315 5.6084149384254381e+01 57.6775801732206 200.0   
70 2240 0.2829763262981745 181.78823434058398 55.624743519280315 5.6180843011105097e+01 57.76932428167709 57.8947178163401   
71 2272 0.25661504352818537 256.40666668088716 55.624743519280315 5.6082868602962442e+01 57.66382057422034 58.34198761935769   
72 2304 0.25936883233583224 183.263529261093 55.624743519280315 5.6191810862979146e+01 57.7816471233445 200.0   
73 2336 0.22803130151539538 150.50612958745552 55.624743519280315 5.6108597788487074e+01 57.772217371598984 200.0   
74 2368 0.2815796015393174 136.07877639753093 55.624743519280315 5.6076552453667226e+01 57.7554412367955 200.0   
75 2400 0.2880979157976826 132.973392984311 55.624743519280315 5.6071116992099867e+01 57.723900962418774 200.0   
76 2432 0.4146463576369842 107.53937315260987 55.624743519280315 5.6104229681140559e+01 57.71449127591829 200.0   
77 2464 0.4221617943169523 71.0136744301528 55.624743519280315 5.5938123545590862e+01 57.71565977625908 200.0   
78 2496 0.36496231680675684 72.84741540826245 55.624743519280315 5.5908053956318582e+01 57.717010786437285 200.0   
79 2528 0.3427563406572145 73.51259273072665 55.624743519280315 5.6093610031241745e+01 57.67713837943502 200.0   
80 2560 0.26469637143958624 74.95180085008987 55.624743519280315 5.5993922002189912e+01 57.70783404149947 200.0   
81 2592 0.24089347135038156 61.31462830865597 55.624743519280315 5.6133220006067766e+01 57.66343202172169 200.0   
82 2624 0.2363693623679504 58.073067320244185 55.624743519280315 5.5799445608996869e+01 57.67992156543882 200.0   
83 2656 0.24762675395959566 82.43022358646041 55.624743519280315 5.6082389045281715e+01 57.692975467036774 200.0   
84 2688 0.212798118784017 75.78366244014569 55.624743519280315 5.6006042944083816e+01 56.277859476113896 200.0   
85 2720 0.22746092057932876 79.78973123259449 55.624743519280315 5.6001847684783712e+01 57.783403137926165 200.0   
86 2752 0.18670316544401147 68.29202930500632 55.624743519280315 5.6076544418164040e+01 57.65820384991339 200.0   
87 2784 0.15185797860953967 66.28891667015647 55.624743519280315 5.5951942736086494e+01 57.64850146336672 200.0   
88 2816 0.13170717068471713 84.03218196946796 55.624743519280315 5.5987750895813377e+01 56.32943041337857 200.0   
89 2848 0.13539499815523162 79.52100592423598 55.624743519280315 5.5987988967626180e+01 57.77690204007068 200.0   
90 2880 0.15663259294078272 111.95051069782802 55.624743519280315 5.6092305665128606e+01 57.75844391364097 200.0   
91 2912 0.14404094790909555 168.89394747410125 55.624743519280315 5.6080331962823621e+01 57.65534959432439 200.0   
92 2944 0.13147317408508347 210.55723081916304 55.624743519280315 5.5892289638796562e+01 57.66584003564952 200.0   
93 2976 0.17385841601785523 258.17674127644665 55.624743519280315 5.5973108380380836e+01 57.66052341246912 200.0   
94 3008 0.19063732919854234 217.02755074207224 55.624743519280315 5.6006525799030904e+01 57.63372770665907 200.0   
95 3040 0.15829036873320387 281.97416345102494 55.624743519280315 5.6084116130684130e+01 57.67224420256232 200.0   
96 3072 0.15096923428718848 241.14031019600506 55.624743519280315 5.6090936678411445e+01 57.66090728391084 200.0   
97 3104 0.13787913117557438 227.04659563072565 55.624743519280315 5.6106378751500941e+01 57.65670381984097 200.0   
98 3136 0.1466156509186713 206.36185184976765 55.624743519280315 5.6093996609334745e+01 56.25715724001793 200.0   
99 3168 0.12409950667307625 178.02152132649542 55.624743519280315 5.6087997350863837e+01 57.659905218912 200.0   
100 3200 0.10427433319651752 164.72620171084856 55.624743519280315 5.5976269286237709e+01 57.65385023577775 200.0   
101 3232 0.09225214967395373 160.08097834015737 55.624743519280315 5.6068215765486499e+01 56.293113701773045 200.0   
