% # columns="iter, evals, sigma, 0, fitness, xbest" seed=1, Sun Feb 22 06:54:55 2026, <python>{}</python>
1 32 0.17093268119621646 0 70.9056842729701 0.48665288309590576 0.13581706183262376 0.297857459630632
2 64 0.1666253092807525 0 69.68259787392134 0.3521880723808047 0.22846830208939561 0.3010699217438404
3 96 0.15477584641547715 0 70.14416238093773 0.49955922020956034 0.17815170628449337 0.287931378604777
4 128 0.1500860769460496 0 66.18144328380069 0.4913356240132291 0.18756991758175845 0.34528859532455414
5 160 0.1388466399594776 0 65.26968260868544 0.4897797213829166 0.17851171256894915 0.33234972550896735
6 192 0.1263728527352479 0 66.53553192014348 0.4682775140108257 0.17702226551527783 0.3430770225776152
7 224 0.12271732039426322 0 66.71040510616301 0.4984940304717449 0.1809508046748035 0.3381473535994449
8 256 0.1186559632690515 0 64.94609626756015 0.496359317362719 0.18439086450299585 0.33620873655095235
9 288 0.1286800319921001 0 63.813494037883856 0.4995979946967051 0.15321678448933043 0.33200027497867185
10 320 0.10522184544610984 0 63.86367055288718 0.4969729692928653 0.16003278016257308 0.32890615785397925
11 352 0.0864128959641236 0 64.75033099450454 0.4852859161668684 0.1703086820465562 0.3274727935016691
12 384 0.07643539360677365 0 64.39824693301564 0.4796647324416742 0.16987118984827035 0.3261306772494572
13 416 0.09915939632878641 0 64.87017994063147 0.4971770715402184 0.1714830626311743 0.33922647501061276
14 448 0.0781655893834654 0 64.85329148505384 0.4969399931813124 0.1702114008749366 0.3376578613355075
15 480 0.09730612597232499 0 64.47954699984963 0.49752845921053135 0.16765515052424088 0.330439281816216
16 512 0.08076104597668125 0 64.36823586679984 0.4992443176553397 0.1640886580049629 0.33016564302631346
17 544 0.09412842749487842 0 64.16561561900207 0.4977798011360982 0.15359650801303518 0.33410472188846324
18 576 0.09042318493080911 0 63.825859461752735 0.4963262992462378 0.1423400498723791 0.33271509612835437
19 608 0.08672612833115113 0 63.72832730675994 0.49971500042017314 0.1506786050135041 0.33561533095605744
20 640 0.08473324095823045 0 63.95933082480545 0.49801478094460505 0.15749783421581567 0.33785100973690874
21 672 0.08616159922118001 0 64.23294220368551 0.48501386061423124 0.16539714654025403 0.33141228847477205
22 704 0.08352249309855704 0 64.10592172926471 0.4899600861070232 0.16255891941451062 0.33166257874668964
23 736 0.1061338603804747 0 64.22377955314607 0.4973724418739659 0.1578365586429451 0.3280469752352454
24 768 0.09896366606587367 0 63.896551833645724 0.4984700647012246 0.1568335579666941 0.3330403391562806
25 800 0.10898948503681322 0 63.85708472381439 0.49999968908592 0.15174912092236376 0.32312522472574823
26 832 0.1094549082922302 0 64.23468719212563 0.49460662395979504 0.15573599450127815 0.3262798269984688
27 864 0.10629672726253346 0 64.06464499440735 0.4959821765996344 0.16486524965824106 0.3308007215265248
28 896 0.09396390997796583 0 64.31347264849943 0.4987603984433432 0.1537049445654421 0.331257022819164
29 928 0.10067826128448472 0 64.10829937046145 0.4988226692542691 0.1561384505653756 0.332008073437597
30 960 0.10887538569132588 0 63.866011506491446 0.49819080689332507 0.15820805727611148 0.3328378015472594
31 992 0.09912415363791999 0 63.7812713486415 0.4991422121002337 0.15300570998091545 0.3290649115951108
32 1024 0.10510495150754298 0 63.85279755551171 0.4980921966837139 0.15518461071084041 0.32921081346955733
33 1056 0.09367047201479768 0 63.55086525395931 0.49929198068163805 0.1490650603704995 0.32629242147266235
34 1088 0.07496082756532642 0 63.268720193028045 0.4975926676308305 0.15412774294532489 0.32531648648377964
35 1120 0.06690091565847119 0 63.755353343500566 0.49885064048912797 0.1549928485804636 0.32990616891354274
36 1152 0.06020182020972076 0 63.74599607085988 0.4987757465373567 0.15612761558453242 0.3308328858043073
37 1184 0.07164872840709133 0 63.56474988708405 0.49861669945923115 0.1538229332849483 0.32881185409414326
38 1216 0.07225195412900706 0 63.822517366662886 0.49798273598446785 0.15247434299088206 0.3276308348826796
39 1248 0.0734493769924846 0 63.71079574558387 0.4984316786502845 0.15601885296876364 0.3289841239021193
40 1280 0.06284784428462892 0 63.55992516978936 0.49884918684986024 0.15567714560776308 0.3293866442686489
41 1312 0.05501974140787729 0 63.761083109752114 0.49910936368191205 0.1548262661802335 0.3301922309987357
42 1344 0.04189564969781936 0 63.716973647826904 0.4988397499232809 0.1558672057625473 0.33031313989463484
43 1376 0.05865334742420262 0 63.7680356978212 0.49859325678023836 0.15527872153815367 0.328784900827716
44 1408 0.04928483282634775 0 63.884857971739585 0.4981806792375555 0.15731892304451373 0.32880099733115015
45 1440 0.062359937266934555 0 63.77276452054749 0.4987588834454935 0.15499357249827753 0.32868071358433754
46 1472 0.05756498086000937 0 63.60629092052701 0.4989630048269739 0.15503959336350243 0.32951732303129305
47 1504 0.0567113714008635 0 63.75819539753817 0.49787899598138885 0.15601766463064673 0.3278236820921053
48 1536 0.06021049174345759 0 63.53144822716412 0.49787078860526146 0.1550020859838107 0.3272075206440019
49 1568 0.06346652741100295 0 63.92405629120925 0.4982289275410643 0.1546687395916499 0.3280344495296926
50 1600 0.0579666629951022 0 63.566679097678445 0.49834186671138275 0.15481587747060785 0.3284779739861309
51 1632 0.050703110267707366 0 63.567328499775485 0.4983026540869017 0.1548049896609165 0.3279829982904914
52 1664 0.04988159888872298 0 63.82446407438161 0.49878438829466115 0.15378880070850662 0.32835241617325517
53 1696 0.046526016093173965 0 63.247842518731595 0.4983932693745292 0.15430792104889957 0.3278262406215207
54 1728 0.04824097336542495 0 63.459275409562764 0.49854688284679954 0.15500839504148475 0.3286204520793491
55 1760 0.045417341850603095 0 63.825786884350826 0.49858845536164276 0.15497434733238924 0.32865632805619216
56 1792 0.03759563012820826 0 63.17649680671227 0.49820673092461315 0.1547771511754825 0.32770167251596793
57 1824 0.04042801932055205 0 63.751812494583156 0.49836791970900507 0.154880074007437 0.3281479674134221
58 1856 0.04800218112902186 0 63.790057184459904 0.4981738015123054 0.15430921144524073 0.32733135174043226
59 1888 0.052494578005098456 0 64.15724503139374 0.49848929291838745 0.15393981674861784 0.32765903365905047
60 1920 0.05031334190134959 0 63.55819219646332 0.49846348560182663 0.15483003619109056 0.328373231625073
61 1952 0.039870470458138046 0 63.54736397908734 0.4981906672057784 0.1542020170518133 0.32728522265195104
62 1984 0.036938766955536086 0 63.73735597168004 0.4984494214233338 0.15449714980306276 0.32804855512889913
63 2016 0.033428030211726883 0 63.75050361678775 0.4984232478425272 0.15407165757810612 0.3277549839483416
64 2048 0.03022331402100234 0 63.55524936585684 0.4984903280405774 0.1542487719929688 0.3280165655902331
65 2080 0.02788487139887672 0 63.53635627265723 0.4984261415448918 0.154254886855158 0.32791087951821135
66 2112 0.029723863378905306 0 63.538548397470976 0.4983826554208452 0.15414807069637107 0.3276837941785497
67 2144 0.030473153944926903 0 63.74460872345132 0.4982950267864156 0.15440376857404042 0.3277676209246915
68 2176 0.03192131295476781 0 63.504601918692586 0.4984330272730076 0.15418072212613104 0.3277591835755619
69 2208 0.028889108460463806 0 64.146747413597 0.49836893048433656 0.15411578211947444 0.32758713391470823
70 2240 0.02796855128522145 0 63.93301561820685 0.49839938737437994 0.15411846249996136 0.32759163915633244
71 2272 0.023744038370046697 0 64.14935116444805 0.49831365021165824 0.15410355152878707 0.3275271623630039
72 2304 0.02401778839761844 0 64.15546129882088 0.49831047613103824 0.1540064815441648 0.3273438339169129
73 2336 0.02326438823536545 0 63.78734193374836 0.4984003935928413 0.1540660102700856 0.3276827052891844
74 2368 0.028634166573665753 0 63.79377680995929 0.4984218372120743 0.15382931388829735 0.32740631079335053
75 2400 0.03254970090327244 0 63.461888726181385 0.49835093838365196 0.15370794741426763 0.3271378551356515
76 2432 0.02996870787496545 0 63.90110796998554 0.4983429706415087 0.15402798927756073 0.3275071005039366
77 2464 0.02990053700335181 0 63.79201264580993 0.49834472696618726 0.15369377366964465 0.32718284594600033
78 2496 0.02790994411504701 0 63.94215477313497 0.4983349767873949 0.15391150735580414 0.3274090673084507
79 2528 0.025496149037517006 0 64.1446373804451 0.49838620525303395 0.15400186849610142 0.327475971310091
80 2560 0.027147749775265496 0 63.80277844710333 0.4983488876069593 0.15396064859758277 0.3273417192545056
81 2592 0.022835942115894625 0 64.15336022700731 0.4983472731862507 0.1539429974492627 0.32734724022101663
82 2624 0.023077135570848797 0 63.80660233052689 0.49835007935793413 0.1540646554117631 0.32746651728043835
83 2656 0.020067200608481946 0 63.532846736416005 0.498354532664787 0.15405640139231444 0.32743871615768866
