% # columns="iteration, evaluation, min max(neg(.)) min(pos(.)) max correlation, correlation matrix principal axes lengths  (sorted square roots of eigenvalues of correlation matrix)", seed=1, Sun Feb 22 06:54:55 2026
1 32 -0.27978565719727244 -0.25875144644529446 0.07085163016718139 0.159685111619362 0.846429762914529 0.9251220716355681 1.1948664398271336
2 64 -0.24740954733994291 -0.2340460675647954 0.0011119501738978965 0.06613447631164814 0.8459277078514504 0.9674470170706205 1.1612289103576214
3 96 -0.02694072180337042 -0.019700700412318445 0.13737078444368914 0.18248792467130637 0.9029020288956503 1.0002916856008899 1.0882024030178616
4 128 -0.015124826506522294 -0.011579064235787516 0.27168824487987847 0.3625649189810324 0.7982216147254368 0.9999607803793881 1.1674419435193177
5 160 -0.08263944612761227 -0.04189886365450162 0.4419260893583232 0.5624604912228208 0.6440863991961755 1.0112800534016595 1.2499861455081973
6 192 -0.06960503357015929 -0.024333321425354496 0.2945885186683207 0.3556240865547409 0.7765039634693692 1.019216470792951 1.1654352750713877
7 224 -0.38085471584004793 -0.291817172837732 0.43318329740804673 0.5858125778209904 0.5589201347421575 0.9886484347038845 1.307739483053627
8 256 -0.4804767465138944 -0.40502075453860326 0.44904221257432897 0.6582738763033485 0.5131497232379132 0.9114153539379919 1.3805793762572791
9 288 -0.4755128360896758 -0.3551931662466224 0.5000691089598287 0.6648368641855924 0.42412107731573107 1.0027245318330122 1.3470949576911087
10 320 -0.41017259103852843 -0.2690038422474167 0.4811911857828291 0.5900874463351327 0.4512374748847988 1.0695513247189172 1.2854745057960506
11 352 -0.407708858645456 -0.2576975725613761 0.4374592352778481 0.5191668851401763 0.4884898233583919 1.0889440195347633 1.2552205442848523
12 384 -0.4878227319371931 -0.3236362918171161 0.37567817283633287 0.4445965542674055 0.5003862973328782 1.0807822159302707 1.257586321160637
13 416 -0.6070939135647585 -0.4048856468361444 0.24154012339518866 0.2548071134103522 0.5031561170592744 1.0663271023278944 1.2687712294605475
14 448 -0.6347329351756814 -0.44858280299846276 0.14264633761881362 0.1535725856473538 0.5608802505663064 1.024261764334079 1.279179886743032
15 480 -0.574070159129211 -0.5215727261791828 0.24871680336587412 0.452982546930865 0.6424557629707656 0.8089267937309556 1.3902834369328463
16 512 -0.5300484417637217 -0.46560247876365407 0.1353894770447917 0.27127416598087273 0.6855292137442139 0.893402962902241 1.3160094387886199
17 544 -0.4221444449983874 -0.3787515325664637 0.34242541632215834 0.539424820186442 0.6486480405110839 0.8724218868244122 1.3483826500407312
18 576 -0.46952234122423 -0.4459328994499251 0.42090162181248597 0.6862570204589848 0.5509886632908082 0.8147412695123712 1.4256956746369045
19 608 -0.5555159022295787 -0.5462142461655914 0.3749922113979946 0.6727593745218694 0.569604225908644 0.7131456209974091 1.4720646551966503
20 640 -0.7147056867201681 -0.6744841893684649 0.2934715729466275 0.5759019963666219 0.5332818117058988 0.6950537483571961 1.4941588925540301
21 672 -0.591099978346573 -0.5535939430286487 0.2605570046768639 0.4944346185941104 0.6345756364199044 0.759588642477028 1.4213862444396246
22 704 -0.6354843852088263 -0.5616367234150706 0.23708036164641094 0.42947172820648244 0.5957059399631054 0.8346417735269956 1.3958895167513738
23 736 -0.5572284797709285 -0.5401431988520145 0.20114602681280597 0.431157154448832 0.658760768742363 0.7611656542698225 1.4094896581124545
24 768 -0.5307766333137065 -0.5215203050626224 0.18740748194903756 0.4144604160351734 0.6711807144990126 0.7672016268636647 1.4003278588324741
25 800 -0.5418493211651598 -0.47971819246780667 0.2557001185502079 0.4387084268588595 0.6530287736382475 0.8463767260396632 1.3627912013286947
26 832 -0.42813435356435603 -0.36662898453705695 0.32715034200250614 0.4969047484883947 0.653603216617235 0.9056741777776415 1.3238418028353678
27 864 -0.46472398716000624 -0.3990429511194279 0.3405933528852022 0.5214577515128339 0.6277795675946823 0.8942017095669125 1.3439851625364934
28 896 -0.5030422103462655 -0.4651170889816797 0.3358931172785633 0.5649713980007252 0.6290083289867368 0.8079268647958598 1.396997746314018
29 928 -0.6391209139234084 -0.5693284085955552 0.3799871701100842 0.6266331910174441 0.5166345073212291 0.800095398988838 1.4466983577656551
30 960 -0.6725993572245486 -0.6153392262313035 0.4911680638568215 0.8027436962262848 0.3779252469581523 0.7529391622101647 1.5133588886056986
31 992 -0.7168574119784616 -0.6765445785090809 0.4825605951860018 0.8286161529483153 0.37081855689546944 0.6752171079665279 1.551314105837783
32 1024 -0.8287147663076435 -0.7848523342934722 0.457792309337015 0.8281447585330062 0.33222779415726533 0.588842398818932 1.594643948391792
33 1056 -0.7537439191907027 -0.6822938452952232 0.4221295610481914 0.7188206226005167 0.40710340830508474 0.7300253063202935 1.5170134696430169
34 1088 -0.7078290449525273 -0.6578375089439974 0.36938031544576067 0.6617947209004835 0.49997937135775206 0.7033190585183694 1.5017865794251666
35 1120 -0.6943557015695244 -0.6635345574583291 0.3441032734992093 0.6491614063738602 0.5374405356817702 0.6583559834951235 1.50921339432244
36 1152 -0.6473455228418769 -0.6089749502259468 0.2534108787608479 0.5025022491405161 0.5937282219173196 0.7405930824100564 1.4487955980003768
37 1184 -0.4465035682840196 -0.4371951069914304 0.1767539979349428 0.372095238284478 0.7398559529974094 0.7957902576047097 1.3488257985061396
38 1216 -0.5350728057063048 -0.5064092694931821 0.13403116130278328 0.31884776868831577 0.6691666353649691 0.8345314799292557 1.3622676767513107
39 1248 -0.4010828841356068 -0.3975928398934126 0.08265749497235914 0.23925089568542215 0.7411530103165137 0.8723453946649308 1.2998868134209436
40 1280 -0.45112960515056066 -0.4144104778743428 0.228816081966926 0.40650580797113106 0.7233959478305827 0.8360586625427602 1.3333057471748568
41 1312 -0.6018126245520888 -0.5367036773667121 0.25574684449445856 0.4547880712628055 0.6167114602829513 0.8242033516597017 1.3929665501614115
42 1344 -0.6763496304575679 -0.6266599053608448 0.30737839665123556 0.5690347722252059 0.5560929253647744 0.7336466972913118 1.4671479754655963
43 1376 -0.548911328968121 -0.5334451261316355 0.3408520677452296 0.6168182628676991 0.6110420286704523 0.7232354416915102 1.4503648282689374
44 1408 -0.5698546312846704 -0.5646591101561379 0.40623140396820673 0.7246660542144558 0.5240216359620693 0.7020080496832775 1.4941840660452503
45 1440 -0.6839390723420088 -0.6793048325464314 0.4853864494544803 0.8689826369925402 0.3612762745793997 0.6217445510123064 1.5757262346970475
46 1472 -0.8050133565435412 -0.8043733229979679 0.4807963696543162 0.9085462336595044 0.30238580990086866 0.4798155289685212 1.6365634360241748
47 1504 -0.8085217909606363 -0.7952155244705017 0.49488072456417476 0.911606541085599 0.28757365327401924 0.5150566047889815 1.62850179238645
48 1536 -0.915436090982287 -0.8939464575120464 0.4902026333361318 0.9300960301486174 0.21183537802740193 0.413600408461478 1.668550411206232
49 1568 -0.922623973791114 -0.8995339571620524 0.47490679756488274 0.9099636991781328 0.23232142304369693 0.4125253878188167 1.6660881011518829
50 1600 -0.9250904073072646 -0.879794266936096 0.4355039501742046 0.8286405488398029 0.24866559803024993 0.5204501784173896 1.6331861596712012
51 1632 -0.9337049461535778 -0.904933041505632 0.4459747512783409 0.8675054442250528 0.24437550044414053 0.43917422273921963 1.6575302763038982
52 1664 -0.9573782041702247 -0.9390345151177009 0.46457735568994324 0.9141042902399673 0.19698188506905245 0.35196132611639946 1.6844350275012177
53 1696 -0.9377121516476149 -0.9216300903424808 0.46593618615893284 0.9123762170209365 0.2336359034613712 0.3598753642684691 1.6780655490195922
54 1728 -0.9326709396922811 -0.9199904136045599 0.4615796939197271 0.9094225370067682 0.2501564850994552 0.3481895844180344 1.6781495005706382
55 1760 -0.9449364401667931 -0.934482328926752 0.4797877383254716 0.9407569828361716 0.20899298294467128 0.311427913096021 1.6909567079096215
56 1792 -0.9425155903022233 -0.930817621782519 0.4777401481277004 0.935561436244736 0.21470963042290367 0.32333810509307387 1.6880024420593949
57 1824 -0.9426885235850049 -0.9359248303699585 0.471636540552717 0.9340599709785625 0.23067780265696677 0.2918118235249799 1.6916363707996995
58 1856 -0.9594265944162662 -0.9551116893685423 0.46266235862913213 0.9309388029139662 0.1980837627023257 0.268996916512325 1.6995303709732728
59 1888 -0.9644181964557875 -0.9626204839860741 0.48109035882336465 0.9605295939567974 0.18739645405864225 0.2083974095815625 1.7092258740979618
60 1920 -0.97013471164816 -0.9669998473367529 0.4861362666789426 0.9673801070394339 0.16536266681345907 0.20632941425587478 1.7117486267665496
61 1952 -0.9689432660359307 -0.9657943906576151 0.48789643992936205 0.9693111747467054 0.16308838756165792 0.20893746775976113 1.7116504644373736
62 1984 -0.957397782179356 -0.9572203857664147 0.48496642886827934 0.9655179706669027 0.18565325363727822 0.21398906623722483 1.7087251238700778
63 2016 -0.9385676339737715 -0.9355239566805846 0.49017311578226624 0.9623617959766964 0.19082940699974013 0.2803985331207783 1.6985172357229241
64 2048 -0.9101816709179807 -0.9098958342373235 0.48619090847265467 0.9512673193619902 0.22073663256581577 0.322712140569322 1.6873447227441907
65 2080 -0.9304345967029429 -0.929456459572877 0.4846289115595479 0.955012564806957 0.21175875735465105 0.28364627114958685 1.6954949193514404
66 2112 -0.9220211928968363 -0.9176660568203404 0.4647187726749378 0.9211585797635347 0.26965329481605693 0.3088854058339934 1.6828181442620627
67 2144 -0.9398570144475242 -0.9393499686096866 0.47507469708476135 0.9460425398117396 0.23198308899390183 0.25237656073347253 1.6977897154869304
68 2176 -0.9070162487293341 -0.8993714247086523 0.4540511790751728 0.8975472229824327 0.29699872191435067 0.3527002279812645 1.6695491332582
69 2208 -0.928269942921698 -0.921300682900374 0.4557382673459785 0.9077819907401055 0.26677316723726113 0.32324059480731365 1.68057954144123
70 2240 -0.9144064626901324 -0.9125290756743004 0.46764595007795995 0.9258269049795481 0.2706954753658173 0.308677324379785 1.682688999497593
71 2272 -0.8738512341105175 -0.8697527540002301 0.45145441785152973 0.8877583283584957 0.3308028950552539 0.38008730060646634 1.657137015620843
72 2304 -0.9121140434348244 -0.9104511088885262 0.4416420817140779 0.8906768773686479 0.29078350351279125 0.3315316705310206 1.6749721506698962
73 2336 -0.8767467298080815 -0.875634337464407 0.4238897631763142 0.8559520710462134 0.34495885555524125 0.37988004876683656 1.6542957826588705
74 2368 -0.9146390672245465 -0.8898369392863846 0.43467817495444094 0.8513810850965543 0.2852111709155909 0.4438796246302562 1.6497349686610452
75 2400 -0.9414412483344683 -0.9049340181257999 0.37056383820846783 0.7592225601112219 0.23747468104542438 0.5262826673549371 1.6329826483781593
76 2432 -0.9171917428627024 -0.8702118595751088 0.30213362739100724 0.6459355730921189 0.27274469157608894 0.6256806669373204 1.5918963647919844
77 2464 -0.936253985790418 -0.8760709268882041 0.29318779593996064 0.622757644647135 0.24128906823751228 0.6559321238130326 1.5847815731195252
78 2496 -0.8818296125525239 -0.8335510258825086 0.27058951404446296 0.5903577740167716 0.3270731147689004 0.6673334537115899 1.5645092646426642
79 2528 -0.8138414941776213 -0.7691079567388875 0.21853040946549235 0.503009660761552 0.40794080456821646 0.7237859440458125 1.519775709494644
80 2560 -0.710182550657343 -0.682605358148688 0.12514971607740105 0.36682421497744233 0.479624071663751 0.8003598049307975 1.4592412180759635
81 2592 -0.7132792998598015 -0.6521121222366646 0.1513245609063823 0.35796961099759433 0.5236307926952974 0.8268239060789975 1.429046192842472
82 2624 -0.8002509631839462 -0.7693276271654858 0.31262574223215334 0.6423535293462392 0.4444071934421449 0.6224747195896766 1.5540358650586643
83 2656 -0.7825501945976746 -0.7441157932227898 0.30676703641871034 0.6186269115909921 0.4661203855504735 0.6530612015352972 1.5350058153712487
