% # columns="iteration, evaluation, min max(neg(.)) min(pos(.)) max correlation, correlation matrix principal axes lengths  (sorted square roots of eigenvalues of correlation matrix)", seed=1, Sun Feb 22 06:54:55 2026
1 32 -0.11146516119043404 -0.0437749906638783 0.23237579946272918 0.2567358923117093 0.8004443918517496 1.047186204171944 1.1236947224869562
2 64 -0.019092876739181357 0.031603802674630595 0.22565940668146872 0.23964792860326947 0.8298499818607704 1.0091740341044249 1.1370649834090754
3 96 -0.18260898103364 -0.13872091941097492 0.019067586720696382 0.027775693808588374 0.9034448208468663 0.998951753728154 1.088982483517719
4 128 -0.3625923112912275 -0.2731627624006844 0.010678495441349167 0.015862699164817248 0.7982738384548544 0.9997871898059919 1.1675549040359474
5 160 -0.5729027131106307 -0.46814940126322924 0.07784519427530127 0.15509008094074328 0.6535257685741006 0.9623881022198152 1.2832432390296757
6 192 -0.366552178015914 -0.31144366939566803 0.051689371170735764 0.11762520940595773 0.7950981854494593 0.9607239806758643 1.2020101116252306
7 224 -0.6235755480035707 -0.5338724910337875 0.2729687991017097 0.45221283884375885 0.5816937931431369 0.8671313377497396 1.3819245906022137
8 256 -0.6633868091300379 -0.5496584419673433 0.3153279861893686 0.48992842841224454 0.5155965961524215 0.8955375014243695 1.3900261629115596
9 288 -0.7588757856438482 -0.691622379446159 0.3588210817344299 0.6417154959302704 0.45876435787679776 0.7231267512853327 1.505530791952596
10 320 -0.7252151271468358 -0.6785508167640332 0.33675673152721686 0.6285282705748308 0.509972951216428 0.6894255459943297 1.5048654443364788
11 352 -0.6668993921504663 -0.6295950286811751 0.3244553324451122 0.6051677560179166 0.5617324218467883 0.6994453792233036 1.4816318192213986
12 384 -0.6125085457177027 -0.5827336864573794 0.35486019586200035 0.637616630708137 0.5725670409619084 0.7124889033161663 1.4712330020277042
13 416 -0.4847560563145141 -0.47953223021217917 0.4054884329051999 0.695271494508658 0.5514910048295345 0.7698599441734744 1.4502321669130518
14 448 -0.29074683372014754 -0.2859473332763133 0.42969614974386483 0.6634444769734232 0.5798423815604377 0.9023458613540359 1.3599833671937178
15 480 -0.3199210943846258 -0.20431092423367428 0.4051941063443501 0.49275227971940677 0.5843312555668263 1.0624481832186154 1.2368350099116534
16 512 -0.15560188332436853 -0.07734806684119389 0.40878146137377636 0.49257082096225846 0.6500664186794083 1.0415561076109436 1.2217096733691144
17 544 -0.4948221002750924 -0.3642854315768508 0.2717186477090122 0.35318333877272495 0.6155832926697654 1.0128355441162327 1.2630207323558171
18 576 -0.6232769563981927 -0.44684437948760947 0.2565074754921041 0.31452551690809216 0.5160777924452828 1.0324708420631188 1.2913820784083534
19 608 -0.5411774426891091 -0.34712944061829765 0.30390595222384226 0.3268697477670775 0.4979895141189032 1.0956576404589475 1.2456085977270508
20 640 -0.3092274577763675 -0.1697393543012633 0.4982346974534433 0.5814046112299079 0.467931172146066 1.093429022550665 1.2591478828072205
21 672 -0.32285600487598476 -0.18907752745533724 0.41169123292155513 0.47816900895987174 0.5586595825095326 1.091874926658957 1.222991666121962
22 704 -0.2938309303587451 -0.19628994062279934 0.45630957852580756 0.5763017618393974 0.5574438974351787 1.0379573398703605 1.2696065775749286
23 736 -0.219138150412187 -0.08138854998033662 0.4130773954290011 0.44014977680026324 0.5753165977259258 1.098733122896433 1.2090476984103304
24 768 -0.2067693122936972 -0.06634108879469944 0.397812200959093 0.4121017407113593 0.5862569371861753 1.0970810876789014 1.205286642528807
25 800 -0.34818750451100705 -0.2427331423323977 0.37910294609466283 0.480927280058407 0.6081591397670394 1.0343317277454982 1.2491198251956568
26 832 -0.4714546825481953 -0.3633548538332966 0.28700538233845735 0.39569229901414327 0.6351301204871695 0.9805820028662477 1.2786980353878596
27 864 -0.49306086858943277 -0.3831417802078468 0.3091934298269552 0.43005274479030314 0.6095965514731263 0.9731994607564391 1.29663983203334
28 896 -0.47979426984219453 -0.3363089683451753 0.31920784410172887 0.3942281467536777 0.5752291783642145 1.0451200631892028 1.2557210860210273
29 928 -0.5526845717452941 -0.4314241474897585 0.4096911806223575 0.5688025324041939 0.48988936463369004 0.9656010953753689 1.3518960518577927
30 960 -0.7605327384223576 -0.6249936839284137 0.3896013181855311 0.5922605977295688 0.3662960293220012 0.8882551241137439 1.4411211098962549
31 992 -0.7423245424915055 -0.5813347573177365 0.3886685178556322 0.5510131577396528 0.34772015936068573 0.9518078286883174 1.404689484555861
32 1024 -0.6767641357744636 -0.5338963111339063 0.4821518640966129 0.6779667645328954 0.30538656913888995 0.9458897043789811 1.4184610359609535
33 1056 -0.630380320955934 -0.5132040636940949 0.46908637528953695 0.6793402643555753 0.3876298595728285 0.9158630016257147 1.4180754755021627
34 1088 -0.49681469817090024 -0.35399888611772706 0.45031382600215253 0.5756022513222726 0.44928387447386336 1.0361630352118332 1.3132060632659122
35 1120 -0.4276538263085484 -0.26578753859346155 0.44368048496754003 0.5183035384394538 0.45882885279195973 1.1021654061836657 1.2548735001017473
36 1152 -0.27581936811557795 -0.14291286990852875 0.46218307602275943 0.5309752264594729 0.5237030060854228 1.0928208348045372 1.2375289024641831
37 1184 -0.23193568968852715 -0.1007673578656505 0.3337381011009165 0.34740492226689557 0.6450382925758193 1.106902530749513 1.1656296103527892
38 1216 -0.12249311683233427 -0.013873048435290067 0.42773735790227535 0.46632075828441966 0.6146867961753566 1.054692540388743 1.228732594121282
39 1248 -0.09943284210294606 0.007264492417505694 0.3402557160367988 0.3445554560561114 0.6873647367810187 1.0484703933666293 1.195089767700982
40 1280 -0.3167074441136503 -0.20047290542245544 0.31923316942902363 0.3762339890216551 0.6551931163692094 1.070323468441769 1.193787943131101
41 1312 -0.3321650969323661 -0.22533538809806508 0.42388349841584316 0.5334600850861783 0.5711340273672536 1.0416317799788535 1.2604797331656494
42 1344 -0.3801555111330549 -0.24684511547220858 0.4582721481278613 0.5600008403337049 0.49630415853549403 1.0682694784828959 1.2698356206857075
43 1376 -0.4787050529981582 -0.30261366127886247 0.3275214539554457 0.36147510064758603 0.5286672660428783 1.1018123495794296 1.227403954747175
44 1408 -0.599560355235829 -0.3895755070435818 0.284027757285892 0.29857733053680285 0.4637991898955709 1.087114830641641 1.266124660707313
45 1440 -0.7599993654136707 -0.5207823830566541 0.2638590640379512 0.2861892307124696 0.3297542750759972 1.0608844199011567 1.3288289452296298
46 1472 -0.7416859580240406 -0.48458763716667036 0.3001607561838927 0.30464523311004343 0.26502272039586205 1.089871189704737 1.3198271657779883
47 1504 -0.7802838887424898 -0.5663588635078586 0.3528920616394984 0.44538401145398615 0.2602533581785453 1.0319002620915403 1.366546756848151
48 1536 -0.7596462834635185 -0.6068816154003897 0.48905817024302045 0.7016067640610284 0.19301629805285606 0.922984578479367 1.4528744531360016
49 1568 -0.6695671426753949 -0.5166965883427624 0.5277401185791942 0.7230151332205474 0.20758514982085094 0.9706117342503631 1.4194439992156636
50 1600 -0.553475279663253 -0.4417577138978785 0.5921652148988646 0.8250886253990711 0.23161645378211893 0.9494886899139587 1.4299737920895161
51 1632 -0.5016494660111399 -0.36413270639856915 0.5989682182779847 0.7824851002242653 0.21920285730973985 1.0217517531817082 1.3812941258896863
52 1664 -0.501968338195126 -0.3575637845442706 0.6096697781475305 0.7876764120606089 0.17478086276509844 1.03367812721647 1.3787534875115781
53 1696 -0.5519663179007362 -0.3826178138248596 0.561246727547873 0.7065197372629072 0.20015718589846673 1.0590353587184438 1.355869171386865
54 1728 -0.5108259902180435 -0.32686454059606956 0.5559751284011016 0.6662935684448514 0.2076732558941797 1.1027680850781592 1.3193840871101032
55 1760 -0.6217379675439801 -0.4343917397109645 0.5229224454082079 0.6546809459482498 0.17643206528107436 1.0618238764936259 1.3569826018224054
56 1792 -0.6147035706234196 -0.4314920478445962 0.5287265363259647 0.6655878749373282 0.18205184008809067 1.0572401895396804 1.3598162777164573
57 1824 -0.5285654983014274 -0.32277100931577585 0.5304046174289738 0.6090020040249055 0.18407164635216183 1.1360645540575405 1.2944013898413607
58 1856 -0.2857111642240256 -0.09531120472649883 0.6234823657616346 0.6726802630934857 0.1616345328569248 1.1247019486419145 1.3072565947468784
59 1888 -0.4884238429166389 -0.26136476951895626 0.5240234374794495 0.5587604330812355 0.14072239435327058 1.1874135686706067 1.2530946590997893
60 1920 -0.5492207802152536 -0.334183850101485 0.5275575373323997 0.5997677363632594 0.13014505399554055 1.1442181662362407 1.29376468222605
61 1952 -0.5903986671207939 -0.3723110579591173 0.5083775956225287 0.5838528709880674 0.12966529745648736 1.1322230327955498 1.3043227800827402
62 1984 -0.5898568137062438 -0.33496940268082853 0.4409020452059019 0.4446384501427302 0.14164046822844792 1.178839220912403 1.2610614850191342
63 2016 -0.7147398421084203 -0.47434252441227137 0.40647104800258277 0.45967825444471844 0.15984822373629468 1.1049428546371936 1.3242166867074894
64 2048 -0.7176874524569541 -0.45368737933808 0.34980982178072295 0.3536421490347833 0.18539726182377203 1.1170171078298055 1.3106870855104147
65 2080 -0.6741142373801878 -0.41829786598697616 0.393757025456686 0.4086256178780284 0.17223966148678177 1.1368466743808832 1.2953428650207037
66 2112 -0.5277936813046104 -0.30413325779396044 0.4929017721372044 0.5349196919369428 0.20749572117089443 1.1690958033757437 1.2610156732669877
67 2144 -0.5450305042044613 -0.2988095148430524 0.4609164938360407 0.467937507367663 0.1733448955887857 1.192729371584229 1.2439245127151417
68 2176 -0.5060286297905967 -0.29557219957581576 0.509175254770837 0.5669679760049404 0.23335545299930535 1.1542484563457516 1.270140044868651
69 2208 -0.4448117367650604 -0.2410951185371052 0.5483310335121593 0.6077564659672923 0.2103006212856879 1.1575434754586247 1.2711674756341202
70 2240 -0.5660950206486496 -0.3260126532885811 0.4507277099120846 0.46955879695223807 0.20789849847218173 1.174473060391221 1.2559423731797141
71 2272 -0.5534891193853149 -0.32386488852195666 0.4479146813233646 0.4755503070751135 0.2577424216663949 1.1648774613628872 1.2556390182223145
72 2304 -0.3723934350671153 -0.15445969384500177 0.5354374075683049 0.5474693668172937 0.22406593511551665 1.1701534619678131 1.2571934346653066
73 2336 -0.3876631774440881 -0.16825611154920161 0.5084325627885449 0.514588388339574 0.26417004666304605 1.1775058967892085 1.242454848061967
74 2368 -0.45106796835876944 -0.29500636749980214 0.5876870663106596 0.7258566100551795 0.24761899478994717 1.0742194582931364 1.3359406382184862
75 2400 -0.05083660714865011 0.05375066408681335 0.7336851180498102 0.8557426648020123 0.22232794601410974 1.0182403883681002 1.3833859894899643
76 2432 0.08416971770349765 0.17558511539424682 0.7530416071662358 0.8541117067328163 0.25978124999316465 0.964760816131282 1.4148322408715783
77 2464 0.11261574744420697 0.18674463448501247 0.7734944871770107 0.8949488843668714 0.23367672518266575 0.9567210436440016 1.424808770592264
78 2496 0.04963920499207948 0.14765402187393634 0.7194963527224997 0.8120956461234973 0.3094251530405689 0.9789613360203845 1.3949518906553746
79 2528 0.030525798178756003 0.13516396673366493 0.6676676665394377 0.7405307312531197 0.38373359590623635 0.9863764311770672 1.3710616555761672
80 2560 0.10509090274320088 0.20835724169605221 0.6234134838954952 0.6584992256757917 0.459543452485912 0.9476015619602631 1.3750894861963703
81 2592 -0.038308920205193844 0.05274252841224571 0.5774929349701532 0.6613582885386828 0.4969956620769126 1.0150605233287229 1.312496646036229
82 2624 -0.22857913345845313 -0.08303266975058296 0.5743307073845167 0.6479053693883464 0.38884454687851877 1.0891451448932505 1.2894040374212807
83 2656 -0.2614134037820186 -0.12210332486138509 0.5571049507834676 0.6441976304111182 0.41097583506036284 1.0889321275796573 1.2827024925996202
