% # columns="iteration, evaluation, void, void, void, xmean", seed=1, Sun Feb 22 06:54:55 2026, <python>{}</python> # scaling_of_variables: 1, typical_x: 0
1 32 0 0 0 0.3567447372667589 0.2533471844468881 0.3040710830983427
2 64 0 0 0 0.3756608382626155 0.30394211698919443 0.29684584952763243
3 96 0 0 0 0.4232976506520118 0.2798050871807206 0.31146724559886957
4 128 0 0 0 0.4313182191146266 0.23916917971846627 0.29826551051270755
5 160 0 0 0 0.45849303628498783 0.22661474100375678 0.3172948730421635
6 192 0 0 0 0.4321608349042758 0.21820027543639597 0.3152515780064509
7 224 0 0 0 0.4681643550755927 0.19831897297004358 0.322422233066825
8 256 0 0 0 0.501619920123404 0.18384412313477463 0.32688959065326356
9 288 0 0 0 0.5490245103194208 0.16453553935283777 0.33576432811224405
10 320 0 0 0 0.5348126783341608 0.17521123166098687 0.3322249652311413
11 352 0 0 0 0.528527559407482 0.17860951285854917 0.3300430620619949
12 384 0 0 0 0.5315695782801363 0.1734120186223743 0.3323475089776971
13 416 0 0 0 0.5445608086873259 0.17268820713941385 0.3392690696664563
14 448 0 0 0 0.542582885629213 0.17182071164846813 0.33728849837273184
15 480 0 0 0 0.5502447807887012 0.16602475693891144 0.3347169814571939
16 512 0 0 0 0.5538858440191764 0.1686817574425836 0.3366764293041629
17 544 0 0 0 0.5626690301618285 0.16203989465785035 0.3374207888682192
18 576 0 0 0 0.5609076990165949 0.1608608637915587 0.33524735201188455
19 608 0 0 0 0.5582539835038736 0.15845448944837995 0.33396348213356064
20 640 0 0 0 0.5515414090967012 0.15729947775436365 0.33331417475380076
21 672 0 0 0 0.5469954023694303 0.16133054468313923 0.33471884461853113
22 704 0 0 0 0.544395980271295 0.16197702480306167 0.3331228954369601
23 736 0 0 0 0.545229628325658 0.16029298458192848 0.33054624749321887
24 768 0 0 0 0.54512334741213 0.1586580258352055 0.33016152460968884
25 800 0 0 0 0.5519855394371279 0.15935894116424676 0.3291210441078498
26 832 0 0 0 0.5429766767826781 0.16110356273847237 0.332155793198404
27 864 0 0 0 0.5417692996835888 0.16282216648920197 0.3336010151198486
28 896 0 0 0 0.542248449010563 0.1614980229470028 0.3333767198958163
29 928 0 0 0 0.544307206504451 0.15928875515613186 0.33145073266850483
30 960 0 0 0 0.5519125381772669 0.15752802048234602 0.33106797523255654
31 992 0 0 0 0.5542393706586747 0.15700517612954581 0.3307147038067213
32 1024 0 0 0 0.5536244060545022 0.15549105358445642 0.32927967210900994
33 1056 0 0 0 0.5534797136772506 0.15508531803111744 0.3290535500704761
34 1088 0 0 0 0.5528538384983953 0.15560333349404096 0.32919642388405246
35 1120 0 0 0 0.5540351251597375 0.1557658695613974 0.3293510421214903
36 1152 0 0 0 0.5544613136944383 0.15520477013940948 0.3291628696300566
37 1184 0 0 0 0.554671951437991 0.1544660525768485 0.3292429089425569
38 1216 0 0 0 0.5529075364409838 0.15496901998387153 0.32934638586312187
39 1248 0 0 0 0.5532978863819469 0.15594561449218364 0.32944984343173955
40 1280 0 0 0 0.5533954073442625 0.1558806989703141 0.3292914057201015
41 1312 0 0 0 0.5541928689497388 0.1556712534857819 0.3293579682290809
42 1344 0 0 0 0.5539650282354994 0.15571094058854223 0.3293268478390815
43 1376 0 0 0 0.554086117173004 0.1555271820290142 0.328810499296888
44 1408 0 0 0 0.5543004777171224 0.1556610958437356 0.3290859361563399
45 1440 0 0 0 0.5557684905862934 0.15493857092093416 0.3289227232488661
46 1472 0 0 0 0.5553999650608947 0.15487080458488095 0.3287169681235305
47 1504 0 0 0 0.5542201142681961 0.1551785675165181 0.3287049914362337
48 1536 0 0 0 0.5531626048969391 0.15521150805053285 0.3283623644005442
49 1568 0 0 0 0.5530924451812113 0.1548697295327652 0.32820908145627414
50 1600 0 0 0 0.5529297156649472 0.15475993497059423 0.32812627656256566
51 1632 0 0 0 0.5528558633862007 0.15473500177096566 0.32801903089150203
52 1664 0 0 0 0.5523473088327284 0.15461172168480464 0.3278461838698781
53 1696 0 0 0 0.5526277755675376 0.15444668870834175 0.32779326183386104
54 1728 0 0 0 0.5527909122847824 0.15465684257922527 0.32803191682326943
55 1760 0 0 0 0.5534713559329323 0.15449836714280202 0.3281103595448341
56 1792 0 0 0 0.5529831904565883 0.15462760516435456 0.3280593816798444
57 1824 0 0 0 0.5532953094855511 0.15439235630173495 0.327960296039379
58 1856 0 0 0 0.5530088784503024 0.15419410536743253 0.3277242317870146
59 1888 0 0 0 0.5533794826462433 0.15397277239135676 0.32764269862771866
60 1920 0 0 0 0.5526957796355124 0.15431249566525843 0.327715233540432
61 1952 0 0 0 0.5528514332977025 0.15420162267077722 0.32767526902806704
62 1984 0 0 0 0.5528688704825909 0.15426361644254302 0.3277568400200162
63 2016 0 0 0 0.5528902245995503 0.15429889017110324 0.32780820969476504
64 2048 0 0 0 0.5529955426877404 0.15427990762655586 0.32784238882221567
65 2080 0 0 0 0.5531321388922796 0.15421282476450687 0.3278046500264609
66 2112 0 0 0 0.5530735618714778 0.15421154486827535 0.3277529599987781
67 2144 0 0 0 0.5528518095911822 0.1542110414262742 0.3276856859647688
68 2176 0 0 0 0.5530579021619321 0.15414188127859121 0.32765448939339936
69 2208 0 0 0 0.552978117784082 0.1541209887857112 0.3276108115030551
70 2240 0 0 0 0.5528249093615575 0.15414455859035392 0.3275769073026956
71 2272 0 0 0 0.552863502301057 0.15411852096886286 0.32756330046889964
72 2304 0 0 0 0.5528873564482291 0.15407711836758983 0.3275218476717032
73 2336 0 0 0 0.5529487967628756 0.15407575341869376 0.3275578378541557
74 2368 0 0 0 0.5529575826189806 0.15400704974495377 0.32747768519545395
75 2400 0 0 0 0.5528369141541971 0.15398852955648296 0.32743960397815136
76 2432 0 0 0 0.5528723831344833 0.15396732009460024 0.32744009977394933
77 2464 0 0 0 0.5527937877904936 0.1539277335327843 0.3273935661857948
78 2496 0 0 0 0.5528543457573207 0.15394392296409937 0.32743596748715526
79 2528 0 0 0 0.5529169678993243 0.1539533397850271 0.3274529998086697
80 2560 0 0 0 0.5528402577033911 0.1539563262052671 0.32741585321412053
81 2592 0 0 0 0.5528612316910485 0.153963432243132 0.3274405782961183
82 2624 0 0 0 0.5528234675637667 0.15398405663523168 0.3274362080640713
83 2656 0 0 0 0.5528017917151279 0.1539856858092963 0.32742936342670204
