% # columns="iteration, evaluation, sigma, axis ratio, bestever, best, median, worst objective function value, further objective values of best", seed=1, Fri Feb 20 10:31:22 2026, <python>{}</python>
1 32 0.1790469605671328 1.0000333338888951 20.599192247574287 2.0599192247574287e+01 200.0 200.0   
2 64 0.24396199729611603 1.5355597426701255 20.599192247574287 3.1228446497465612e+01 190.24213712027517 200.0   
3 96 0.23972701498593332 1.7680369256806412 20.599192247574287 2.3803900191734854e+01 200.0 200.0   
4 128 0.22006480206798737 1.6596509938458968 20.599192247574287 3.1846778956786558e+01 200.0 200.0   
5 160 0.23502388165894428 1.9418191591841434 20.599192247574287 2.2825766645535008e+01 200.0 200.0   
6 192 0.20936319534326997 1.7350892627716985 20.599192247574287 2.2321097460201539e+01 200.0 204.0104062198466   
7 224 0.172683101806374 1.5634769472842727 20.599192247574287 2.1422020802546186e+01 133.47528425661275 200.0   
8 256 0.15839378117284691 2.1251206209097315 20.599192247574287 2.1425554597066977e+01 91.71274505826618 200.0   
9 288 0.1376982948727817 1.9719000857034668 20.599192247574287 2.0826871802620534e+01 107.59739323171164 231.34363406919215   
10 320 0.12404296728178774 2.2707055404009715 19.495986089753195 1.9495986089753195e+01 101.68914419383793 200.0   
11 352 0.12621160762037656 2.4700898872532333 19.495986089753195 2.0565439937245500e+01 106.78003846108987 245.71952517795117   
12 384 0.11688331438503866 2.7396269913582594 19.495986089753195 1.9969400616771253e+01 47.938838986849134 216.68821534891075   
13 416 0.10584960260044282 3.699294671277001 19.495986089753195 2.2158109421912208e+01 52.21045025523907 200.0   
14 448 0.12689484696242775 3.465425002722124 19.495986089753195 2.0311959847977334e+01 26.019664787156735 200.0   
15 480 0.1301057249976275 3.3595199736683523 19.495986089753195 2.0584483584633180e+01 55.791840278202415 200.0   
16 512 0.12116585275209724 4.261857097784274 19.495986089753195 2.1974274029325166e+01 55.20904601581671 200.0   
17 544 0.1180856611258493 6.123939063427316 19.495986089753195 2.0642807217881487e+01 97.4727263104952 254.61968502857545   
18 576 0.16321011897329138 5.886451891187807 19.495986089753195 2.0705323558847535e+01 48.295948561055276 200.0   
19 608 0.15833133552778603 7.804359331758057 19.495986089753195 2.1289058097126127e+01 122.65516802286929 288.35970776681796   
20 640 0.133740713528722 7.123646372688413 19.495986089753195 2.1348703064865067e+01 81.24299329374885 273.6090759075158   
21 672 0.12196366123830617 7.256573418465901 19.495986089753195 2.0636568992093434e+01 51.62643860099535 200.0   
22 704 0.12677277732884143 7.325218425793601 19.495986089753195 1.9772522328014233e+01 54.37933794420052 205.64840001144893   
23 736 0.10943301479586057 7.502951597214468 19.495986089753195 2.0877038971231574e+01 32.08814520897446 289.92259806607797   
24 768 0.10431276786350348 7.083016283068388 19.495986089753195 2.0370904187102195e+01 39.31761316422318 200.0   
25 800 0.08985552563174769 4.971765031707772 19.495986089753195 2.0164605529329179e+01 26.423565497974387 396.92064081281785   
26 832 0.09684178224897823 4.432249281212496 19.495986089753195 2.0493104632831642e+01 37.15398605534227 200.0   
27 864 0.10493430086330824 4.643418361937679 19.495986089753195 2.0912741893254477e+01 40.72644120501083 200.0   
28 896 0.10304448863208815 3.639443922955569 19.495986089753195 2.0242155298752216e+01 43.48351993216612 225.85416565823473   
29 928 0.09798374263594206 3.2975579959069687 19.495986089753195 2.0463182759821219e+01 26.43448877773791 200.0   
30 960 0.10368554961017286 3.157680726460876 19.495986089753195 2.0083114792170690e+01 54.2252864066968 200.0   
31 992 0.11706505218769662 3.1769749416956103 19.495986089753195 2.0384546867805128e+01 32.45486042186843 234.97823096839682   
32 1024 0.10528449695037413 4.207741108848217 19.495986089753195 2.0123638375568692e+01 54.50746046429039 200.0   
33 1056 0.10640187318720606 3.6985646248314303 19.495986089753195 1.9805898832300194e+01 28.99096223483582 414.10436036462795   
34 1088 0.10480350005441465 2.973446890907945 19.495986089753195 1.9952425330444768e+01 27.627665650416006 381.5420677133397   
35 1120 0.10255993996457824 3.257534593220949 19.495986089753195 1.9693989108525223e+01 33.06216484001895 207.5554415936441   
36 1152 0.08587771483210607 2.9841773904819204 19.495986089753195 1.9821764998928980e+01 32.61713697432121 200.0   
37 1184 0.09901071736007898 3.053583684413397 19.495986089753195 1.9867479650629495e+01 26.450135001375337 200.0   
38 1216 0.10632745841406928 2.466600112167051 19.495986089753195 1.9792240809737415e+01 36.768429188267554 337.3889764797082   
39 1248 0.09233458046767162 2.6286238757924214 19.495986089753195 2.0092193575263479e+01 32.55134849666474 482.3006368905646   
40 1280 0.1003446813736276 2.62322504244351 19.495986089753195 1.9777160474298526e+01 44.95865918774637 200.0   
41 1312 0.1027933859296183 2.7837798756029324 19.495986089753195 1.9808166956096130e+01 31.946872667489018 285.34871171116356   
42 1344 0.09375562664161835 2.0752927596194524 19.495986089753195 1.9752831426237861e+01 29.42934023154693 369.6503116493045   
43 1376 0.0973401485035621 2.1417835333744337 19.495986089753195 1.9582728676851783e+01 35.29642531949192 421.3660133259184   
44 1408 0.10797445472690878 2.784925739440397 19.495986089753195 1.9962378295835617e+01 31.157340314042735 277.808274122398   
45 1440 0.10125818392594303 3.0423506219332537 19.495986089753195 1.9964776865641809e+01 31.318534083522604 271.2892338615278   
46 1472 0.10304936472227912 2.8432617819292596 19.495986089753195 1.9730602362440571e+01 28.91884065098364 240.90526356533664   
47 1504 0.0920748484144714 2.3259625321213737 19.495986089753195 1.9812686473696484e+01 29.911672839148945 200.0   
48 1536 0.08759241631819094 2.875152114418755 19.495986089753195 1.9702883654478896e+01 25.765218439435774 200.0   
49 1568 0.0905207294721373 3.791119016601993 19.495986089753195 1.9717738657606759e+01 22.676659022132757 450.3333322411688   
50 1600 0.09730327368389859 3.5653870800759244 19.495986089753195 1.9902534827140087e+01 28.72924571695314 336.38987026143195   
51 1632 0.08330173921660967 3.8222612217021923 19.495986089753195 1.9725476695922620e+01 70.1884623008338 599.526066171734   
52 1664 0.07997673720735034 4.732135957757429 19.495986089753195 2.0144798159915730e+01 23.219649561245227 296.7579650946302   
53 1696 0.06996867472646899 4.406350842021219 19.495986089753195 1.9785423249430508e+01 39.67299397226842 373.3029998083408   
54 1728 0.06592315420934175 4.4935802654502615 19.495986089753195 1.9856293569883483e+01 39.96804014439747 340.05200170439406   
55 1760 0.06181926603359591 5.2078805397641394 19.495986089753195 2.0088016565130637e+01 26.754555761420555 200.0   
56 1792 0.0610187800365956 5.671461030234992 19.495986089753195 1.9788936604985469e+01 21.811304743462447 409.06086866558474   
57 1824 0.05626890454627654 5.786518807251221 19.495986089753195 2.0044348090286292e+01 52.38811286053423 326.5463457576945   
58 1856 0.06788170059999257 5.716321942240285 19.495986089753195 1.9882226999298826e+01 33.00077602333473 220.28966640395055   
59 1888 0.06930775493732393 10.188759557946462 19.495986089753195 1.9986645153864877e+01 40.21741965449339 337.3195973106881   
60 1920 0.07334227559735762 10.124264380126728 19.495986089753195 1.9735400670396590e+01 74.59592767694416 314.4732160329833   
61 1952 0.06254489150155348 8.162401628586876 19.495986089753195 1.9719270942176617e+01 31.459527862963718 200.0   
62 1984 0.06751282034159416 8.694448330690301 19.495986089753195 1.9673673669787689e+01 21.793090439507356 305.69481494736857   
63 2016 0.06481525577403174 7.329031292987285 19.495986089753195 1.9748521546783689e+01 34.854800953659954 590.020652205587   
64 2048 0.06787026198317746 6.964592667162808 19.495986089753195 1.9830556798561364e+01 41.06168478199707 462.9241971575264   
65 2080 0.05383643110427054 6.580819504459935 19.495986089753195 1.9842384017790167e+01 30.46564888763619 200.0   
66 2112 0.06921207585782546 6.151009944250146 19.495986089753195 1.9962461537903899e+01 75.63966921589368 200.0   
67 2144 0.0619172900987014 5.369930079264667 19.495986089753195 1.9956371525981908e+01 22.45224841705986 479.3956377397239   
68 2176 0.060767450476642906 5.884809180963539 19.495986089753195 2.0009837286092182e+01 26.90650259709048 321.7397836013221   
69 2208 0.0569429207375535 6.354596349956126 19.495986089753195 1.9868266958271999e+01 41.46063766191398 608.7589746703698   
70 2240 0.05487442421105343 6.91190053543865 19.495986089753195 1.9912455900744852e+01 30.905402720104732 401.9829460873115   
71 2272 0.05112810162106532 8.595756444293906 19.495986089753195 1.9788840408818768e+01 25.879869379936633 281.40727721896457   
72 2304 0.04233649506439123 8.781982293761786 19.495986089753195 2.0260928272750032e+01 28.20045495799872 291.5186306428529   
73 2336 0.04102614587432787 8.095556068228232 19.495986089753195 1.9795823554960492e+01 33.78680869789836 525.6846396749376   
74 2368 0.04711868434768006 12.541000939808344 19.495986089753195 1.9936491545400930e+01 45.43330282688397 391.5723774623795   
75 2400 0.04619047541030477 13.21098039620003 19.495986089753195 1.9919204827829745e+01 56.10746229192651 349.57522476468114   
76 2432 0.04996694990423846 15.402644935177404 19.495986089753195 1.9777792521208415e+01 39.70258953574684 496.0632846673736   
77 2464 0.05117125443768377 14.725577736400462 19.495986089753195 1.9625099704018027e+01 27.719951689626363 352.84811250744553   
78 2496 0.05184898693352556 21.001108263963292 19.495986089753195 1.9760047401155035e+01 30.4705226997742 293.54097306037   
79 2528 0.05985791278692415 16.572335754824717 19.495986089753195 1.9648878754077472e+01 32.759321744266146 308.87587819031745   
80 2560 0.054272767271054526 15.312831031415556 19.495986089753195 1.9738663660977931e+01 29.957047526812374 338.3642719586303   
81 2592 0.06583497677085108 13.663321433684708 19.495986089753195 1.9831517633700518e+01 30.240196418498243 265.8230094461115   
82 2624 0.06876787692435676 8.895089581405973 19.495986089753195 1.9808501814353725e+01 22.252035774942488 435.707706140975   
83 2656 0.07291146859929418 9.188644086046514 19.495986089753195 1.9907637321615159e+01 25.092488745402665 278.99221206565466   
84 2688 0.0852535578361091 10.620685215704501 19.495986089753195 1.9649124807032550e+01 30.584578322564184 256.061815409392   
85 2720 0.07295495517097693 9.370259566677706 19.495986089753195 1.9720623760740807e+01 22.202024296861754 375.2905799171512   
86 2752 0.06426242413460548 11.079854913387884 19.495986089753195 1.9770331349979060e+01 37.12929284572001 266.27417091789897   
87 2784 0.07234216900621848 9.644413957833757 19.495986089753195 1.9787157460364927e+01 24.09893003430891 200.0   
88 2816 0.0823322482822364 9.448758875838571 19.495986089753195 1.9850910453118171e+01 21.11692964577922 302.7232558030359   
89 2848 0.07363782214624758 8.967445849291128 19.495986089753195 1.9645434295500639e+01 29.216030919300234 248.32614072331572   
90 2880 0.0654380644834462 8.273137097648492 19.495986089753195 1.9713437548098774e+01 41.11554082828862 313.7088746763391   
91 2912 0.07087289216520865 9.415432998371054 19.495986089753195 1.9612463439090288e+01 27.13372952682045 200.0   
92 2944 0.06299652667303134 15.008984570506689 19.495986089753195 1.9791977412631958e+01 30.51385161114556 356.4553376747918   
93 2976 0.07430636383560056 17.18647675719046 19.495986089753195 1.9868203931574431e+01 49.09738142393181 242.69649030159636   
94 3008 0.06529020860113013 22.230701605794362 19.495986089753195 1.9934587988410865e+01 31.230531325934358 398.2966490924708   
95 3040 0.056994540283420235 27.543070913275628 19.495986089753195 1.9872372846773203e+01 32.571994050413906 342.7977442617128   
96 3072 0.053612617811531336 24.175848503198026 19.495986089753195 1.9833043626311813e+01 39.37434818073868 200.0   
97 3104 0.04794235211654804 24.314506145320795 19.495986089753195 1.9645428095282103e+01 32.80943243842125 311.41079312151237   
98 3136 0.049491724552192036 21.44458606808568 19.495986089753195 1.9669288720384021e+01 26.550726611217733 200.0   
99 3168 0.05044767884766668 19.843916071455862 19.495986089753195 1.9700072406843503e+01 27.77526025920661 379.3755821973841   
100 3200 0.04056715208847504 16.0385239525972 19.495986089753195 1.9944059009877051e+01 27.40650378176177 200.0   
101 3232 0.04256611833752021 15.010819880781268 19.495986089753195 1.9971797443410335e+01 30.483534343508826 205.60303813219355   
