% # columns="iteration, evaluation, sigma, max axis length,  min axis length, all principal axes lengths  (sorted square roots of eigenvalues of C)", seed=1, Fri Feb 20 10:31:22 2026
1 32 0.1790469605671328 1.0000333338888951 1.0 1.0 1.0000166668055563 1.0000333338888951
2 64 0.24396199729611603 1.2224388506097004 0.7960868057689822 0.7960868057689822 0.8802191244259306 1.2224388506097004
3 96 0.23972701498593332 1.1970440447879207 0.6770469707962092 0.6770469707962092 0.9343441971163015 1.1970440447879207
4 128 0.22006480206798737 1.0620173600902452 0.6399040304427139 0.6399040304427139 0.9205782625533401 1.0620173600902452
5 160 0.23502388165894428 1.036877037021638 0.5339719881316253 0.5339719881316253 0.7935965685253382 1.036877037021638
6 192 0.20936319534326997 0.9143703467195927 0.5269874964582181 0.5269874964582181 0.7715260074003664 0.9143703467195927
7 224 0.172683101806374 0.7652668452251365 0.48946474494196374 0.48946474494196374 0.6742643225348828 0.7652668452251365
8 256 0.15839378117284691 0.8341803198445382 0.3925331633587172 0.3925331633587172 0.49223134995561607 0.8341803198445382
9 288 0.1376982948727817 0.6893688651420375 0.3495962448300763 0.3495962448300763 0.43150764948740816 0.6893688651420375
10 320 0.12404296728178774 0.6512991460249734 0.2868267745143054 0.2868267745143054 0.35664916943902486 0.6512991460249734
11 352 0.12621160762037656 0.6261165387311937 0.2534792527034075 0.2534792527034075 0.3362306010884325 0.6261165387311937
12 384 0.11688331438503866 0.6390830778478577 0.23327375583017285 0.23327375583017285 0.3254693724513925 0.6390830778478577
13 416 0.10584960260044282 0.696152270140741 0.18818513581683083 0.18818513581683083 0.25789823058887884 0.696152270140741
14 448 0.12689484696242775 0.633592851389355 0.1828326542607795 0.1828326542607795 0.22731151476160388 0.633592851389355
15 480 0.1301057249976275 0.5700423207972509 0.16967969390424728 0.16967969390424728 0.25343510553596926 0.5700423207972509
16 512 0.12116585275209724 0.6162924884504347 0.14460655866918748 0.14460655866918748 0.30387074226230365 0.6162924884504347
17 544 0.1180856611258493 0.7335266015616149 0.11978019277531647 0.11978019277531647 0.3034349703394539 0.7335266015616149
18 576 0.16321011897329138 0.7703237025919019 0.13086384070259696 0.13086384070259696 0.30102833995758893 0.7703237025919019
19 608 0.15833133552778603 0.9219075363948536 0.11812725391094711 0.11812725391094711 0.3059220109455104 0.9219075363948536
20 640 0.133740713528722 0.77288552578321 0.10849577384222801 0.10849577384222801 0.30005239167071807 0.77288552578321
21 672 0.12196366123830617 0.6631922620221496 0.09139193167046519 0.09139193167046519 0.25062104788021256 0.6631922620221496
22 704 0.12677277732884143 0.6015392725252884 0.08211895366930559 0.08211895366930559 0.24228012002938237 0.6015392725252884
23 736 0.10943301479586057 0.6066975958461336 0.08086119015766742 0.08086119015766742 0.22963995487154026 0.6066975958461336
24 768 0.10431276786350348 0.559781791313782 0.07903155505260007 0.07903155505260007 0.18602727351493378 0.559781791313782
25 800 0.08985552563174769 0.4790164140189195 0.09634735571048902 0.09634735571048902 0.1871375472617873 0.4790164140189195
26 832 0.09684178224897823 0.37951440724031615 0.08562569096666317 0.08562569096666317 0.19411715509355545 0.37951440724031615
27 864 0.10493430086330824 0.37296224274283163 0.0803206202137677 0.0803206202137677 0.20588077688582093 0.37296224274283163
28 896 0.10304448863208815 0.3355128541316233 0.09218794443167447 0.09218794443167447 0.18919571664364737 0.3355128541316233
29 928 0.09798374263594206 0.30715182525050666 0.09314523827382355 0.09314523827382355 0.15519539736504975 0.30715182525050666
30 960 0.10368554961017286 0.2802006453116836 0.08873621799811664 0.08873621799811664 0.15120806484691574 0.2802006453116836
31 992 0.11706505218769662 0.26237821342695605 0.08258743560845334 0.08258743560845334 0.13887769969021668 0.26237821342695605
32 1024 0.10528449695037413 0.2994919533863433 0.0711764211815596 0.0711764211815596 0.11559630610585235 0.2994919533863433
33 1056 0.10640187318720606 0.28253770241412224 0.07639117632749204 0.07639117632749204 0.09667974604974547 0.28253770241412224
34 1088 0.10480350005441465 0.25276393436073163 0.0850070452354876 0.0850070452354876 0.10394645904774939 0.25276393436073163
35 1120 0.10255993996457824 0.24276589921754568 0.07452442706909408 0.07452442706909408 0.11292830878887454 0.24276589921754568
36 1152 0.08587771483210607 0.2183057129648357 0.07315440216829104 0.07315440216829104 0.10904149671896413 0.2183057129648357
37 1184 0.09901071736007898 0.22104118769657488 0.07238746683932377 0.07238746683932377 0.09951637487799311 0.22104118769657488
38 1216 0.10632745841406928 0.19806770992287298 0.08029988685472776 0.08029988685472776 0.09571877981405172 0.19806770992287298
39 1248 0.09233458046767162 0.19087228978817025 0.0726130092425757 0.0726130092425757 0.11550833328703719 0.19087228978817025
40 1280 0.1003446813736276 0.16123751490353969 0.0614653765097288 0.0614653765097288 0.11490314816798704 0.16123751490353969
41 1312 0.1027933859296183 0.1561795131843603 0.05610339903421198 0.05610339903421198 0.1148189868134882 0.1561795131843603
42 1344 0.09375562664161835 0.1445720108691842 0.06966342950846821 0.06966342950846821 0.10145293442188609 0.1445720108691842
43 1376 0.0973401485035621 0.13407746834141357 0.06260084936322727 0.06260084936322727 0.08684004160346895 0.13407746834141357
44 1408 0.10797445472690878 0.1475649985124974 0.05298704968059548 0.05298704968059548 0.08695780902201099 0.1475649985124974
45 1440 0.10125818392594303 0.16093595263236313 0.05289855530527142 0.05289855530527142 0.08110236176214393 0.16093595263236313
46 1472 0.10304936472227912 0.1469462227099508 0.05168226986480376 0.05168226986480376 0.07611254421010041 0.1469462227099508
47 1504 0.0920748484144714 0.13582075084993234 0.05839335284823278 0.05839335284823278 0.06587066330298608 0.13582075084993234
48 1536 0.08759241631819094 0.13561144176485218 0.04716670157546346 0.04716670157546346 0.06067335443042939 0.13561144176485218
49 1568 0.0905207294721373 0.1613603026633954 0.04256271089268619 0.04256271089268619 0.05825642299858678 0.1613603026633954
50 1600 0.09730327368389859 0.16053226320985126 0.04502519911707111 0.04502519911707111 0.053753335413475906 0.16053226320985126
51 1632 0.08330173921660967 0.1584276102321021 0.04144866115705941 0.04144866115705941 0.0456887261130845 0.1584276102321021
52 1664 0.07997673720735034 0.17629604333057838 0.037255067247502646 0.037255067247502646 0.05210814429984059 0.17629604333057838
53 1696 0.06996867472646899 0.16502220943676157 0.0374509918418264 0.0374509918418264 0.056662159338624646 0.16502220943676157
54 1728 0.06592315420934175 0.16170628391610692 0.035986067759691785 0.035986067759691785 0.06638691376200329 0.16170628391610692
55 1760 0.06181926603359591 0.15852887712130218 0.030440190766833877 0.030440190766833877 0.059166410103820774 0.15852887712130218
56 1792 0.0610187800365956 0.14794067105813807 0.026085107570951303 0.026085107570951303 0.06293078024081562 0.14794067105813807
57 1824 0.05626890454627654 0.1536643720944502 0.026555581553090228 0.026555581553090228 0.054119444510278676 0.1536643720944502
58 1856 0.06788170059999257 0.13687801076182204 0.023945119282098755 0.023945119282098755 0.05063973871163049 0.13687801076182204
59 1888 0.06930775493732393 0.19644578987053954 0.019280638506905062 0.019280638506905062 0.05274456899985343 0.19644578987053954
60 1920 0.07334227559735762 0.18766230621664845 0.018535895465651542 0.018535895465651542 0.05228887917489061 0.18766230621664845
61 1952 0.06254489150155348 0.1573900954988576 0.019282326778387884 0.019282326778387884 0.054106690553516266 0.1573900954988576
62 1984 0.06751282034159416 0.16381420228591526 0.018841241681507484 0.018841241681507484 0.044100783725882796 0.16381420228591526
63 2016 0.06481525577403174 0.1561414891765662 0.021304519374336514 0.021304519374336514 0.037783717060244935 0.1561414891765662
64 2048 0.06787026198317746 0.13941103713194053 0.02001711281540503 0.02001711281540503 0.03998085514749075 0.13941103713194053
65 2080 0.05383643110427054 0.1247033088397702 0.018949510582269673 0.018949510582269673 0.03973506473499981 0.1247033088397702
66 2112 0.06921207585782546 0.10741308214960604 0.01746267411744536 0.01746267411744536 0.03560715861275423 0.10741308214960604
67 2144 0.0619172900987014 0.10111203798374035 0.01882930252186564 0.01882930252186564 0.03852495679706063 0.10111203798374035
68 2176 0.060767450476642906 0.10621613546305234 0.01804920638831338 0.01804920638831338 0.03227036675621972 0.10621613546305234
69 2208 0.0569429207375535 0.12296866377036648 0.019351136877673668 0.019351136877673668 0.026940952086710823 0.12296866377036648
70 2240 0.05487442421105343 0.11488701561189493 0.016621624547813876 0.016621624547813876 0.026306403939327323 0.11488701561189493
71 2272 0.05112810162106532 0.11486617281390345 0.01336312557926821 0.01336312557926821 0.026582781797850688 0.11486617281390345
72 2304 0.04233649506439123 0.11045201821145578 0.012577116932917815 0.012577116932917815 0.023554147010915603 0.11045201821145578
73 2336 0.04102614587432787 0.11589367993669666 0.014315715802591037 0.014315715802591037 0.02193709291168989 0.11589367993669666
74 2368 0.04711868434768006 0.13080833014189006 0.01043045373887749 0.01043045373887749 0.018275718566297477 0.13080833014189006
75 2400 0.04619047541030477 0.14459714157356743 0.010945224142120364 0.010945224142120364 0.0217387686565076 0.14459714157356743
76 2432 0.04996694990423846 0.14527423692924696 0.009431772110610801 0.009431772110610801 0.024102959603991708 0.14527423692924696
77 2464 0.05117125443768377 0.14089159882732266 0.009567814679287577 0.009567814679287577 0.027396436308841615 0.14089159882732266
78 2496 0.05184898693352556 0.15556437857238328 0.007407436627490889 0.007407436627490889 0.03040515815192511 0.15556437857238328
79 2528 0.05985791278692415 0.14569092783675702 0.00879121265657087 0.00879121265657087 0.026069872767962125 0.14569092783675702
80 2560 0.054272767271054526 0.13450042528706366 0.008783511357966713 0.008783511357966713 0.028890584837453093 0.13450042528706366
81 2592 0.06583497677085108 0.11885254057796679 0.008698656556886314 0.008698656556886314 0.023555900485672066 0.11885254057796679
82 2624 0.06876787692435676 0.09960699055291264 0.011197974977242285 0.011197974977242285 0.019356208680122822 0.09960699055291264
83 2656 0.07291146859929418 0.10112653377314934 0.011005599175042138 0.011005599175042138 0.020638792661253572 0.10112653377314934
84 2688 0.0852535578361091 0.10307328990113464 0.009704956677251212 0.009704956677251212 0.01776039443205104 0.10307328990113464
85 2720 0.07295495517097693 0.1100914886120651 0.011749032972743873 0.011749032972743873 0.019998487875456675 0.1100914886120651
86 2752 0.06426242413460548 0.10288221757878668 0.009285520287316508 0.009285520287316508 0.020773150429462865 0.10288221757878668
87 2784 0.07234216900621848 0.09397725931253333 0.009744216675415461 0.009744216675415461 0.020456283923389672 0.09397725931253333
88 2816 0.0823322482822364 0.07990748604547926 0.00845692932749197 0.00845692932749197 0.021446363842896995 0.07990748604547926
89 2848 0.07363782214624758 0.0704042593588938 0.007851093894752565 0.007851093894752565 0.024999360982843135 0.0704042593588938
90 2880 0.0654380644834462 0.06473645373423902 0.00782489797644467 0.00782489797644467 0.025329591112154274 0.06473645373423902
91 2912 0.07087289216520865 0.06765207566427184 0.007185232551277906 0.007185232551277906 0.022634404944177264 0.06765207566427184
92 2944 0.06299652667303134 0.10071365994072456 0.006710224763548049 0.006710224763548049 0.03075105137787216 0.10071365994072456
93 2976 0.07430636383560056 0.1070289032330772 0.006227506937295835 0.006227506937295835 0.02852421435426967 0.1070289032330772
94 3008 0.06529020860113013 0.1296815082972081 0.005833441993724886 0.005833441993724886 0.0238835180617188 0.1296815082972081
95 3040 0.056994540283420235 0.1372274530514157 0.004982285870863903 0.004982285870863903 0.019694467730986927 0.1372274530514157
96 3072 0.053612617811531336 0.11285063034584815 0.00466790773986361 0.00466790773986361 0.02093747534470549 0.11285063034584815
97 3104 0.04794235211654804 0.10489807314055574 0.0043142177148740015 0.0043142177148740015 0.02094038040199864 0.10489807314055574
98 3136 0.049491724552192036 0.09754331913589794 0.004548622147622803 0.004548622147622803 0.018632900288754257 0.09754331913589794
99 3168 0.05044767884766668 0.09412743013914612 0.004743389853101732 0.004743389853101732 0.01835135426703139 0.09412743013914612
100 3200 0.04056715208847504 0.07951660211539222 0.004957850382641708 0.004957850382641708 0.01657319104410014 0.07951660211539222
101 3232 0.04256611833752021 0.07002771265027731 0.004665149086222503 0.004665149086222503 0.014229310314547198 0.07002771265027731
