% # columns="iteration, evaluation, min max(neg(.)) min(pos(.)) max correlation, correlation matrix principal axes lengths  (sorted square roots of eigenvalues of correlation matrix)", seed=1, Fri Feb 20 10:31:22 2026
1 32 -0.09219142840474917 -0.08007699629727667 0.048273578334973116 0.0789426711049172 0.9476325937192749 0.9782455506392024 1.0700598627999667
2 64 -0.22240113680216672 -0.17297875323210216 0.15692104111880262 0.21746525566570632 0.8372901999163673 0.9875700985176423 1.1505000745927243
3 96 -0.41749019898574413 -0.3609934209633891 0.15946341271064285 0.2764522459129652 0.755309262679127 0.9103282625072693 1.265231351252256
4 128 -0.560011151864488 -0.4629194792635012 0.11844867572286505 0.21514638811733355 0.6618748159159756 0.943605021801859 1.2928771368101861
5 160 -0.36295081840031573 -0.2995111777410085 0.13423354562987225 0.21537547942752516 0.786691228165323 0.9517187560912945 1.2146391731011212
6 192 -0.2938498983563105 -0.2504660728715715 0.09627078194614846 0.16846590806731615 0.8373042714509139 0.9487278051099208 1.182724443317786
7 224 -0.22613069138669323 -0.21755888006206991 0.2541613244937678 0.40282958135442376 0.7714849103728642 0.919567771529133 1.2486817635538359
8 256 -0.24506281081081996 -0.22095962802577307 0.22528792957638694 0.3499339326587267 0.795096945157489 0.9288490365680842 1.2268089969786538
9 288 -0.12160152381467378 -0.11214493524311764 0.3198679068176563 0.45441559893302486 0.7375173258706079 0.9793606698537776 1.2234871770411935
10 320 -0.17553723538970284 -0.1630682324360273 0.36426562335852786 0.5275745723363707 0.6854725911875819 0.9629038723084591 1.2660740339427063
11 352 -0.25942702660897343 -0.19338062437155917 0.3260096127947989 0.4330932896128374 0.7021711175683593 1.0020955037443704 1.2258712505920506
12 384 -0.3054898505573598 -0.2266005545097091 0.45401909017930125 0.6020030090279873 0.5664100428282377 1.0040540358658698 1.2926929861513028
13 416 -0.3074827797681231 -0.22082483306702627 0.45734330264058876 0.5967414011753636 0.558750064884682 1.0157970468818498 1.2868390437570183
14 448 -0.48318707821952817 -0.39412346081388133 0.28279446524463747 0.41937015652516363 0.6477981623984195 0.9351129815175452 1.306109203929977
15 480 -0.6401572706442127 -0.5531960173427334 0.1272581539153008 0.2671149576998329 0.599358495867127 0.900999045576035 1.3523942151987227
16 512 -0.7961999906214915 -0.6434487844671997 0.16938953135407445 0.28758443047354065 0.44345633580219795 0.9407644099121145 1.3850302535611267
17 544 -0.8200438994540159 -0.6859341641160352 0.2879355879705888 0.47844910332814944 0.3896137836035134 0.8712601048830976 1.4453743215047266
18 576 -0.901318152624035 -0.7059567052317692 0.19856023984532725 0.3047044408120936 0.2812131107523673 0.96332451390063 1.411709979868065
19 608 -0.8853720126480975 -0.6613130883496972 0.12323005225081951 0.16068550815259136 0.313363596006652 1.0019067086780185 1.377674200892127
20 640 -0.8909754236488404 -0.6600653455540914 0.0899945980610896 0.10910450117140089 0.31283379050349697 1.0039282630946638 1.37632229585913
21 672 -0.8979362673815976 -0.6556583082995137 0.11547082916643026 0.1302359159063275 0.28283176845764785 1.0100035904293052 1.378368215706903
22 704 -0.9020087167105644 -0.6633020795466253 0.07661124265088423 0.0845423795527816 0.29605392566879674 1.0048793772573992 1.3793366196323782
23 736 -0.8766151323576424 -0.6422026546413896 0.10328747201147989 0.11737170317951692 0.3249217104865469 1.0079610024278414 1.3705621108286767
24 768 -0.7905918520263595 -0.6195805570538847 0.20634904475004512 0.310647617045547 0.42677505442655606 0.9633710087057098 1.3746924574262247
25 800 -0.7694109747212567 -0.6544364877071713 0.2903814069501126 0.4903462181551218 0.4505623087668592 0.8522396385912765 1.4389861723909956
26 832 -0.7614893811113135 -0.6715527084156121 0.2419731967383985 0.4565451590940338 0.4854268329433769 0.8166886142678221 1.4482335782545117
27 864 -0.711069411558012 -0.5968537202725385 0.15865631111800527 0.296277296962713 0.5361627341683614 0.9108908019537 1.372154316906539
28 896 -0.6996760379787914 -0.5662773358556094 0.13166491986873705 0.2309136363203371 0.5450453326003629 0.9509952312650584 1.341094200838136
29 928 -0.6668079356360158 -0.5610303750101039 0.0580574301012119 0.15864247117907182 0.5720877842950756 0.9490633798348418 1.3311627504241614
30 960 -0.6045963203936555 -0.5074266325289899 -0.019778978849929393 0.04560055117842518 0.6093199242572733 0.9854953679647552 1.287450235785105
31 992 -0.734820997311009 -0.5728483896141351 0.10592843580574104 0.1702147699154925 0.5102387461616071 0.9809101757985652 1.3332185300730934
32 1024 -0.5070891834882807 -0.34056152642081355 0.20231881569619348 0.21675127266772867 0.6155940937090989 1.0536510097617844 1.2291718600010513
33 1056 -0.34826414361463787 -0.2484838650770318 0.16577325998169498 0.20407868979699784 0.7568763307229764 1.021859216933314 1.175985527444857
34 1088 -0.4829769643210451 -0.4161573852732591 0.23041591319127463 0.37912076696499986 0.6916478312636225 0.8901399760638052 1.3150186692672678
35 1120 -0.47486206111837653 -0.41048340916371095 0.18503465007586173 0.31916201786772036 0.7140968837073469 0.8966825419790647 1.2984706618131265
36 1152 -0.4813222239860345 -0.46585641786086496 0.08105431440747511 0.24789208570508559 0.6862856221880167 0.8691441862772694 1.3317659059453466
37 1184 -0.36496962415238066 -0.33321935001233094 -0.08126885846036273 -0.029035635416423042 0.7420698938486211 1.0131876730316394 1.1928046830308088
38 1216 -0.4251579083382933 -0.3482581520359759 -0.0858497693990401 -0.07528006482237895 0.7312920182580467 1.018749375268727 1.194722434049705
39 1248 -0.36642681716224945 -0.29626695014432863 -0.060831608536889105 -0.052513028352330064 0.7804256946449276 1.0114095869865067 1.1696094999997935
40 1280 -0.42953064816178654 -0.3907837341571179 0.03588057131546542 0.1393550924683246 0.738213603755968 0.9356243145188968 1.2568404104382827
41 1312 -0.24027757282949108 -0.23181313627308656 0.025488098714785024 0.102790740487671 0.8540445619745879 0.9479917644449573 1.1712896741225762
42 1344 -0.1934249650161508 -0.14300883706597778 0.032307885507683515 0.04033066508206425 0.8947736481412885 1.0016426794196256 1.0936599386267212
43 1376 -0.1770941313815686 -0.17653596564430368 -0.07786348889359238 -0.045530829047286864 0.8528316187556833 1.0225100986906974 1.107768625718431
44 1408 -0.21207403615456805 -0.15944975858777802 0.046326898737579156 0.062294840279241516 0.8828295277465499 0.999573509319917 1.1051989976491423
45 1440 -0.2961582864519062 -0.20732581560409305 0.15624805622663504 0.18860687598906456 0.7875748002018867 1.0263213895287329 1.1516902098580022
46 1472 -0.2502238609366792 -0.21074275800313652 0.00010652960048538815 0.030908522534816657 0.8614073693022187 0.9899924758327926 1.1304389598321034
47 1504 -0.25545885905552523 -0.2412615729052888 -0.10194839901165642 -0.06970796053068207 0.8002884644911668 1.033128198776452 1.1367429342183282
48 1536 -0.3296256166454496 -0.2927242782259847 -0.1361436809940123 -0.12085148700281975 0.7513121247772471 1.048292818305906 1.1561194826880818
49 1568 -0.3094010547931654 -0.2730522641519208 -0.0007305531843313368 0.05369455983028726 0.8184381693428608 0.9777010313387119 1.1722882138288029
50 1600 -0.6049999664725482 -0.4639399993978851 0.12547122336762548 0.18088166388146587 0.6153646198921017 0.9887832048785878 1.2820429627493293
51 1632 -0.6983571873188221 -0.5882393161307266 0.14236754654355702 0.27578529624688936 0.548975714738198 0.9139486687769746 1.3650360784493871
52 1664 -0.5547049657133585 -0.5085400055958494 0.01597310015311311 0.14464584195192495 0.6274456320838558 0.9313680844163762 1.318660483259228
53 1696 -0.5345766707579276 -0.5072478826172133 0.09668001407609185 0.27066052483314595 0.6566672502880244 0.8597673117527289 1.3526227456466384
54 1728 -0.5817030444244962 -0.5762639967762233 0.09839190578307752 0.3178381589879049 0.5794387868653756 0.8261331694189085 1.4077480877848318
55 1760 -0.7157756514998338 -0.682109373350788 0.08793420420093759 0.31094911856913376 0.4627755358722161 0.8351868300924432 1.4450957623072316
56 1792 -0.6929745599598953 -0.6741225902669936 0.11366581056842132 0.35740997448732453 0.48044410251820674 0.8036936596791111 1.4571375932790533
57 1824 -0.7024049537050473 -0.6853248984130671 0.18245975036444012 0.45464124466496236 0.5004344284181118 0.7414227990507182 1.4831916989727376
58 1856 -0.8700014548532734 -0.8464789101605215 0.22718924011894293 0.5615560788526791 0.27567842064958475 0.667207871141765 1.574431664148884
59 1888 -0.879977247682681 -0.8550248555388984 0.2915730885866975 0.6488200111514468 0.3069210954355847 0.6022080741923881 1.5947240753666811
60 1920 -0.8009889619485118 -0.796335631604785 0.19994138043184578 0.5273803874336627 0.3363822643007838 0.6876637529058076 1.5536941575494767
61 1952 -0.8011368650174125 -0.7776731392842273 0.11868257447146735 0.3940040866568469 0.32729749743951975 0.7811178393986894 1.510871029950257
62 1984 -0.790189536570898 -0.7337975000570686 -0.03042493327523095 0.1476405524715521 0.30782874503437213 0.9277265237119886 1.4298828486739155
63 2016 -0.7548511671871811 -0.7308573484416162 -0.01716078549231745 0.19674425007855048 0.30055947964094315 0.8973345828193448 1.4506738591683517
64 2048 -0.6846054195789821 -0.6810086655822657 -0.0724497024746059 0.12680653123123092 0.32129535000144166 0.9344640721965443 1.4225140406482122
65 2080 -0.6884262919110551 -0.6462558612539107 -0.18148539902047092 -0.06873234226646871 0.3217634743136772 1.0325076900194496 1.352921334242421
66 2112 -0.6342677869832463 -0.5787889225215357 -0.2560852437232809 -0.2039962152522399 0.37529519406281275 1.0880914421327554 1.2942992431701472
67 2144 -0.526239629783627 -0.4937166430687862 -0.3784904033366974 -0.3726046434741753 0.36455697513020446 1.1574697130986158 1.2358649097467425
68 2176 -0.5460883468435973 -0.5348329324775025 -0.3561774006987558 -0.30788097113860163 0.29907326138352297 1.1428708016559035 1.2666497207388536
69 2208 -0.5616998188825457 -0.5376234858050765 -0.3696584117910936 -0.3377463868639019 0.2899201346873354 1.1522886354040802 1.260229033240181
70 2240 -0.5216576576467739 -0.5161221054230364 -0.40234899452126227 -0.3699601764444084 0.26372949810847557 1.1701413937965737 1.2494862425618236
71 2272 -0.5008157050432867 -0.491232716443114 -0.44533272626075515 -0.43961571813347483 0.25350300476692444 1.1967711379401356 1.226162742040229
72 2304 -0.606073377030466 -0.5549714602946011 -0.39470769162257957 -0.3923883521344374 0.24273085132530964 1.1553718142837675 1.2673585540696546
73 2336 -0.5519785683575769 -0.5418413160929835 -0.4191745576964695 -0.3884228904955582 0.17012675327326687 1.177299191742484 1.2589771645836914
74 2368 -0.5579252757204908 -0.5391471180017781 -0.42914060564200507 -0.4112499259074601 0.17183700852456232 1.183494643480847 1.252921574302826
75 2400 -0.6733223368228091 -0.6456187392100995 -0.2829562785422498 -0.1897723892656762 0.15414567232867535 1.089238979660781 1.3378331573443234
76 2432 -0.7826290223432535 -0.6873803469101045 -0.2529524269170166 -0.20339179568580296 0.16450639526793825 1.0779962279779272 1.3456826440068659
77 2464 -0.8840446181333614 -0.7823638345879854 -0.08025893279431626 0.05209525092486418 0.12823110053345135 0.9779968708365623 1.4237552126295705
78 2496 -0.8042628630875491 -0.7104792740628669 -0.2169072190581894 -0.14616678974797914 0.14989549830017396 1.05849856110346 1.3627590160153946
79 2528 -0.8607994360654236 -0.7052715760137245 -0.23749967729803279 -0.23710357111116806 0.15267693147433994 1.0563563507499862 1.3641118043715303
80 2560 -0.8205562597495105 -0.7231454131242014 -0.1893365774557016 -0.10881114552484411 0.1594551824109228 1.0436359323716444 1.3730979882969268
81 2592 -0.601289812931678 -0.5628968945520444 -0.3922446455551123 -0.3737534809357686 0.21170568444300303 1.1600105305190467 1.2686828887706492
82 2624 -0.690348591210132 -0.6532191512187072 -0.2574447825793046 -0.16264943302426182 0.19783835529120042 1.0759480651151165 1.3428312426923605
83 2656 -0.6802916566388051 -0.6379587902417315 -0.3007723148954691 -0.23070968951045515 0.1710657581102788 1.1045901178177886 1.3231089063344104
84 2688 -0.6451484833900433 -0.5839911286581252 -0.3903551801727843 -0.38696721874292217 0.18408923632661822 1.149232787544177 1.2827217754065465
85 2720 -0.775670060126023 -0.6752502356194814 -0.27457885007156557 -0.2414415460621353 0.16852810024079024 1.0875537536938535 1.337469667789008
86 2752 -0.7417007782556359 -0.6578654005854608 -0.28186056296580225 -0.24036099476275785 0.19715701577647032 1.094247843958554 1.328062787341838
87 2784 -0.8224746547937811 -0.6819496911213354 -0.2563688723174853 -0.2550335630553143 0.19817132937751838 1.066880611242203 1.349997735393734
88 2816 -0.8828713845520455 -0.7646512985897469 -0.06679994250845735 0.047597090223007156 0.20996422522998057 0.9816678295601792 1.4114684893862062
89 2848 -0.8765214650345949 -0.7547538413810481 -0.06739043465848328 0.03996307726215821 0.23490773342714458 0.9850714010861612 1.4051521951512123
90 2880 -0.8788047757887611 -0.781629432521266 -0.03271262854959964 0.1197509628401274 0.20303962161458863 0.9479050045644578 1.435357451778567
91 2912 -0.9435301372778063 -0.822280572473812 0.0328876293775327 0.19669413185732004 0.1308933015889503 0.9205899157558219 1.4612943408525993
92 2944 -0.9421739125079872 -0.8531030663532836 0.09768015517196904 0.32553704952568296 0.11770079584231953 0.8447517202144897 1.5074949598100638
93 2976 -0.9329401217167288 -0.7937248933821609 -0.06237219020096814 0.04219681585819485 0.09035277034559606 0.9852726275632033 1.4216449016071409
94 3008 -0.9268189944499006 -0.7968550600692059 -0.06392666446232731 0.05041886635927085 0.0745759520464374 0.9812857713272621 1.4253128296507507
95 3040 -0.94184899075778 -0.8769519109400685 0.1432192608523063 0.4183792382987199 0.08336994390648018 0.7802799257026236 1.5440895990837253
96 3072 -0.9495986583588291 -0.9057221691215624 0.22466241715788376 0.557580790013766 0.08212123659208123 0.679179665706693 1.5912168564313076
97 3104 -0.9253199456263623 -0.8895249034125691 0.18875385645197074 0.5123850675263574 0.09476023360118194 0.7060888539168761 1.578752364527826
98 3136 -0.9165126454204867 -0.8941277136135372 0.21261926624060684 0.5591499943850387 0.09877159427047494 0.6676776093089652 1.595133468457337
99 3168 -0.8859442493326602 -0.8634170306182093 0.14606503427898823 0.46003183719693647 0.1190701032942886 0.7373621531810696 1.5627281803172501
100 3200 -0.8613910556101942 -0.8488558868871101 0.1264694097080546 0.43904267318335854 0.123382454322767 0.7496957376010337 1.5565131130151564
101 3232 -0.8836056264834379 -0.8644494892692145 0.15334064443566903 0.4734478851230735 0.12106893066298621 0.7275758428571313 1.56715529125829
