% # columns="iter, evals, sigma, 0, fitness, xbest" seed=1, Sun Feb 22 03:32:31 2026, <python>{}</python>
1 32 0.14774648322284584 0 54.84079276149869 0.48665288309590576 0.13581706183262376 0.297857459630632
2 64 0.14162673856108268 0 56.08761449662577 0.39928084209288267 0.18541956753393002 0.1658659699702241
3 96 0.19250185694478084 0 51.24579989165613 0.49978868262279974 0.055462814912217516 0.09582290494488585
4 128 0.2086804121485777 0 50.50741492763926 0.49763916230654703 0.09261138547897055 0.15527439545592325
5 160 0.22049593707219572 0 49.0223366716188 0.4983981108229479 0.06333525031361936 0.050201498598084156
6 192 0.26642446602914105 0 49.08238055658133 0.49401053298770436 0.06323096357202124 0.05595029999005679
7 224 0.28481813822315494 0 49.73010439725208 0.4606922113398276 0.06366026353540805 0.060896549313905576
8 256 0.2823848065035425 0 50.11795334926799 0.45523361520467714 0.06020283060826525 0.052183169670896194
9 288 0.26591000414762694 0 50.34406528981581 0.49953722528655753 0.0993814582769639 0.14742589437020184
10 320 0.21157632012174765 0 49.3320628994628 0.49970122040161463 0.05781531465084635 0.0604591666152945
11 352 0.2105566411218449 0 48.9953421579474 0.49359317650800294 0.07055380955225675 0.05103647388982108
12 384 0.2550222773022459 0 49.22594180542389 0.49811387725677087 0.06657091779747046 0.08913106728102102
13 416 0.2333451525991371 0 48.990242199428074 0.4881940105345998 0.07037793734114137 0.058854376997523064
14 448 0.218703584292799 0 49.08701744917904 0.49471461432359076 0.08250951613159575 0.054922278376244846
15 480 0.19680179691764613 0 49.146710564285826 0.4908948346080966 0.08254914680677392 0.0970575310402634
16 512 0.18478854646962886 0 49.017047654686735 0.4972216130009295 0.06335309481729091 0.05061733250483596
17 544 0.1651620656816338 0 48.94476414048415 0.497429593378552 0.06731066292956452 0.05117554745049982
18 576 0.17273388182780194 0 49.077571867105675 0.49582169584518604 0.06473174725626006 0.05273696905684986
19 608 0.15182722218588982 0 48.87253552050556 0.49695680690972777 0.07053576056824315 0.052925336253553154
20 640 0.15003893373646585 0 48.92366962572211 0.49667746267290064 0.07300889206971731 0.05071782236120829
21 672 0.14749540731179148 0 48.967897818556054 0.49895526208097013 0.06616932933350324 0.05324404677277677
22 704 0.1549991040596895 0 48.56779239736385 0.4976276883147143 0.06918242926900982 0.05116355524259563
23 736 0.1522040763767946 0 48.95080028705599 0.4969793976059349 0.07283013416800872 0.061654609244293945
24 768 0.15471526940981564 0 48.791757256600924 0.4997852977667066 0.06941830742847915 0.07059450283806229
25 800 0.14621468161462345 0 48.918380704335405 0.49846563786339715 0.0708545544815655 0.0758215075010202
26 832 0.11614380112783734 0 48.912264172896926 0.49993634451942387 0.07607433367051494 0.07205930176212325
27 864 0.11842625706755566 0 48.7531812167473 0.4998966831556578 0.07878458192284724 0.07335634451873224
28 896 0.09688425402817398 0 48.90034054929254 0.49998749574323914 0.07402999800742872 0.06645815310219202
29 928 0.0966301327297393 0 48.86552611707593 0.49928463918182503 0.07616232222563775 0.06925717787050181
30 960 0.09461213140588363 0 48.77244701918815 0.49979756517648233 0.0729512441143532 0.05740750775140779
31 992 0.07439972990885924 0 48.87791137583338 0.4993449528695098 0.07317892181672127 0.05666167122873238
32 1024 0.08471167931951103 0 48.87938535801792 0.49987577821470336 0.07282174607260353 0.05891185159220356
33 1056 0.09168103640232031 0 48.87265983293294 0.4998699843867923 0.07146889779059458 0.06748509469198002
34 1088 0.07333967265637016 0 48.82833289023899 0.49991769889754295 0.07475907508029385 0.05525891127392806
35 1120 0.09353060149924139 0 48.86777012464509 0.4999518117342986 0.0737193798472316 0.060276109995818686
36 1152 0.08912785188314606 0 48.813373405238366 0.4999554254696459 0.07577926283638219 0.05647780440081824
37 1184 0.10714144508194338 0 48.92150004057094 0.4999768336534969 0.07545059614332762 0.07762109065068279
38 1216 0.11326417396296798 0 47.84682511423636 0.4997471848824465 0.07099378512874567 0.059831432273279334
39 1248 0.09667413666632174 0 48.92001091204584 0.4998803658373309 0.07331622685708718 0.07074550755787137
40 1280 0.10020306622891044 0 48.93461232710245 0.49916628845241523 0.07353834766232885 0.058011703045647754
41 1312 0.09387407080958411 0 48.92128765485197 0.49965026439250987 0.0741612033231388 0.07591544602225118
42 1344 0.08496594361397818 0 48.918229239420434 0.49937063878988425 0.07430895212534147 0.07469196377699239
43 1376 0.0871230933160373 0 48.90214496231748 0.4995823152263698 0.07224142973586886 0.06617009442371238
44 1408 0.08366457742106505 0 48.91058702695393 0.49958460373274355 0.07213108910883524 0.058655826946745995
45 1440 0.0881940207018291 0 48.910020295089254 0.4997960836012603 0.0734688836680513 0.06989501129722746
46 1472 0.09118542074100486 0 48.90381240787546 0.4998224553150167 0.07326768666253633 0.07232232111443238
47 1504 0.0837179061287422 0 48.904404682039264 0.4996549582568933 0.0729742683680905 0.06924640261291305
48 1536 0.0935441342167702 0 48.881327837214414 0.4996128467748452 0.07275046447384341 0.06847418281777526
49 1568 0.09217804472401551 0 48.84572557712828 0.4999848397797216 0.07402795148712868 0.07926665270437631
50 1600 0.08398874199559972 0 48.903670196672934 0.49990597193531017 0.07306570992768543 0.07570690396925933
51 1632 0.08465239367312054 0 48.89485522745297 0.49982530773631273 0.07212094097548966 0.0690584797186311
52 1664 0.082354598284091 0 48.44909406198384 0.4999948286281782 0.07300764805805182 0.06938713410565796
53 1696 0.07762840600690722 0 48.889459036709674 0.49999999375018317 0.07328143424646681 0.07518851469589924
54 1728 0.06727634892122955 0 48.8841194297169 0.49997399959046507 0.07329323363186548 0.0753817046820679
55 1760 0.06158461017954517 0 48.86034791366817 0.499879134437246 0.07411260771033423 0.08236431671181349
56 1792 0.06169597007069322 0 48.68344682885908 0.4998755801454658 0.07419855611102165 0.08102812855102204
57 1824 0.057157333562127405 0 48.88811056969815 0.49997351214400754 0.07362501467860662 0.07832172340618695
58 1856 0.048583221378835174 0 48.86676748264622 0.49989157838092 0.07369900891339771 0.08019032614062879
59 1888 0.05262980001465723 0 48.752318160356616 0.4999745522715112 0.07325300918724953 0.07630191800765138
60 1920 0.04937169803842078 0 48.89616169204916 0.49995330059414156 0.07322456121270482 0.07663769039549838
61 1952 0.03922036476651909 0 48.882438396287846 0.499894096004345 0.07317186177844896 0.0756536326008439
62 1984 0.04060197935148539 0 48.88470942215973 0.49997720801286344 0.07328901298217243 0.07634979786038536
63 2016 0.0374097745173207 0 48.826568624751715 0.4999660778025435 0.07375768093945081 0.07792102277477621
64 2048 0.031191780268429396 0 48.875729172624965 0.4999401179407046 0.07343800148868893 0.07642273031570775
65 2080 0.027673945656538666 0 48.87687094658652 0.49995518464872835 0.07329298492320367 0.07635202934647453
66 2112 0.03420615128156776 0 48.85712242286583 0.49993220675584726 0.07306797641418294 0.07506494279295896
67 2144 0.035645410958885855 0 48.89537255977266 0.4999148620558898 0.07359128109819066 0.07741584034895291
68 2176 0.03358251252891268 0 48.803349742959625 0.4999653292844725 0.07333448853670091 0.07576800863224961
69 2208 0.02955974760497691 0 48.86960762974147 0.4999214220665866 0.07327873598350114 0.07629068965064556
70 2240 0.0292356117930887 0 48.89162500163022 0.499930279615813 0.07337318849821242 0.07605569239822656
71 2272 0.026399385231404664 0 48.75579822215926 0.4999550304354218 0.0733405213821009 0.07633648895799448
72 2304 0.02627311393544756 0 48.82981469568399 0.4999298638081203 0.07329159261890464 0.07637715673565215
73 2336 0.023282696656227106 0 48.876326176270624 0.4999351095211101 0.07332110484455473 0.07600788824158619
74 2368 0.022352954123233192 0 48.87723643081929 0.4999308874908082 0.07335323350769705 0.0763009658840551
75 2400 0.020670061260514263 0 48.87940917546035 0.4999309980827603 0.07330126622054439 0.07630817396770598
76 2432 0.02389419195040151 0 48.83483794500848 0.4999294214156023 0.07322012754281249 0.0762162199030036
77 2464 0.0243653565062607 0 48.8889631191162 0.4999331418776974 0.07332653815257928 0.07615432286996325
78 2496 0.022221646714744483 0 48.86968203844076 0.4999543162337435 0.07339296449884587 0.07623508579582707
79 2528 0.02202262094647312 0 48.85927339781051 0.49994015281887594 0.07334212493234622 0.07618312519301654
80 2560 0.019960463565868617 0 48.88169330948688 0.4999252106625745 0.07333857298941994 0.07618703328655779
81 2592 0.024540118686357755 0 48.860655549304155 0.49993417493076503 0.07335206173541509 0.07633489455452361
82 2624 0.023430506290150033 0 48.87951018221452 0.499920206231612 0.07329770338471947 0.07630244049590744
83 2656 0.02097945087267587 0 48.60911649805983 0.49994079177425454 0.07330289907766468 0.07608221391604526
84 2688 0.022807200237746992 0 48.881631251070345 0.49993594143548 0.07336730093903365 0.0763089791630199
85 2720 0.02173916195222454 0 48.854784687234265 0.499937641172188 0.07332977214590786 0.07606899288733157
86 2752 0.026459890811086895 0 48.87675809823217 0.49994495115744014 0.07336128885615123 0.07621085247377916
87 2784 0.023848954270164414 0 48.74509924329785 0.4999388017760959 0.07332171811646757 0.0761434368429127
88 2816 0.03315945951841095 0 48.88869299957777 0.4999470538613554 0.07343978929579682 0.07661275979997793
89 2848 0.032916406359644365 0 48.88288170155376 0.49993248012556235 0.07337543571671878 0.07662768777574731
90 2880 0.03650477782231946 0 48.823118772233215 0.49991664890037674 0.07329700960353464 0.07673568188810949
91 2912 0.03828358545005341 0 48.88322333312633 0.49993403965868555 0.0734397466351337 0.07693360795941233
92 2944 0.03740397706936275 0 48.882908724072664 0.49993423059035846 0.07339512816777592 0.07664759615363528
93 2976 0.0325849067538134 0 48.86594363048209 0.4999232638866679 0.07333406687051863 0.0766066740584183
94 3008 0.033984697263950626 0 48.8941030781555 0.49994551077931787 0.07338047748496275 0.07626064917658237
95 3040 0.03511184619423035 0 48.80358039730778 0.49994186301934324 0.0733818600131345 0.07638959346304489
96 3072 0.03649644159243508 0 48.820563032855176 0.49995053171648823 0.07338330288769042 0.07609671207564815
97 3104 0.031815328217843615 0 48.857958856806434 0.4999383566275919 0.07336540471354461 0.07633193569726429
98 3136 0.03370235592423601 0 48.85542359075116 0.4999621458114248 0.07350240105977024 0.07637610621714605
99 3168 0.03549409419195922 0 48.820373011586625 0.49995806944903914 0.07349505902641065 0.07646229491150267
100 3200 0.031375096963749884 0 48.84267035337454 0.4999641851236018 0.07349549296362434 0.07616598600454907
101 3232 0.026954729117490694 0 48.8663550421663 0.4999548843909213 0.07342787668084796 0.07616193592945673
