% # columns="iteration, evaluation, min max(neg(.)) min(pos(.)) max correlation, correlation matrix principal axes lengths  (sorted square roots of eigenvalues of correlation matrix)", seed=1, Sun Feb 22 03:32:31 2026
1 32 -0.24753113003289398 -0.21479688184577259 0.08411749272186198 0.15102136939061875 0.8655391255975312 0.9490726923230434 1.1619393472753006
2 64 -0.22638514149447805 -0.18384663961710876 0.06547714381960498 0.1060465697544736 0.8760855900891168 0.9786361004167962 1.1290462443138503
3 96 -0.5486632151370219 -0.4293744602753232 0.13687600324804883 0.20633740289414082 0.6589565253714658 0.9763596386680387 1.269841782920369
4 128 -0.6122934515433915 -0.44176669694091153 0.07522191435527634 0.07702469685152559 0.6087511663760622 1.0085065621591098 1.2697781426366566
5 160 -0.683054332861186 -0.5437877066759323 0.24417313876253918 0.3675601277234427 0.5210668186805343 0.9464256133617037 1.3537975952272443
6 192 -0.754369089548789 -0.6374027684271714 0.36000990090237106 0.5755144695572676 0.41813653541294665 0.8519231626241358 1.4489267623787434
7 224 -0.8207871804113773 -0.688397068080265 0.37479108691161334 0.5967970262444605 0.3295379892900982 0.8517514311422406 1.4717079238632185
8 256 -0.8051074510324382 -0.6769142864803566 0.3203036204303001 0.5245164248484374 0.39127985495472156 0.8586433162491298 1.452457135535266
9 288 -0.7504780082201298 -0.5948706177573353 0.2858279827675166 0.42378679247967266 0.4339298188396145 0.9439345527318342 1.3858904980122964
10 320 -0.7793069041077008 -0.6145808499002617 0.2771697738104183 0.40969392750653927 0.40591468670013336 0.9494338319344818 1.3906144921937709
11 352 -0.7388804772753742 -0.5962969991622915 0.20173448373728586 0.3251614999240623 0.49291541592843896 0.9371556758231836 1.370683636734781
12 384 -0.5240025992224653 -0.45078272127943253 -0.14499240895464746 -0.11628218278941854 0.6148685755076801 1.0412594159765736 1.2400465569861807
13 416 -0.4797668047879389 -0.42366438177725474 -0.12520832261952186 -0.08182539257762844 0.6479182276332626 1.0331425210147671 1.2299668701114772
14 448 -0.5435401576309814 -0.4465616157755741 -0.10251875957157887 -0.08481634935898782 0.6383504101528644 1.0218437823783881 1.2443247318414512
15 480 -0.6993871345861612 -0.5646771740398372 -0.019941615476426245 0.026926943498386677 0.536520441114025 0.9941176100712673 1.312964582010118
16 512 -0.7863116802885285 -0.6447829708968905 -0.1057804352282766 -0.06764163273037661 0.4046284260283277 1.017326744021236 1.3421334258370101
17 544 -0.7665173877691851 -0.6552380520142452 -0.10909921047042637 -0.03833226571075995 0.3932246674710851 1.013563156494726 1.3483560689553418
18 576 -0.7156252385363521 -0.6221486858962835 -0.10780211378462315 -0.02982980905413824 0.4416715584093853 1.011526321661115 1.3348186150481118
19 608 -0.5591511188377345 -0.48918003954571365 -0.23304907203337868 -0.21764316215462115 0.5206940165244159 1.0796010398834543 1.2503356892603825
20 640 -0.4061314996591771 -0.40417222399878044 -0.322437143412246 -0.2971513922104645 0.5133363322337663 1.138871070138329 1.1997743519557176
21 672 -0.5128305350366227 -0.4778124807644733 -0.250087384724471 -0.20919707364995294 0.5061625471101409 1.0938281531306349 1.243920997218794
22 704 -0.45840794467560214 -0.4545527843410387 -0.251515242721727 -0.18769122251651987 0.5117080776759766 1.0897515249826735 1.2452294796699503
23 736 -0.5941004445766022 -0.5751791648977412 -0.09768156748544805 0.042563018639788786 0.48197043899529507 0.9786886176685243 1.3453152365080663
24 768 -0.6520212238124868 -0.6099894283864444 -0.04088975618253872 0.10677833912605414 0.48667379366572855 0.9476036550414101 1.36572176211378
25 800 -0.6770754699534555 -0.6305399002743312 -0.00250065406368144 0.1603101916607442 0.48430213932067684 0.9209821717645488 1.3846455420580646
26 832 -0.6703737485024307 -0.6120418596403021 0.06349215325764507 0.23033826869483223 0.5391080024922311 0.890213785980077 1.384515069220936
27 864 -0.7071760888187554 -0.6405638125604546 0.14162126756520307 0.33573735134878824 0.5309835974661663 0.8430189824448056 1.4168187655658764
28 896 -0.7267364086451272 -0.6679599575041105 0.18110823990953767 0.405354521239737 0.5149422516587616 0.7999842658251233 1.447362999350489
29 928 -0.7894232010889785 -0.7271179532039269 0.24983159307975444 0.5131761939559301 0.45797923771149773 0.7433198585378809 1.495904611172925
30 960 -0.7174913838118273 -0.6440833561809729 0.2885129942664305 0.5259704167847106 0.519659258448222 0.7803976062814438 1.4563426215074657
31 992 -0.7549162237453276 -0.6556162334861639 0.17929483044083466 0.35829852815733726 0.4950590737989792 0.8636792123466616 1.4173830574723074
32 1024 -0.669716597451032 -0.5113789756317649 0.013524692795058836 0.03015496045139978 0.574677762371069 0.9983693026735896 1.2934466378305804
33 1056 -0.5159472214292486 -0.41884739815422384 0.03253127750011123 0.08589101277653143 0.6944798696573534 0.9801989555785784 1.2477610821480891
34 1088 -0.3612628485488311 -0.326584958818534 0.2803607312958057 0.4479980716036218 0.7208279850601611 0.8857303704408324 1.3022629253852134
35 1120 -0.3362084823776516 -0.2460799044831905 0.0651376689637923 0.0787482822183255 0.8053493687565877 1.0053611461367729 1.1578693190865368
36 1152 -0.10129663727956031 -0.08485373479973532 0.052517858972199676 0.08186548774968634 0.9410999236768387 0.9825465395686646 1.0718830305761406
37 1184 -0.3242735028846533 -0.2875083817039601 0.22887514938753584 0.3642378719040079 0.7692318550155693 0.9079627524720209 1.2585253248754027
38 1216 -0.3038623434858087 -0.2541452248131436 0.30119572556054086 0.43659225701243726 0.7165688171268129 0.9497565638218003 1.2587659034939287
39 1248 -0.23075263828155668 -0.20424213911516798 0.24190922618944352 0.36411584879125863 0.7855199986020363 0.9429614170315894 1.2222037873390974
40 1280 -0.3464824148084636 -0.3155199175774862 0.10854721949713164 0.2189404346243602 0.808383865342539 0.9034338707599905 1.2370621518005782
41 1312 -0.3190755646781944 -0.2486166462384779 0.17890089872183249 0.2509478286022194 0.7820817539625742 0.981746508753411 1.1935333772749352
42 1344 -0.3303382380282349 -0.2670717334239 0.09840755384136249 0.15696747832544836 0.8118362227336197 0.9701527026658896 1.183100029992257
43 1376 -0.19285194946125572 -0.16013120140542722 0.18375863834404524 0.26566783687137424 0.8361584740391472 0.9702032332200264 1.1659951511657032
44 1408 -0.19778826389535825 -0.1697811115624851 0.28809018578567946 0.4127067992355279 0.755539873344226 0.9664889315132827 1.2227259075726264
45 1440 -0.0936098482092618 -0.09007315052369372 0.26985071458119886 0.38628863859726165 0.7832233638233101 0.9822194221846966 1.1923951396430883
46 1472 -0.15236577236844556 -0.08429878338812738 0.16959129245703344 0.18615432875843552 0.832333467400623 1.0561454638653027 1.091685741503296
47 1504 -0.32330127003231024 -0.2636707119684344 0.17577289388363768 0.2626235377704525 0.7889485004602717 0.9576933496914889 1.2084633679090917
48 1536 -0.5866821952307061 -0.4897812596622545 0.25112749013542257 0.4011961378328633 0.6089743363206999 0.9036954485791429 1.3462855543754844
49 1568 -0.6530631138847467 -0.5758850937700033 0.1883129348463703 0.36586759093708476 0.5885866654948854 0.8532163860642038 1.3876554095859501
50 1600 -0.6105805091444839 -0.5576410912641656 0.21970769042165228 0.4258845331032734 0.6231543648107164 0.8050410249397538 1.4012806948578516
51 1632 -0.6635334997353293 -0.5870547286343033 0.16702772944071326 0.34190977769802605 0.5798354650390338 0.8581417068294332 1.3883024326431308
52 1664 -0.7055995046588033 -0.5452419628659445 0.15775052615657326 0.23172381403788708 0.5236497394064911 0.9808873774431287 1.3280251892160235
53 1696 -0.7432118113575715 -0.6354902360435057 0.2809046868607455 0.47864808584809665 0.48179522320570173 0.8503138236479423 1.4299789383796477
54 1728 -0.7382659435876567 -0.6073542885961618 0.20360179347639293 0.3430088325090829 0.49898677906645816 0.9170391715201587 1.382046074562821
55 1760 -0.7320760768036251 -0.5960796548415201 0.23920424332516343 0.3816357874186196 0.48908167916917117 0.921175985716846 1.382835461810139
56 1792 -0.7537424832602971 -0.6179659213583244 0.26275429701365616 0.420551141235677 0.46127212926869443 0.9076948890426421 1.4011845028995253
57 1824 -0.820336033760909 -0.6463557024112222 0.1875172971512773 0.29149463232242356 0.4023737202002251 0.9604493328465559 1.3840637515399492
58 1856 -0.8041013326169687 -0.6110835926832391 0.2388636153176746 0.3291616113842496 0.37680806639686526 0.9887141384445569 1.3712986667892935
59 1888 -0.8551500890138775 -0.6321184995786787 0.05541103524177669 0.061555957413396374 0.3731077686165555 1.0026396294624185 1.3621689933445993
60 1920 -0.8911848258932967 -0.6953955585891287 0.10221759908420007 0.1722993843378084 0.32625958992372334 0.979908448261497 1.3904438546768252
61 1952 -0.8819790252494543 -0.6723646004892829 0.04659507217443166 0.07663387163549855 0.3426323715982463 0.9962485749256532 1.3748061081081824
62 1984 -0.873499827009812 -0.6657728528168825 0.016210997885359915 0.03581197392651124 0.3556315625104507 0.9982593205973819 1.370038145668517
63 2016 -0.8467760992842103 -0.6336558490835343 0.027591545627014973 0.034887093663188776 0.39019456281263687 1.0002346050221798 1.359146400527765
64 2048 -0.87460954344586 -0.6639240001127097 0.03343347513383801 0.05520042354953694 0.353664463331178 0.9979972897263383 1.3707380701926801
65 2080 -0.8801310947197598 -0.6783034402228086 0.047204733981983805 0.08721313755329671 0.34604950526749306 0.9928752206546022 1.3763896745159778
66 2112 -0.9186272280656809 -0.7392893619005928 0.11862848585484043 0.22526323560823014 0.28467854740179876 0.9540149585106914 1.4173262093064696
67 2144 -0.9213928188089631 -0.6965317798643665 0.06946947355352481 0.09994218574822536 0.2744150559392843 0.9976454304912805 1.389028427388621
68 2176 -0.7944406735528372 -0.573028405111747 0.09469411863208456 0.09585602477227162 0.4290854186095539 1.010658817014912 1.3395724911801834
69 2208 -0.7110998624122252 -0.5242276423788778 0.23471497475375894 0.300823627097957 0.4629443021346999 1.0129591932155912 1.32649773690008
70 2240 -0.7758518359643948 -0.5744926264070044 0.13908768135561286 0.17558857438576156 0.444624611571542 1.0063420749064755 1.337753558417164
71 2272 -0.7342661781872689 -0.5823710501961374 0.1744679026754804 0.2748524256415549 0.49995660930599645 0.9581532596629079 1.353508670016042
72 2304 -0.7079996077613173 -0.5959576831256164 0.35110685362872185 0.5547531079111336 0.46342435069571364 0.865522882327249 1.4269225666973617
73 2336 -0.6472475810249303 -0.5195639621116044 0.3540436605004397 0.5175625824577952 0.48427693613925155 0.9311357807435495 1.3778468735467964
74 2368 -0.6088190358108169 -0.4346483667461286 0.41765089571245423 0.527579980800627 0.38684389020549487 1.0425683263803258 1.3279318843371473
75 2400 -0.5046849012585656 -0.33983516652580137 0.46959760686756735 0.5745587965992595 0.39305666141446194 1.0739222341647332 1.3008449161542452
76 2432 -0.49017253825823837 -0.3081484016694996 0.4271807950457755 0.49026639069546174 0.42146224904423013 1.112620331646336 1.2587476197545626
77 2464 -0.5618402505630902 -0.41042177726577306 0.4951473580930036 0.645585263248612 0.3495247154312051 1.0214752810554022 1.3544078866779836
78 2496 -0.507678569126118 -0.3763973714281833 0.4763533311270161 0.629322367614148 0.4276118690270237 1.0084894658053916 1.3416769681360605
79 2528 -0.609060869246413 -0.4863371960198294 0.48793146077850535 0.6899640064846999 0.36918457320113024 0.9395625116498384 1.4074533873676056
80 2560 -0.642016688967397 -0.5134171783100164 0.4462489502494375 0.6375381491118749 0.3959452608994468 0.934015315708814 1.4038670664961952
81 2592 -0.6182535381299614 -0.43464221007310583 0.43566410606396544 0.5421548833861336 0.3434649610391693 1.056009394892882 1.329238871849726
82 2624 -0.5765540534712675 -0.3456065041983028 0.3636042725733694 0.36906031555762875 0.3590147644036378 1.1374899015787194 1.2558762370339824
83 2656 -0.6952109132871369 -0.4746581267300257 0.37486895754664695 0.4374918657484267 0.29434483295601793 1.0801977094780242 1.3215649918753618
84 2688 -0.6807482470867968 -0.46304183554295686 0.3994814848061617 0.46928284671202786 0.27801206185749516 1.0845950777356506 1.3215002121881565
85 2720 -0.7171449810151074 -0.5124835027349114 0.4118177393308473 0.515256675072571 0.2588450720825517 1.0469303723363235 1.3553361295775692
86 2752 -0.6207916125587472 -0.45807660077708134 0.528648902222022 0.6948423914400572 0.23058383293206816 1.0148291128547244 1.3845407064051418
87 2784 -0.7580301142616481 -0.5942540134805632 0.4823406247723936 0.6774294034089607 0.18209624266493207 0.9474886091401828 1.4384388391436447
88 2816 -0.7505306466537013 -0.6232829404225025 0.5281851341668835 0.7847601194654801 0.1673710669325608 0.8710490767608146 1.4877030724670792
89 2848 -0.5817414287973671 -0.4401969695088811 0.5887532888334861 0.7901922489924558 0.16172196366199615 0.9925417437087326 1.4102151940271157
90 2880 -0.36527416796411927 -0.2202921065074941 0.660896842874172 0.8096444312114357 0.13417566428647598 1.0754777563050084 1.3510531028817587
91 2912 -0.339139906699014 -0.16074997614224645 0.6378732364921496 0.7256910434801807 0.12488452635530514 1.1214207359836543 1.314085000288372
92 2944 -0.2546518313092209 -0.07678413386092542 0.6562262280868942 0.7226953179545387 0.12933979739549195 1.107129348158233 1.325720869284488
93 2976 -0.3623663796442375 -0.1532726065537276 0.5838468758422874 0.6204595968837826 0.14453173283857346 1.1581581883580228 1.2797578634030509
94 3008 -0.26323796986300174 -0.0489936057833226 0.5981498023342353 0.5996199076270754 0.1197477231261006 1.1239315360395694 1.31241700122402
95 3040 -0.01763438623987477 0.1593863591570881 0.6945263792700941 0.6958856405774666 0.10416112876640166 1.0087783916307684 1.404107052839259
96 3072 -0.012929836303207754 0.14755405379835596 0.7248370943803666 0.7567808844728063 0.09780136277087517 1.0063358126768533 1.4063154431222666
97 3104 -0.052204609200037756 0.1268653313114465 0.6902257489566851 0.6989426143269469 0.09727057145357408 1.0257367729725755 1.3922652435871918
98 3136 -0.25829492465373916 -0.0755333637516155 0.6558700600137317 0.7169096403667237 0.0978446572272869 1.1106585534149789 1.325467465001771
99 3168 -0.15516462977634732 -0.013628580450609482 0.72189651013244 0.825535491001052 0.09821032895710109 1.0594817490097912 1.3666942433482672
100 3200 -0.13644161204201566 -0.0019874939305735834 0.7331552225484413 0.8437486765966709 0.08746890439968967 1.0511626453481304 1.3738290591583215
101 3232 -0.28648887871608264 -0.12123112689964634 0.6711925090200741 0.7700759691768779 0.09473056604710368 1.10219963259248 1.332734815996565
