% # columns="iteration, evaluation, sigma, max axis length,  min axis length, all principal axes lengths  (sorted square roots of eigenvalues of C)", seed=1, Sun Feb 22 03:32:31 2026
1 32 0.14774648322284584 1.0000333338888951 1.0 1.0 1.0000166668055563 1.0000333338888951
2 64 0.14162673856108268 1.127889310573467 0.7571912616867589 0.7571912616867589 0.9330820196572791 1.127889310573467
3 96 0.19250185694478084 0.9204678096752954 0.6136745556452124 0.6136745556452124 0.7888118333239869 0.9204678096752954
4 128 0.2086804121485777 1.0424234166648603 0.490006255677262 0.490006255677262 0.8476897761186841 1.0424234166648603
5 160 0.22049593707219572 0.954995958125283 0.3615287604552521 0.3615287604552521 0.7297643575077398 0.954995958125283
6 192 0.26642446602914105 0.918654952726187 0.32290558681565223 0.32290558681565223 0.6945577851142861 0.918654952726187
7 224 0.28481813822315494 1.027505951590758 0.2686431975097292 0.2686431975097292 0.6678436782002045 1.027505951590758
8 256 0.2823848065035425 1.0317917913607555 0.22031125475648008 0.22031125475648008 0.6407463030371727 1.0317917913607555
9 288 0.26591000414762694 0.8551372522782694 0.22246664893563825 0.22246664893563825 0.540500283929454 0.8551372522782694
10 320 0.21157632012174765 0.66445623596853 0.20193296926083207 0.20193296926083207 0.49446741350505 0.66445623596853
11 352 0.2105566411218449 0.5701647337594268 0.16455647473003127 0.16455647473003127 0.40271372476022976 0.5701647337594268
12 384 0.2550222773022459 0.5179011771113815 0.18258235242731505 0.18258235242731505 0.3419338459660916 0.5179011771113815
13 416 0.2333451525991371 0.42636622767995586 0.205316923781255 0.205316923781255 0.33800131148985424 0.42636622767995586
14 448 0.218703584292799 0.37210366358916924 0.1950747149624098 0.1950747149624098 0.31701670708362084 0.37210366358916924
15 480 0.19680179691764613 0.32811877440349135 0.1690977773863627 0.1690977773863627 0.3007730412436655 0.32811877440349135
16 512 0.18478854646962886 0.3462630561022652 0.13991571299551742 0.13991571299551742 0.29774779249958977 0.3462630561022652
17 544 0.1651620656816338 0.35159484037682615 0.10562517935049293 0.10562517935049293 0.3199778001339418 0.35159484037682615
18 576 0.17273388182780194 0.3235460721490043 0.09142425118359135 0.09142425118359135 0.2696486611376066 0.3235460721490043
19 608 0.15182722218588982 0.31902454976699945 0.09397963643394372 0.09397963643394372 0.2564159683108194 0.31902454976699945
20 640 0.15003893373646585 0.3298509169237109 0.0947867251064622 0.0947867251064622 0.2138750945566469 0.3298509169237109
21 672 0.14749540731179148 0.3220438149944003 0.08613527179066797 0.08613527179066797 0.17711746784642307 0.3220438149944003
22 704 0.1549991040596895 0.298007869960091 0.07926521936257785 0.07926521936257785 0.14586674366194932 0.298007869960091
23 736 0.1522040763767946 0.2732298902549317 0.0672607716599278 0.0672607716599278 0.14483637876838137 0.2732298902549317
24 768 0.15471526940981564 0.2772863757625737 0.0632077563439677 0.0632077563439677 0.12436685419201018 0.2772863757625737
25 800 0.14621468161462345 0.2839607638222727 0.05961955320111045 0.05961955320111045 0.1229957636776863 0.2839607638222727
26 832 0.11614380112783734 0.28070662649495925 0.056241900736574646 0.056241900736574646 0.12714339958662063 0.28070662649495925
27 864 0.11842625706755566 0.2535257902674582 0.05028844870755335 0.05028844870755335 0.10579950332115975 0.2535257902674582
28 896 0.09688425402817398 0.25751314353006205 0.04609134154343101 0.04609134154343101 0.09358518217009233 0.25751314353006205
29 928 0.0966301327297393 0.2434099632274495 0.03608154169245363 0.03608154169245363 0.0902293603246527 0.2434099632274495
30 960 0.09461213140588363 0.24798474334697804 0.03058814145904685 0.03058814145904685 0.08955975433104205 0.24798474334697804
31 992 0.07439972990885924 0.21469389624157975 0.027434337006668426 0.027434337006668426 0.09788948239669172 0.21469389624157975
32 1024 0.08471167931951103 0.19132448945374467 0.02100446474961252 0.02100446474961252 0.07700863883873925 0.19132448945374467
33 1056 0.09168103640232031 0.14834255472982974 0.024275060815079807 0.024275060815079807 0.06687581142424154 0.14834255472982974
34 1088 0.07333967265637016 0.14537881754470933 0.027850897652922646 0.027850897652922646 0.06580828855074944 0.14537881754470933
35 1120 0.09353060149924139 0.14216230029868812 0.027178986156105003 0.027178986156105003 0.059988886478040356 0.14216230029868812
36 1152 0.08912785188314606 0.1293014040426648 0.03510486774697085 0.03510486774697085 0.06625983499771204 0.1293014040426648
37 1184 0.10714144508194338 0.12956088612633335 0.03873817585023838 0.03873817585023838 0.0637833928496506 0.12956088612633335
38 1216 0.11326417396296798 0.14794874585887324 0.03695725545675488 0.03695725545675488 0.06690391341029339 0.14794874585887324
39 1248 0.09667413666632174 0.14795248247766676 0.030291915462094084 0.030291915462094084 0.06494253316236229 0.14795248247766676
40 1280 0.10020306622891044 0.1751210129832103 0.027342849097344697 0.027342849097344697 0.05364270230909673 0.1751210129832103
41 1312 0.09387407080958411 0.16984840257578987 0.025034221208424755 0.025034221208424755 0.05496508896384799 0.16984840257578987
42 1344 0.08496594361397818 0.15443099783043515 0.025693127696605898 0.025693127696605898 0.0528256982578707 0.15443099783043515
43 1376 0.0871230933160373 0.14096542489992045 0.024378559217055378 0.024378559217055378 0.05293543950010664 0.14096542489992045
44 1408 0.08366457742106505 0.14423527408326628 0.030110498322192706 0.030110498322192706 0.05060058281648525 0.14423527408326628
45 1440 0.0881940207018291 0.16645962442063433 0.02664962834429265 0.02664962834429265 0.04996863107055573 0.16645962442063433
46 1472 0.09118542074100486 0.17838092467617017 0.022691216972866787 0.022691216972866787 0.04413295680212645 0.17838092467617017
47 1504 0.0837179061287422 0.146003862972367 0.020478839773579567 0.020478839773579567 0.04757951492349404 0.146003862972367
48 1536 0.0935441342167702 0.13288208441121144 0.01833449662233218 0.01833449662233218 0.04540374672607069 0.13288208441121144
49 1568 0.09217804472401551 0.12308295044021295 0.017033593256758288 0.017033593256758288 0.043080933119463156 0.12308295044021295
50 1600 0.08398874199559972 0.1086590483165919 0.014176568651373296 0.014176568651373296 0.046214515678833085 0.1086590483165919
51 1632 0.08465239367312054 0.1059421971101347 0.013182623134941403 0.013182623134941403 0.044478795318185896 0.1059421971101347
52 1664 0.082354598284091 0.10507333091514644 0.011652422126465426 0.011652422126465426 0.04227219817276517 0.10507333091514644
53 1696 0.07762840600690722 0.09652942923083857 0.010125102081651963 0.010125102081651963 0.04786486027419668 0.09652942923083857
54 1728 0.06727634892122955 0.08999474032637989 0.008581551620139048 0.008581551620139048 0.04699429321485619 0.08999474032637989
55 1760 0.06158461017954517 0.08423221283121868 0.007657319963086749 0.007657319963086749 0.04527412779871579 0.08423221283121868
56 1792 0.06169597007069322 0.08242385841845229 0.007882401367380346 0.007882401367380346 0.03716178462382985 0.08242385841845229
57 1824 0.057157333562127405 0.07651809483771958 0.007480665795694163 0.007480665795694163 0.03755351513171533 0.07651809483771958
58 1856 0.048583221378835174 0.0726183945781863 0.006239653718579561 0.006239653718579561 0.03423968158655898 0.0726183945781863
59 1888 0.05262980001465723 0.06911746076805624 0.005513917062873541 0.005513917062873541 0.034647395856185634 0.06911746076805624
60 1920 0.04937169803842078 0.06807408135537117 0.005319320629581887 0.005319320629581887 0.03232880625860917 0.06807408135537117
61 1952 0.03922036476651909 0.06302456856049206 0.004506253962191244 0.004506253962191244 0.027946421209474392 0.06302456856049206
62 1984 0.04060197935148539 0.054634981915170085 0.004346730985023383 0.004346730985023383 0.026491287960229554 0.054634981915170085
63 2016 0.0374097745173207 0.047772877372998276 0.0045063694289062695 0.0045063694289062695 0.023085524357568214 0.047772877372998276
64 2048 0.031191780268429396 0.041200844012757996 0.004679972695605882 0.004679972695605882 0.023754388459682148 0.041200844012757996
65 2080 0.027673945656538666 0.03677654827425546 0.00406274446728976 0.00406274446728976 0.021289276541682025 0.03677654827425546
66 2112 0.03420615128156776 0.02950018231308982 0.0034606853171549237 0.0034606853171549237 0.01986437461365161 0.02950018231308982
67 2144 0.035645410958885855 0.038613149581327 0.0035394728497992046 0.0035394728497992046 0.01768009141670865 0.038613149581327
68 2176 0.03358251252891268 0.04056324798760964 0.0037415420928968075 0.0037415420928968075 0.020486963966930196 0.04056324798760964
69 2208 0.02955974760497691 0.03233621144658359 0.004791609035436686 0.004791609035436686 0.019856215938298158 0.03233621144658359
70 2240 0.0292356117930887 0.02829355399139902 0.004324866735799777 0.004324866735799777 0.01882329416078201 0.02829355399139902
71 2272 0.026399385231404664 0.025765930875205866 0.004088900329562643 0.004088900329562643 0.01704218614507741 0.025765930875205866
72 2304 0.02627311393544756 0.021915392536900558 0.0038297329247710685 0.0038297329247710685 0.014715615464056267 0.021915392536900558
73 2336 0.023282696656227106 0.020379540495363675 0.0036799315098870067 0.0036799315098870067 0.013029187290611461 0.020379540495363675
74 2368 0.022352954123233192 0.0165682963275895 0.003335205045662228 0.003335205045662228 0.013260890476318031 0.0165682963275895
75 2400 0.020670061260514263 0.015967104686939654 0.0026232625820399036 0.0026232625820399036 0.013707876006037142 0.015967104686939654
76 2432 0.02389419195040151 0.01407081061799591 0.0025231248550460442 0.0025231248550460442 0.012694452357283139 0.01407081061799591
77 2464 0.0243653565062607 0.013834671158927957 0.0032303705645474663 0.0032303705645474663 0.011868741183551986 0.013834671158927957
78 2496 0.022221646714744483 0.014771336310490456 0.0028223090087295425 0.0028223090087295425 0.012829281882276476 0.014771336310490456
79 2528 0.02202262094647312 0.014910354555873492 0.0028459817897270646 0.0028459817897270646 0.010197029203428503 0.014910354555873492
80 2560 0.019960463565868617 0.013663438684149116 0.0024086056882747842 0.0024086056882747842 0.009552877969679288 0.013663438684149116
81 2592 0.024540118686357755 0.01285839180779949 0.0022396261904577327 0.0022396261904577327 0.009390009581669224 0.01285839180779949
82 2624 0.023430506290150033 0.011633101134715742 0.0017081491041283843 0.0017081491041283843 0.01084950240713123 0.011633101134715742
83 2656 0.02097945087267587 0.012680413743930455 0.0016534845825965311 0.0016534845825965311 0.009194525561791688 0.012680413743930455
84 2688 0.022807200237746992 0.010920253485979511 0.0013108633242801097 0.0013108633242801097 0.009424742371077972 0.010920253485979511
85 2720 0.02173916195222454 0.011412796908056222 0.001201369620075741 0.001201369620075741 0.009282642449177378 0.011412796908056222
86 2752 0.026459890811086895 0.010542124506574088 0.0010183705041511672 0.0010183705041511672 0.009182110752125213 0.010542124506574088
87 2784 0.023848954270164414 0.01206439873747906 0.0010092234156477437 0.0010092234156477437 0.010460483370710285 0.01206439873747906
88 2816 0.03315945951841095 0.012285332698207462 0.0008077529734421858 0.0008077529734421858 0.010042260009206756 0.012285332698207462
89 2848 0.032916406359644365 0.013859742498148798 0.0007890887551703704 0.0007890887551703704 0.01043115423861724 0.013859742498148798
90 2880 0.03650477782231946 0.011971523624023938 0.0007027699386984666 0.0007027699386984666 0.01088388648269585 0.011971523624023938
91 2912 0.03828358545005341 0.013639951431724018 0.0006280882578860765 0.0006280882578860765 0.01114081923041038 0.013639951431724018
92 2944 0.03740397706936275 0.01554225499812095 0.0006004917420044647 0.0006004917420044647 0.010896137916222674 0.01554225499812095
93 2976 0.0325849067538134 0.015122576234041382 0.0005511959563232657 0.0005511959563232657 0.009560378262714758 0.015122576234041382
94 3008 0.033984697263950626 0.01436491734278971 0.0005455535836346596 0.0005455535836346596 0.008662187822456039 0.01436491734278971
95 3040 0.03511184619423035 0.016032043365133645 0.0004874485911714518 0.0004874485911714518 0.008249608449133477 0.016032043365133645
96 3072 0.03649644159243508 0.015463200229956084 0.0003994484909432124 0.0003994484909432124 0.006793330534473406 0.015463200229956084
97 3104 0.031815328217843615 0.015373354154452921 0.0003634165834473016 0.0003634165834473016 0.005945551218537837 0.015373354154452921
98 3136 0.03370235592423601 0.013662048018295937 0.00032214325590698397 0.00032214325590698397 0.005961238912171498 0.013662048018295937
99 3168 0.03549409419195922 0.01186991113775776 0.00032159998949016574 0.00032159998949016574 0.007344930351254238 0.01186991113775776
100 3200 0.031375096963749884 0.010271401076708615 0.00030421513395298714 0.00030421513395298714 0.006430291982946633 0.010271401076708615
101 3232 0.026954729117490694 0.009918778125435613 0.0002601891661811266 0.0002601891661811266 0.006079949170496983 0.009918778125435613
