% # columns="iteration, evaluation, min max(neg(.)) min(pos(.)) max correlation, correlation matrix principal axes lengths  (sorted square roots of eigenvalues of correlation matrix)", seed=1, Sun Feb 22 03:32:31 2026
1 32 -0.12695029233362976 -0.074536600630566 0.19631701864708054 0.23418786670323227 0.8328543520738563 1.0330004417995637 1.1132222219635857
2 64 -0.09595577472279287 -0.06364926395943267 0.17483503060088504 0.22202328469096405 0.8629781097052731 1.0119358602869657 1.1096191224175942
3 96 -0.20038714976970295 -0.16303451502315866 0.39754390615876667 0.5470507451395309 0.6574621876200708 0.9834731688918036 1.2651181754760084
4 128 -0.15185857686858215 -0.15099211519079844 0.4286717250588215 0.6210265434642445 0.6155998581307159 0.9666262836262322 1.298718769585002
5 160 -0.38852313175546155 -0.33742740427473183 0.47159468595374343 0.6901729885491721 0.5248882617595821 0.9192460821905427 1.3709409006388065
6 192 -0.5714212813520078 -0.49732322582021027 0.4955138290511696 0.7523614584764988 0.417462197398469 0.8584637844159695 1.4452561172987481
7 224 -0.6546738429241561 -0.5993368778369795 0.5238082820026281 0.8428530368619873 0.3350495971063591 0.7655962309248985 1.5171038786689774
8 256 -0.5097777513543233 -0.4466698520215841 0.5360381978230114 0.8004996484384707 0.3897672400236187 0.8776275189919381 1.441475437360077
9 288 -0.49994173864464053 -0.45430386341535056 0.5019240463663256 0.7750288077309277 0.44362586251270747 0.8472630560171406 1.4440711229085472
10 320 -0.5077504539774061 -0.4677886588857089 0.5175869062656426 0.8060836328910626 0.4156136259356368 0.8341218931530809 1.4599678014597968
11 352 -0.30205784731800495 -0.2546769213848281 0.5222799550790473 0.7338846546338289 0.4904375107491053 0.9599976126648627 1.3556827179425077
12 384 0.2864774696803175 0.30116908963781475 0.513867787248582 0.5700757331613404 0.6523862861762542 0.8713075349643019 1.3472992663560632
13 416 0.24087638543025808 0.26488535306560146 0.47390667561887323 0.5195714821679538 0.6841575052824762 0.8872078084820341 1.3209053003656868
14 448 0.20431051728317104 0.2135321120128728 0.4845329636158943 0.5656449860871997 0.6579787975919602 0.9277933503332427 1.3062401773781325
15 480 0.12099392452585617 0.14033191270738193 0.5779271804292168 0.7044542814883026 0.5395361835669897 0.9685657459604716 1.3307069934339428
16 512 0.3995332629694531 0.41052664921084003 0.728315491997504 0.8232517200183384 0.41852272877205177 0.82986718711129 1.4615605280853716
17 544 0.4681267065780818 0.4877454174669729 0.7539603432051354 0.8230799408956317 0.41348391252031375 0.7680825075574782 1.4963556781965677
18 576 0.4179723112893988 0.44348486016188804 0.7094960389421965 0.7726538829964767 0.46576588330319013 0.7927749061078877 1.4678453904265358
19 608 0.4695450553872582 0.47603617582535174 0.6199837173383107 0.6614751107378701 0.5808963280966664 0.7572618041624662 1.4453767730112508
20 640 0.5474939125844063 0.5593179547887037 0.5978325881344727 0.5988467570454316 0.6215738015882047 0.6727449767817346 1.4700544906207151
21 672 0.502573797765671 0.5198857139622715 0.6312841023522158 0.6511049822855968 0.5814723729481652 0.7137276843091378 1.4671341697843268
22 704 0.49042294479091886 0.5193230563586677 0.6127447170330963 0.6149851590234903 0.5895116540923925 0.7139508930928534 1.4638135577802138
23 736 0.38587584153043397 0.44280740013340225 0.655565107419533 0.6695527845786082 0.5124757744583271 0.7851145754181819 1.4563528707216764
24 768 0.31458032943221953 0.37331785769302783 0.6548539079550675 0.6899617297816056 0.503327169000808 0.8342277793826104 1.432035534842621
25 800 0.2684162916305725 0.33291784625491605 0.6534859368244875 0.6958404123900012 0.4924790945123295 0.862480036734561 1.419011109083599
26 832 0.09386508076357876 0.16825395310325272 0.5860324124587523 0.6509030265709115 0.5285431575478456 0.9577966926370193 1.342858006709175
27 864 -0.03791879225266842 0.04787554111821214 0.5723367986825204 0.6613628844997426 0.5065744161321382 1.014309205905899 1.3094117747045535
28 896 -0.08035960250000626 0.018177757447886043 0.57538479465202 0.6625831137721723 0.48321142836750924 1.0304696798919615 1.3056182268635768
29 928 -0.1678902250450666 -0.061816256090906546 0.5959665300914024 0.7091534898646787 0.42502127320761507 1.050806680521635 1.3096420264683324
30 960 -0.351648156731282 -0.24412205724645625 0.5011196486582641 0.6420074511416786 0.4827771458237524 1.0324188678000465 1.3042382868482056
31 992 -0.1441035368971772 -0.07246037618766482 0.5747819520673697 0.7188862341095356 0.477419646161688 1.02624671132232 1.3110637547270427
32 1024 -0.007815352517236387 -0.00041516897682905996 0.507471554111914 0.6693669449344211 0.5744380916640853 1.00025402452685 1.2920962678001837
33 1056 -0.0236375351262371 0.006652958886510504 0.4076604048226782 0.5110390594553198 0.689138331035236 1.004335223618724 1.231421584712846
34 1088 -0.4043638265039269 -0.2850680285133513 0.24327057740717728 0.3000876480567779 0.6782380650716465 1.0342000289111444 1.2126101711960269
35 1120 -0.09231996250471336 -0.08276209261509195 0.24093492182849632 0.33927605675340433 0.8114681857821977 0.9864444501517058 1.1698062789317927
36 1152 -0.07872127750206392 -0.052174628313855685 0.08095288980383569 0.09878207998819125 0.9270756959104174 1.0132637786288063 1.0553801063934682
37 1184 -0.32951160207181557 -0.23036253779171803 0.22929750305819832 0.28336845239473957 0.7286101030228691 1.0326138054656537 1.184413798693153
38 1216 -0.4271344186642832 -0.32842146902501373 0.20822525014296428 0.28839454022635413 0.706558782442831 0.9849230265843297 1.2372151464708425
39 1248 -0.3473512342271508 -0.24928822458448435 0.1616528990388386 0.20057026393727975 0.7605333783139616 1.0191977921226785 1.1759357299625735
40 1280 -0.15505753102029882 -0.07620415895095614 0.2748374529721963 0.3129979515439044 0.7556695213211357 1.0563643005723249 1.1458874460533324
41 1312 -0.2524259160702636 -0.20099136626655986 0.22847147779089222 0.3201912093396725 0.7836937895217001 0.9770543402365132 1.1963230585799587
42 1344 -0.1396767823256631 -0.09794014202764596 0.24919448113775608 0.32316938189487293 0.7983712914885491 1.0098544490016512 1.1587912981889699
43 1376 -0.25906884103948863 -0.19146474636881006 0.14032386755504667 0.18331597752565365 0.8229315201691156 1.0053355190843225 1.1454624425006714
44 1408 -0.4052129951159076 -0.3027530563663591 0.13536595331916276 0.1789456844647882 0.7451910864659756 1.001708236232022 1.2005294057692175
45 1440 -0.38172809388715795 -0.27450762218707503 0.0631072291889607 0.06842504128088965 0.775563546332944 1.0080513527964703 1.1757268627213857
46 1472 -0.20834136098137257 -0.19442756656345106 0.09614280715087545 0.17908580397106277 0.88735637861986 0.9227999260356983 1.1666357417082496
47 1504 -0.24946129850844934 -0.18713087925274882 0.23480123419529825 0.3131148527556134 0.7744213129914228 0.9999319518025745 1.1833882379628984
48 1536 -0.35836394862227006 -0.28100565541534317 0.41121345985553354 0.5645948717388989 0.5938856141812338 0.9776329464485379 1.3005897505696902
49 1568 -0.1982940981946547 -0.11132811858557615 0.4898193216947401 0.6032358221791002 0.5559469476646581 1.0418971074145587 1.2670333101160072
50 1600 -0.251115383330399 -0.13991440225110094 0.44681132004655566 0.5311855797331431 0.5678942040742333 1.0689158265391758 1.2389169176151256
51 1632 -0.14973876050125084 -0.06581080462576433 0.5090634451122497 0.6167602391494345 0.5499116864218915 1.0390812148960062 1.2719698762104672
52 1664 -0.26365813486867146 -0.23376981202160257 0.49761601165787056 0.7115229633706261 0.5269905887540576 0.9529232426460434 1.346929178906449
53 1696 -0.38786848906985216 -0.30937631833153306 0.515389734567312 0.7118195814619412 0.4677024734363236 0.9685324837175219 1.3576447342090319
54 1728 -0.280153140761028 -0.22535045528557235 0.528108087154762 0.7244582491594178 0.49204529314539824 0.9793550403507345 1.3411767722537813
55 1760 -0.36459775141511297 -0.3096962898317086 0.509260001340981 0.7273439701484732 0.48680599894176685 0.9408451646698218 1.3703394818481023
56 1792 -0.40749545552909383 -0.3502147302517841 0.5178847162153432 0.7499704730937424 0.45963974623640963 0.923242393105032 1.3915296573387945
57 1824 -0.3338384333805283 -0.3028007247445403 0.5671413296101672 0.8260843057590816 0.40448277799381066 0.9265981064323082 1.4063461990073676
58 1856 -0.5106234768065867 -0.48657649068015385 0.5270072457111055 0.8408215050484256 0.3891116716520097 0.8062825847349648 1.4827341300911916
59 1888 -0.17986784354511376 -0.17820214566073125 0.6014311025601112 0.8596431540826762 0.3746063126482666 0.9658050866847316 1.3881248665224493
60 1920 -0.16857895476494966 -0.15190262022147832 0.6428070262331661 0.8910339071745763 0.32621756207770347 0.9814214811283352 1.3893861877001463
61 1952 -0.0812352461145626 -0.07373128714393787 0.6487484192433736 0.8820710290685192 0.34265970752677777 0.995326719692939 1.3754668465299182
62 1984 0.002862087403153066 0.007958432981898215 0.6608069040263592 0.8733267154624345 0.3555775248489487 0.9999238646948918 1.368837787554072
63 2016 -0.07466595337961839 -0.07257431361067196 0.6190537663243452 0.847504819867071 0.3904530666838477 0.9942211867047623 1.3634774052490028
64 2048 -0.056396922754105835 -0.05077312534778529 0.6474952226162869 0.8746275411979905 0.353670040028327 0.9978238624382787 1.3708628823974767
65 2080 -0.0488342556727054 -0.03870770465452637 0.6575108987143947 0.8794572154858561 0.34584674077270927 0.9995389181375255 1.371609267621563
66 2112 -0.10429400323455104 -0.08189428318345672 0.6826148182820454 0.9150514653861185 0.28383874706348977 0.9983456169138862 1.3866295809819793
67 2144 -0.20517594417960716 -0.19922702335202475 0.6476903255854108 0.9240471877369736 0.2750136811850679 0.9620347630214792 1.4138092480597386
68 2176 -0.2782950285457369 -0.2779304712224906 0.5384981922094163 0.8102765226968056 0.4355708790710652 0.9170754421006393 1.4032999119223148
69 2208 -0.46497019418567964 -0.4420519597637125 0.47488925685103633 0.7576180946339854 0.484277575300028 0.8262495337571386 1.4431863836759402
70 2240 -0.3148269596761213 -0.302861583019431 0.5285487778279988 0.7937201881204519 0.4523462970899017 0.9092922163099615 1.403057551516392
71 2272 -0.2700231324237863 -0.2312929349864982 0.521253701502586 0.7333723828949925 0.4994970304341813 0.9624459460193495 1.3506296744771877
72 2304 -0.5437177724778389 -0.4643479241136466 0.4697940454263006 0.701804853575424 0.461028554397403 0.884274143605334 1.4161609763657856
73 2336 -0.5683750909659402 -0.502356710435769 0.43410306204357013 0.6802379390065119 0.49802871342687444 0.8378419688950974 1.4317779980710552
74 2368 -0.7353111557928441 -0.7032314060675029 0.42892915016746447 0.7742362525204457 0.4374734054488001 0.6287015024002655 1.5534965208859264
75 2400 -0.7651938921047545 -0.7312320662827687 0.3932177261489775 0.7340724978042403 0.45488025276337285 0.6103027164846633 1.5558324298899837
76 2432 -0.7168595998545111 -0.6950254594039772 0.3802331365170387 0.7168185280401769 0.5032467099093842 0.6086681907774086 1.5415141201108526
77 2464 -0.8109531730300612 -0.769095131786086 0.4192384057608034 0.7734915436991247 0.39228798586080843 0.5988078250012895 1.5771934963302683
78 2496 -0.7408497878104904 -0.6814463503554049 0.3748091924546889 0.6674909359363015 0.46738193164343045 0.708676699002659 1.5097454971828699
79 2528 -0.7846873045644671 -0.7200540865573459 0.418910874542168 0.7339326435682181 0.3936908617575733 0.6899917873990552 1.5391292469089255
80 2560 -0.7306536220778858 -0.6672150404300579 0.4310703889021192 0.733726950365017 0.4193654018598366 0.7232620555066177 1.5169128711917765
81 2592 -0.7865071660910414 -0.7607438166658118 0.44133814501677815 0.8162687828190787 0.3952389322124155 0.5641413757206766 1.5891918369610296
82 2624 -0.7429470863101111 -0.741577836211472 0.4220385953960309 0.8085414891665595 0.43742892320455046 0.5312428887964814 1.5894769360538945
83 2656 -0.8036759541661841 -0.7927225408240932 0.4697501880450497 0.8796210176593398 0.33966829829726364 0.5048143859757996 1.6216620741830643
84 2688 -0.8324645378676006 -0.8212806300576294 0.469152083917119 0.8881124140987308 0.3248993848514422 0.47070287111686643 1.634894246379714
85 2720 -0.848156070149716 -0.8332639715438198 0.47969619841974753 0.902457489801707 0.29560760559577903 0.46793708407900214 1.6412346050633866
86 2752 -0.9105275328808884 -0.8874966835024498 0.4649018040908218 0.892670450576807 0.26300009568383365 0.4272004417838593 1.6578090156016072
87 2784 -0.9239358750513906 -0.9069037353216696 0.4915862711582035 0.9407174669217735 0.20200524116490437 0.38087505945218914 1.677536310077728
88 2816 -0.9410671251794018 -0.9178723965867349 0.4874646268916394 0.9327155727917639 0.18098577035352342 0.3897416073791042 1.6778991717046332
89 2848 -0.960484469418407 -0.9431009121699802 0.4742157395648886 0.9292710662280846 0.18086968587763907 0.33644050152317423 1.6894063885475745
90 2880 -0.9767391166727174 -0.966096373416745 0.47174891141754693 0.9403879297730053 0.15169677999047554 0.2756808679835647 1.70322874152838
91 2912 -0.9774913798409529 -0.9727997295037564 0.4784359105922745 0.9574894736204217 0.1499625207846654 0.21987515285894577 1.7114806921245604
92 2944 -0.9753458795917402 -0.9712135305845935 0.4736502294600032 0.9511391338010553 0.1547309139261753 0.22910380545131492 1.709844960984269
93 2976 -0.9653312396589573 -0.963020821672759 0.47397590792360045 0.9506643998028554 0.18458526315202228 0.22625655294009528 1.7072598668271812
94 3008 -0.9737682400621022 -0.9736954061936172 0.47786423240401 0.9616446114014008 0.14957298698208224 0.19584981223053582 1.714430159736617
95 3040 -0.9789736615469717 -0.9788959994727673 0.47445257141673275 0.9588244329723615 0.12035575262086787 0.20292057847904504 1.7159072619581728
96 3072 -0.9840199579831774 -0.9823452529449653 0.47731299421655404 0.9621910382321817 0.11204425507138556 0.19594954298380587 1.7172797854484676
97 3104 -0.9825407019131072 -0.9821311920434793 0.4790237402523321 0.9656658744813081 0.11342568933068803 0.18540625611548645 1.7183594307341805
98 3136 -0.9855812628970583 -0.9834016476768105 0.48487771984679295 0.9721245604677463 0.11800866125207435 0.1722912477452062 1.7194155058681693
99 3168 -0.9874547384907 -0.9823214706533339 0.47905025849159416 0.9610409003692042 0.11034865919481289 0.21016057099024135 1.7157085148168272
100 3200 -0.990262349723597 -0.9855399503224255 0.4819764762500278 0.9664262190396742 0.09721656812083589 0.19614250198238137 1.7181609522390207
101 3232 -0.987655192362796 -0.9841760793227556 0.4855166512414652 0.9719351150561653 0.11085875549937496 0.17927845348315877 1.7191770043965273
