% # columns="iteration, evaluation, sigma, axis ratio, bestever, best, median, worst objective function value, further objective values of best", seed=1, Sun Feb 22 03:32:31 2026, <python>{}</python>
1 32 0.14774648322284584 1.0000333338888951 54.84079276149869 5.4840792761498690e+01 200.0 200.0   
2 64 0.14162673856108268 1.4895698981799155 54.84079276149869 5.6087614496625768e+01 200.0 200.0   
3 96 0.19250185694478084 1.4999282619881853 51.24579989165613 5.1245799891656127e+01 74.85561049502552 200.0   
4 128 0.2086804121485777 2.127367568448846 50.50741492763926 5.0507414927639260e+01 87.47629853746736 200.0   
5 160 0.22049593707219572 2.641549062162336 49.0223366716188 4.9022336671618802e+01 64.30523087528877 200.0   
6 192 0.26642446602914105 2.8449645662236556 49.0223366716188 4.9082380556581327e+01 200.0 200.0   
7 224 0.28481813822315494 3.824797951764797 49.0223366716188 4.9730104397252077e+01 70.74857530419989 200.0   
8 256 0.2823848065035425 4.683336729670217 49.0223366716188 5.0117953349267992e+01 76.28437834109334 200.0   
9 288 0.26591000414762694 3.8438896633250805 49.0223366716188 5.0344065289815809e+01 64.15145007274917 200.0   
10 320 0.21157632012174765 3.290479204068294 49.0223366716188 4.9332062899462798e+01 200.0 200.0   
11 352 0.2105566411218449 3.4648574885602645 48.9953421579474 4.8995342157947398e+01 56.572856906317874 200.0   
12 384 0.2550222773022459 2.8365346936668203 48.9953421579474 4.9225941805423894e+01 51.04255680011778 200.0   
13 416 0.2333451525991371 2.076624857940143 48.990242199428074 4.8990242199428074e+01 52.72951507827731 200.0   
14 448 0.218703584292799 1.9074930529098673 48.990242199428074 4.9087017449179037e+01 52.49892515341232 200.0   
15 480 0.19680179691764613 1.9404085581431971 48.990242199428074 4.9146710564285826e+01 51.84585709351566 200.0   
16 512 0.18478854646962886 2.474797495499013 48.990242199428074 4.9017047654686735e+01 52.17709195196904 200.0   
17 544 0.1651620656816338 3.328702895832625 48.94476414048415 4.8944764140484153e+01 58.180728113574126 200.0   
18 576 0.17273388182780194 3.538952389112636 48.94476414048415 4.9077571867105675e+01 50.580976796911614 200.0   
19 608 0.15182722218588982 3.394613576646841 48.87253552050556 4.8872535520505558e+01 200.0 200.0   
20 640 0.15003893373646585 3.4799273479828545 48.87253552050556 4.8923669625722113e+01 50.08634902737163 200.0   
21 672 0.14749540731179148 3.7388146377137343 48.87253552050556 4.8967897818556054e+01 49.495670536215314 200.0   
22 704 0.1549991040596895 3.759629663004306 48.56779239736385 4.8567792397363853e+01 200.0 200.0   
23 736 0.1522040763767946 4.062247332462808 48.56779239736385 4.8950800287055991e+01 200.0 200.0   
24 768 0.15471526940981564 4.386904263040446 48.56779239736385 4.8791757256600924e+01 200.0 200.0   
25 800 0.14621468161462345 4.7628797697360765 48.56779239736385 4.8918380704335405e+01 200.0 200.0   
26 832 0.11614380112783734 4.991058673669843 48.56779239736385 4.8912264172896926e+01 200.0 200.0   
27 864 0.11842625706755566 5.041431914947468 48.56779239736385 4.8753181216747301e+01 200.0 200.0   
28 896 0.09688425402817398 5.587017754460721 48.56779239736385 4.8900340549292537e+01 49.28553217063526 200.0   
29 928 0.0966301327297393 6.7461076165256575 48.56779239736385 4.8865526117075930e+01 200.0 200.0   
30 960 0.09461213140588363 8.107218402889702 48.56779239736385 4.8772447019188149e+01 200.0 200.0   
31 992 0.07439972990885924 7.825736637608352 48.56779239736385 4.8877911375833378e+01 200.0 200.0   
32 1024 0.08471167931951103 9.108753388123072 48.56779239736385 4.8879385358017920e+01 200.0 200.0   
33 1056 0.09168103640232031 6.110903526045072 48.56779239736385 4.8872659832932939e+01 200.0 200.0   
34 1088 0.07333967265637016 5.219897015759326 48.56779239736385 4.8828332890238990e+01 200.0 200.0   
35 1120 0.09353060149924139 5.2305961481479075 48.56779239736385 4.8867770124645091e+01 200.0 200.0   
36 1152 0.08912785188314606 3.6832898780489502 48.56779239736385 4.8813373405238366e+01 200.0 200.0   
37 1184 0.10714144508194338 3.344527285621687 48.56779239736385 4.8921500040570940e+01 200.0 200.0   
38 1216 0.11326417396296798 4.003239527134092 47.84682511423636 4.7846825114236360e+01 200.0 200.0   
39 1248 0.09667413666632174 4.884223404848984 47.84682511423636 4.8920010912045839e+01 200.0 200.0   
40 1280 0.10020306622891044 6.404636633137714 47.84682511423636 4.8934612327102450e+01 200.0 200.0   
41 1312 0.09387407080958411 6.784648947602607 47.84682511423636 4.8921287654851973e+01 200.0 200.0   
42 1344 0.08496594361397818 6.010595504526128 47.84682511423636 4.8918229239420434e+01 200.0 200.0   
43 1376 0.0871230933160373 5.782352584696648 47.84682511423636 4.8902144962317479e+01 49.2050344285224 200.0   
44 1408 0.08366457742106505 4.790198838288863 47.84682511423636 4.8910587026953927e+01 200.0 200.0   
45 1440 0.0881940207018291 6.246226861782248 47.84682511423636 4.8910020295089254e+01 200.0 200.0   
46 1472 0.09118542074100486 7.861232162623567 47.84682511423636 4.8903812407875463e+01 48.97551079992086 200.0   
47 1504 0.0837179061287422 7.129498769785359 47.84682511423636 4.8904404682039264e+01 49.21617448169991 200.0   
48 1536 0.0935441342167702 7.247653816105075 47.84682511423636 4.8881327837214414e+01 49.024032032911926 200.0   
49 1568 0.09217804472401551 7.225894653283345 47.84682511423636 4.8845725577128277e+01 49.227805664918385 200.0   
50 1600 0.08398874199559972 7.664693127703085 47.84682511423636 4.8903670196672934e+01 200.0 200.0   
51 1632 0.08465239367312054 8.036503511150826 47.84682511423636 4.8894855227452972e+01 49.33489843208281 200.0   
52 1664 0.082354598284091 9.017295269152658 47.84682511423636 4.8449094061983843e+01 48.9484104256528 200.0   
53 1696 0.07762840600690722 9.533674668402877 47.84682511423636 4.8889459036709674e+01 200.0 200.0   
54 1728 0.06727634892122955 10.487000988863327 47.84682511423636 4.8884119429716897e+01 49.217347335959786 200.0   
55 1760 0.06158461017954517 11.000221126617745 47.84682511423636 4.8860347913668171e+01 49.13859141242322 200.0   
56 1792 0.06169597007069322 10.456693915580857 47.84682511423636 4.8683446828859083e+01 200.0 200.0   
57 1824 0.057157333562127405 10.228781358173098 47.84682511423636 4.8888110569698149e+01 48.94268206252567 200.0   
58 1856 0.048583221378835174 11.638209082333123 47.84682511423636 4.8866767482646218e+01 200.0 200.0   
59 1888 0.05262980001465723 12.535092563041951 47.84682511423636 4.8752318160356616e+01 48.97317608809879 200.0   
60 1920 0.04937169803842078 12.79751421202109 47.84682511423636 4.8896161692049162e+01 200.0 200.0   
61 1952 0.03922036476651909 13.986022334579046 47.84682511423636 4.8882438396287846e+01 200.0 200.0   
62 1984 0.04060197935148539 12.569211691133948 47.84682511423636 4.8884709422159730e+01 48.96968546782268 200.0   
63 2016 0.0374097745173207 10.601189744133588 47.84682511423636 4.8826568624751715e+01 200.0 200.0   
64 2048 0.031191780268429396 8.803650510919065 47.84682511423636 4.8875729172624965e+01 49.29762915793546 200.0   
65 2080 0.027673945656538666 9.052144079046384 47.84682511423636 4.8876870946586521e+01 200.0 200.0   
66 2112 0.03420615128156776 8.52437584164466 47.84682511423636 4.8857122422865828e+01 200.0 200.0   
67 2144 0.035645410958885855 10.90929390333296 47.84682511423636 4.8895372559772660e+01 49.20747484417561 200.0   
68 2176 0.03358251252891268 10.841318093044471 47.84682511423636 4.8803349742959625e+01 200.0 200.0   
69 2208 0.02955974760497691 6.748507903595397 47.84682511423636 4.8869607629741473e+01 48.91505328204896 200.0   
70 2240 0.0292356117930887 6.542063772091425 47.84682511423636 4.8891625001630217e+01 200.0 200.0   
71 2272 0.026399385231404664 6.301432854432488 47.84682511423636 4.8755798222159257e+01 200.0 200.0   
72 2304 0.02627311393544756 5.722433644171311 47.84682511423636 4.8829814695683993e+01 200.0 200.0   
73 2336 0.023282696656227106 5.538021683449601 47.84682511423636 4.8876326176270624e+01 200.0 200.0   
74 2368 0.022352954123233192 4.967699466975276 47.84682511423636 4.8877236430819288e+01 48.91807458773034 200.0   
75 2400 0.020670061260514263 6.086735196185851 47.84682511423636 4.8879409175460353e+01 48.91084442556251 200.0   
76 2432 0.02389419195040151 5.576739728061984 47.84682511423636 4.8834837945008481e+01 200.0 200.0   
77 2464 0.0243653565062607 4.282688590206993 47.84682511423636 4.8888963119116198e+01 200.0 200.0   
78 2496 0.022221646714744483 5.233777118239702 47.84682511423636 4.8869682038440757e+01 200.0 200.0   
79 2528 0.02202262094647312 5.239089937150801 47.84682511423636 4.8859273397810512e+01 48.95435420334147 200.0   
80 2560 0.019960463565868617 5.672758621580707 47.84682511423636 4.8881693309486877e+01 48.934368195337164 200.0   
81 2592 0.024540118686357755 5.741311591454244 47.84682511423636 4.8860655549304155e+01 48.915416516222365 200.0   
82 2624 0.023430506290150033 6.8103546151796595 47.84682511423636 4.8879510182214517e+01 200.0 200.0   
83 2656 0.02097945087267587 7.668903524953289 47.84682511423636 4.8609116498059826e+01 200.0 200.0   
84 2688 0.022807200237746992 8.330581292276689 47.84682511423636 4.8881631251070345e+01 200.0 200.0   
85 2720 0.02173916195222454 9.499821468214499 47.84682511423636 4.8854784687234265e+01 48.93790855069325 200.0   
86 2752 0.026459890811086895 10.351953894580996 47.84682511423636 4.8876758098232173e+01 200.0 200.0   
87 2784 0.023848954270164414 11.95414072882548 47.84682511423636 4.8745099243297851e+01 48.93533089575933 200.0   
88 2816 0.03315945951841095 15.209269544195337 47.84682511423636 4.8888692999577771e+01 200.0 200.0   
89 2848 0.032916406359644365 17.56423774554533 47.84682511423636 4.8882881701553757e+01 200.0 200.0   
90 2880 0.03650477782231946 17.034769082745996 47.84682511423636 4.8823118772233215e+01 200.0 200.0   
91 2912 0.03828358545005341 21.716615874385685 47.84682511423636 4.8883223333126331e+01 200.0 200.0   
92 2944 0.03740397706936275 25.882545771970655 47.84682511423636 4.8882908724072664e+01 200.0 200.0   
93 2976 0.0325849067538134 27.43593464457908 47.84682511423636 4.8865943630482093e+01 200.0 200.0   
94 3008 0.033984697263950626 26.330900893521488 47.84682511423636 4.8894103078155503e+01 200.0 200.0   
95 3040 0.03511184619423035 32.88971115211336 47.84682511423636 4.8803580397307783e+01 49.22866003092552 200.0   
96 3072 0.03649644159243508 38.711374759341396 47.84682511423636 4.8820563032855176e+01 200.0 200.0   
97 3104 0.031815328217843615 42.30229124005339 47.84682511423636 4.8857958856806434e+01 200.0 200.0   
98 3136 0.03370235592423601 42.40985265959047 47.84682511423636 4.8855423590751158e+01 48.951933487032434 200.0   
99 3168 0.03549409419195922 36.908928873334844 47.84682511423636 4.8820373011586625e+01 200.0 200.0   
100 3200 0.031375096963749884 33.763609795612396 47.84682511423636 4.8842670353374537e+01 200.0 200.0   
101 3232 0.026954729117490694 38.12141093734399 47.84682511423636 4.8866355042166298e+01 200.0 200.0   
