% # columns="iteration, evaluation, sigma, void, void,  stds==sigma*sqrt(diag(C))", seed=1, Sun Feb 22 04:05:11 2026, <python>{}</python>
1 32 0.1779634603980713 0 0 0.21811141459813482 0.1432009085164511 0.14436546418741467
2 64 0.18198126651032903 0 0 0.20924055699276548 0.1134427153345117 0.1300356003472676
3 96 0.19089866147012305 0 0 0.21299349413801558 0.10611122686963086 0.1242293045307075
4 128 0.1914759153269851 0 0 0.19306396637581077 0.08441237325755789 0.10587793322865216
5 160 0.15563441488478635 0 0 0.15219775949921732 0.06313150981021022 0.06772067420853488
6 192 0.12787073613386088 0 0 0.11490810902994941 0.0485845471477391 0.05308543312367331
7 224 0.11695000452206761 0 0 0.10512790893466027 0.041055536679889704 0.04721441762512669
8 256 0.09899098642455073 0 0 0.07105905411420765 0.032051481603453565 0.04319468522905929
9 288 0.09536074549560684 0 0 0.07396226292910812 0.03130433511126447 0.043444680096464426
10 320 0.10054424077901268 0 0 0.0807477848387503 0.03474721054473949 0.04363928149967706
11 352 0.11424596489817819 0 0 0.0778325186881583 0.0375184087783737 0.04696247475596159
12 384 0.12421868454010965 0 0 0.08566780307890988 0.03549827663375056 0.05167216628722328
13 416 0.11840878921278386 0 0 0.06727492414730755 0.03435258285416493 0.04858234079898635
14 448 0.11063106478124941 0 0 0.06346032042302958 0.027905791890304805 0.04307387522191615
15 480 0.13367597267363338 0 0 0.0903467460361806 0.03069209597739396 0.05712577029861629
16 512 0.17262986913462738 0 0 0.16313931709178592 0.04238605862071627 0.06257460641395067
17 544 0.1770320722892749 0 0 0.17297526053504111 0.03985044660437261 0.05912350094642139
18 576 0.19501674424556745 0 0 0.19208201016519777 0.05185324919487265 0.06511050787587389
19 608 0.23335541838149285 0 0 0.21083832238140676 0.05121572788569568 0.0842934738610087
20 640 0.20792753279908363 0 0 0.1653011632553591 0.03951483569041062 0.06514168176653458
21 672 0.18251794612501968 0 0 0.13012875049524697 0.03494194062905898 0.046024625922373934
22 704 0.1625967673441607 0 0 0.10399181109733018 0.02839036231151638 0.03796273473911137
23 736 0.1701053728916846 0 0 0.10267979579693705 0.03167177118309904 0.03443719344048414
24 768 0.17092371697848463 0 0 0.09046550372327884 0.035181288431543715 0.03553551762896726
25 800 0.16209130721008927 0 0 0.0748436295384342 0.030593467379561114 0.03642188217769627
26 832 0.13209614545706047 0 0 0.05700045299148941 0.024633231445790563 0.02654233325582897
27 864 0.1317838972712179 0 0 0.05730253479589769 0.023379131336321482 0.026003971199064026
28 896 0.1400462091972 0 0 0.05069846091062684 0.02256306494096538 0.02856794343610778
29 928 0.16373597840505058 0 0 0.06951348031277875 0.024676048963176517 0.038605277681861803
30 960 0.18881083823037706 0 0 0.09537794791350432 0.026151445144969292 0.04303249947321475
31 992 0.18531050001055271 0 0 0.08023054606993747 0.022630102591565997 0.032676368528196116
32 1024 0.19663774427113345 0 0 0.07320846618759329 0.022207340831928768 0.031466900413934476
33 1056 0.20494158126462805 0 0 0.07177985331322073 0.02608363587030693 0.02882711004819921
34 1088 0.22297067895128653 0 0 0.07239709250319705 0.028620546422784596 0.02865048522029123
35 1120 0.2802806082584787 0 0 0.08427621005588669 0.05341538252765927 0.03235552661508284
36 1152 0.29637267566257375 0 0 0.08104727684417024 0.07133449107782272 0.032050828195232056
37 1184 0.27892679454673774 0 0 0.06111166163084286 0.0522381335120183 0.029493897471463512
38 1216 0.24243478029858012 0 0 0.05287795800468712 0.04198788599914626 0.028476509392656755
39 1248 0.22704766550043554 0 0 0.0438791290090085 0.028125883826765244 0.031662616793206165
40 1280 0.22847559071344156 0 0 0.037384833551387726 0.028200696720170518 0.02844750521270821
41 1312 0.23569300966604084 0 0 0.03319579407437697 0.03112754140560966 0.027838992133743835
42 1344 0.2031998470083758 0 0 0.02500183120998698 0.0242429117622615 0.02105363510279027
43 1376 0.20123709700311657 0 0 0.023926602972852287 0.020823671359903276 0.02418384416483039
44 1408 0.21894222779214575 0 0 0.02409946194209328 0.021464851021093852 0.02583573668652428
45 1440 0.1815402859030595 0 0 0.018912358084871607 0.01520909642422948 0.022957560689947518
46 1472 0.218937552185535 0 0 0.023885427523347155 0.026539768172107348 0.02249034064626898
47 1504 0.1918644809970204 0 0 0.019535214620587424 0.02011193730109432 0.016734777235538578
48 1536 0.22805705945747606 0 0 0.026561881114310418 0.022958039963234853 0.020843716246502778
49 1568 0.20810999427329377 0 0 0.025145579139781275 0.018299674151818997 0.01632101534002804
50 1600 0.21213477120615068 0 0 0.023843849058689626 0.015075520688939553 0.018204208001620745
51 1632 0.20261628451867233 0 0 0.020154915820845803 0.01416254023597724 0.014656242992325718
52 1664 0.21864107710754424 0 0 0.026059325121212954 0.016589341171227918 0.018736207740436245
53 1696 0.1756421146518643 0 0 0.018026417818283975 0.013201576453010353 0.013777101711951845
54 1728 0.15753671803865898 0 0 0.014776453587248516 0.010155022885454983 0.011015222696211037
55 1760 0.16296116385563492 0 0 0.014580076898436852 0.010291169872564567 0.01391152505785618
56 1792 0.1453092076634176 0 0 0.014188546217742402 0.01050658072247377 0.011528310928325325
57 1824 0.13818749369516534 0 0 0.012723458125906948 0.009148643470336499 0.010312374300038703
58 1856 0.1543855740960299 0 0 0.011663087627605272 0.008021012347572106 0.014106430296538703
59 1888 0.17280132942355125 0 0 0.011989176198268907 0.0076022410730625005 0.01625129164030591
60 1920 0.17166382644779743 0 0 0.011905615286631453 0.006631057539667307 0.014656698214684839
61 1952 0.16079438999471682 0 0 0.01429279545838793 0.006759649320797384 0.013659996686033212
62 1984 0.1940444246890731 0 0 0.015494001759876353 0.009700090685436914 0.015809489663279813
63 2016 0.1652941973154041 0 0 0.014753908232713924 0.00809243537657718 0.014410601727918663
64 2048 0.14710649054495042 0 0 0.010082865517033935 0.00714262766514493 0.010028332699264831
65 2080 0.14304056038459703 0 0 0.007700475335670472 0.006534597217692231 0.00746418369835024
66 2112 0.14006538301754312 0 0 0.006838736432481744 0.006772954891608099 0.007708784288596631
67 2144 0.1271264789603695 0 0 0.00499328480621108 0.005403814580446562 0.006817650571501903
68 2176 0.12603816756924602 0 0 0.00422479021951554 0.0056492186053759144 0.006072282103131181
69 2208 0.12199508654751068 0 0 0.003594245039178879 0.0049530746452656985 0.005318068760888432
70 2240 0.10756615761016433 0 0 0.0030663076639350644 0.004006101883261773 0.004932174512900781
71 2272 0.11193402717150555 0 0 0.0027450279721822736 0.0044362032083374746 0.004704626948893319
72 2304 0.10967402979408848 0 0 0.0027944187612367537 0.004754981911737745 0.003613042493558284
73 2336 0.10657262107044911 0 0 0.0023127131897718286 0.003779974313616193 0.0033984180852151932
74 2368 0.1177979977388772 0 0 0.0025879870350868383 0.003241746598783184 0.004932077821910807
75 2400 0.10600586682357382 0 0 0.0022375058074329507 0.0027113567466783674 0.0038822174599045154
76 2432 0.12449521520898953 0 0 0.003022174110626014 0.0036820091461879307 0.0043536221801792115
77 2464 0.13326331746401326 0 0 0.0026968080943884885 0.004359536155784542 0.004519917291681175
78 2496 0.14119087328936814 0 0 0.003191848937631093 0.004597642983783386 0.005610479375083187
79 2528 0.14558772244771906 0 0 0.003538503931976954 0.005109421060351217 0.005237753983174434
80 2560 0.138954559324846 0 0 0.0026937639514288793 0.004097264079465477 0.00435762851737479
81 2592 0.12869701937357883 0 0 0.0026106101995108178 0.0034419535513385575 0.0037893379613160305
82 2624 0.11702709802337151 0 0 0.0021694184392390134 0.003009120300850325 0.0030771100119900653
83 2656 0.11897827738107428 0 0 0.001929980824108356 0.0027405994848938415 0.003182586285820407
84 2688 0.1126751536450038 0 0 0.0020157484694831264 0.0025150698910343106 0.0027776073059100717
85 2720 0.1007958669051702 0 0 0.0016411880152156922 0.002099138388484362 0.0022811141497837317
86 2752 0.10846391171727432 0 0 0.0017772938924898246 0.0025827461626161366 0.0027382962569010585
87 2784 0.1275971726432861 0 0 0.0018855271269423376 0.0032918647057857673 0.00294517342701474
88 2816 0.14099211177404145 0 0 0.0021089414621197618 0.003808851101721136 0.0026611957392612177
89 2848 0.11571549598988246 0 0 0.0013956692052698764 0.002669439454275088 0.002486943321934676
90 2880 0.09924480776550494 0 0 0.001109376168764628 0.0026636097928942433 0.0021959959856515817
91 2912 0.11749839006098349 0 0 0.0016692633834147013 0.003667441919556953 0.0023866841703178814
92 2944 0.10529236048471458 0 0 0.0018763992695305408 0.003922441847991152 0.0018663141536042845
93 2976 0.09697308953159786 0 0 0.0016047053309584797 0.003236719602602345 0.001675301298067129
94 3008 0.13036187579486408 0 0 0.0018577644810381703 0.004005430264474073 0.0022377303975254087
95 3040 0.13353326662613504 0 0 0.0015272528076560874 0.0032077971791304683 0.0021920739772410503
96 3072 0.1401439928684073 0 0 0.0014308792671725381 0.002997924995528551 0.0022623984978125166
97 3104 0.19148665030407797 0 0 0.0023703959133769253 0.005195401843375197 0.0030239597953144065
98 3136 0.18110397000647355 0 0 0.001918946942722703 0.004129166464466596 0.0028490964194740442
99 3168 0.15634599887952863 0 0 0.0016791985542371768 0.003834457799879638 0.002151141215057578
100 3200 0.1496848889645392 0 0 0.0012780768442725474 0.003020848502991731 0.0020659352829125316
101 3232 0.1495624167981018 0 0 0.001198144767753861 0.0027819210838816405 0.0019259338030328333
