% # columns="iteration, evaluation, sigma, max axis length,  min axis length, all principal axes lengths  (sorted square roots of eigenvalues of C)", seed=1, Sun Feb 22 04:05:11 2026
1 32 0.1779634603980713 1.0000333338888951 1.0 1.0 1.0000166668055563 1.0000333338888951
2 64 0.18198126651032903 1.2416349335265655 0.7672659318810502 0.7672659318810502 0.8229684869222764 1.2416349335265655
3 96 0.19089866147012305 1.1575864943711225 0.585782837390504 0.585782837390504 0.7335250885629018 1.1575864943711225
4 128 0.1914759153269851 1.1391340082924792 0.5245889200111331 0.5245889200111331 0.6360174035075299 1.1391340082924792
5 160 0.15563441488478635 1.0431027982186811 0.4360283118506882 0.4360283118506882 0.4884497954650091 1.0431027982186811
6 192 0.12787073613386088 1.0060822464483496 0.3641806090143536 0.3641806090143536 0.40666227374902053 1.0060822464483496
7 224 0.11695000452206761 0.9255099145042363 0.330291305233769 0.330291305233769 0.39822222269956087 0.9255099145042363
8 256 0.09899098642455073 0.9430801540377663 0.2823852117892044 0.2823852117892044 0.35373211849884834 0.9430801540377663
9 288 0.09536074549560684 0.7734986178044585 0.2567365702113121 0.2567365702113121 0.38250095237773524 0.7734986178044585
10 320 0.10054424077901268 0.8488391734933876 0.24593385259838216 0.24593385259838216 0.3686053948140913 0.8488391734933876
11 352 0.11424596489817819 0.8478680238346632 0.2354569525022469 0.2354569525022469 0.42246494217204633 0.8478680238346632
12 384 0.12421868454010965 0.6835188845690298 0.2077933495147651 0.2077933495147651 0.48018286309540914 0.6835188845690298
13 416 0.11840878921278386 0.7000375496039198 0.21550658838300543 0.21550658838300543 0.4402599836182457 0.7000375496039198
14 448 0.11063106478124941 0.5826382977483099 0.2382502943448183 0.2382502943448183 0.42318146355940695 0.5826382977483099
15 480 0.13367597267363338 0.5808643067536916 0.19008708861545615 0.19008708861545615 0.4131850482178312 0.5808643067536916
16 512 0.17262986913462738 0.6889787944805341 0.19125809849222045 0.19125809849222045 0.42527719237847944 0.6889787944805341
17 544 0.1770320722892749 0.948363934963395 0.20924882533677733 0.20924882533677733 0.3762537295681771 0.948363934963395
18 576 0.19501674424556745 0.980460371044768 0.19540880371696884 0.19540880371696884 0.3426577018201348 0.980460371044768
19 608 0.23335541838149285 0.986397626565632 0.20585077131346524 0.20585077131346524 0.3700576301414935 0.986397626565632
20 640 0.20792753279908363 0.9045794626248647 0.19914043143996424 0.19914043143996424 0.37021120279699954 0.9045794626248647
21 672 0.18251794612501968 0.7992633727358516 0.18525743099358968 0.18525743099358968 0.30518833906991066 0.7992633727358516
22 704 0.1625967673441607 0.7178123519214775 0.18733904632226572 0.18733904632226572 0.2412577063023165 0.7178123519214775
23 736 0.1701053728916846 0.6421354599210223 0.16620023677685633 0.16620023677685633 0.23256576337214913 0.6421354599210223
24 768 0.17092371697848463 0.6059772466240255 0.16603387895228053 0.16603387895228053 0.2126920673061599 0.6059772466240255
25 800 0.16209130721008927 0.5309053769109534 0.1777689957661077 0.1777689957661077 0.22860114973545692 0.5309053769109534
26 832 0.13209614545706047 0.4653489421837636 0.16626105828428556 0.16626105828428556 0.23478227541120927 0.4653489421837636
27 864 0.1317838972712179 0.43247189698389765 0.14388262577171296 0.14388262577171296 0.2315441168951038 0.43247189698389765
28 896 0.1400462091972 0.4351209819986012 0.14220146303824785 0.14220146303824785 0.22344458700507894 0.4351209819986012
29 928 0.16373597840505058 0.3700700926197092 0.12561926088124162 0.12561926088124162 0.21421835986814058 0.3700700926197092
30 960 0.18881083823037706 0.458381435597848 0.11133739268352082 0.11133739268352082 0.18982456079401056 0.458381435597848
31 992 0.18531050001055271 0.5433571958606015 0.1093652425483925 0.1093652425483925 0.13823146915530216 0.5433571958606015
32 1024 0.19663774427113345 0.45429120913675786 0.08934323286278117 0.08934323286278117 0.13817132924108025 0.45429120913675786
33 1056 0.20494158126462805 0.3806272056287605 0.10928796009722627 0.10928796009722627 0.14194907474189017 0.3806272056287605
34 1088 0.22297067895128653 0.3573919427241116 0.11691816911045685 0.11691816911045685 0.13136524281161796 0.3573919427241116
35 1120 0.2802806082584787 0.3266650413389218 0.12220468783542936 0.12220468783542936 0.12949463796039437 0.3266650413389218
36 1152 0.29637267566257375 0.3070388407651128 0.1140003550940344 0.1140003550940344 0.18107737332495108 0.3070388407651128
37 1184 0.27892679454673774 0.30717469064105074 0.1074219251954848 0.1074219251954848 0.19625101234369655 0.30717469064105074
38 1216 0.24243478029858012 0.2420671781280457 0.1043959942952351 0.1043959942952351 0.1573649786987188 0.2420671781280457
39 1248 0.22704766550043554 0.22702759084257867 0.10632896723051743 0.10632896723051743 0.16887308991976624 0.22702759084257867
40 1280 0.22847559071344156 0.19766842358956324 0.1156892875325633 0.1156892875325633 0.140303768284338 0.19766842358956324
41 1312 0.23569300966604084 0.17435946866053315 0.1012206396781509 0.1012206396781509 0.1298641684891641 0.17435946866053315
42 1344 0.2031998470083758 0.14923011744119716 0.11774080658173539 0.11774080658173539 0.12287224603961952 0.14923011744119716
43 1376 0.20123709700311657 0.13724992251613113 0.09742772131772312 0.09742772131772312 0.10852780365673495 0.13724992251613113
44 1408 0.21894222779214575 0.12526782083488575 0.1022480399909274 0.1022480399909274 0.11462959023284519 0.12526782083488575
45 1440 0.1815402859030595 0.1220534885192458 0.09085392674547162 0.09085392674547162 0.11180620558558785 0.1220534885192458
46 1472 0.218937552185535 0.12964522986945504 0.07848468899063238 0.07848468899063238 0.10438400822363962 0.12964522986945504
47 1504 0.1918644809970204 0.12394400427264249 0.10218126038675734 0.10218126038675734 0.10651712316470983 0.12394400427264249
48 1536 0.22805705945747606 0.11204153967186635 0.08652011703777371 0.08652011703777371 0.09446414752378493 0.11204153967186635
49 1568 0.20810999427329377 0.133665343496698 0.07751891305659862 0.07751891305659862 0.09042771028745437 0.133665343496698
50 1600 0.21213477120615068 0.13435610415083643 0.06566803075472195 0.06566803075472195 0.07821930879384591 0.13435610415083643
51 1632 0.20261628451867233 0.12883793737671637 0.060972224057153405 0.060972224057153405 0.06878426606164889 0.12883793737671637
52 1664 0.21864107710754424 0.1175348607915067 0.048372650049972744 0.048372650049972744 0.06211852091896788 0.1175348607915067
53 1696 0.1756421146518643 0.14194797094228084 0.05034488409480567 0.05034488409480567 0.06798748258814113 0.14194797094228084
54 1728 0.15753671803865898 0.1215648497695395 0.04239770265704154 0.04239770265704154 0.07589165465004848 0.1215648497695395
55 1760 0.16296116385563492 0.10622518958504126 0.0400195973015072 0.0400195973015072 0.07040447471438507 0.10622518958504126
56 1792 0.1453092076634176 0.10477926702196609 0.03199140487123493 0.03199140487123493 0.0853127953440956 0.10477926702196609
57 1824 0.13818749369516534 0.11825750265390222 0.028410147276269556 0.028410147276269556 0.07914935135836047 0.11825750265390222
58 1856 0.1543855740960299 0.11402723282388734 0.02933911985940668 0.02933911985940668 0.06757724177269135 0.11402723282388734
59 1888 0.17280132942355125 0.10953804405094812 0.028714237575359684 0.028714237575359684 0.06270553733152864 0.10953804405094812
60 1920 0.17166382644779743 0.10794083398828573 0.03231002316587417 0.03231002316587417 0.05384005206446794 0.10794083398828573
61 1952 0.16079438999471682 0.1026680558136052 0.027874118155820495 0.027874118155820495 0.04768893863371075 0.1026680558136052
62 1984 0.1940444246890731 0.11624073168904529 0.02768472344733477 0.02768472344733477 0.0510604470677585 0.11624073168904529
63 2016 0.1652941973154041 0.10652240978598666 0.026781747989469147 0.026781747989469147 0.058721484850750356 0.10652240978598666
64 2048 0.14710649054495042 0.12099466273403955 0.019873589261694163 0.019873589261694163 0.0541284664762226 0.12099466273403955
65 2080 0.14304056038459703 0.09008433288971418 0.019140830196791126 0.019140830196791126 0.05675453029061377 0.09008433288971418
66 2112 0.14006538301754312 0.06932702646517579 0.01895412084332708 0.01895412084332708 0.050424224824619175 0.06932702646517579
67 2144 0.1271264789603695 0.06685895969251004 0.017727503783355678 0.017727503783355678 0.054469008308721874 0.06685895969251004
68 2176 0.12603816756924602 0.05952616366177632 0.018481295807825482 0.018481295807825482 0.04838161141807056 0.05952616366177632
69 2208 0.12199508654751068 0.054055465615033285 0.01900657211203906 0.01900657211203906 0.04658797915443739 0.054055465615033285
70 2240 0.10756615761016433 0.04757854847780962 0.01890806731401035 0.01890806731401035 0.04237337081570472 0.04757854847780962
71 2272 0.11193402717150555 0.04904907270404966 0.017330134052469127 0.017330134052469127 0.039949497404598966 0.04904907270404966
72 2304 0.10967402979408848 0.04540505501194434 0.015947611472392865 0.015947611472392865 0.04028315976471953 0.04540505501194434
73 2336 0.10657262107044911 0.04786581198076359 0.015043343518059018 0.015043343518059018 0.033117003441167206 0.04786581198076359
74 2368 0.1177979977388772 0.03912014139558801 0.016690511824253337 0.016690511824253337 0.030607945104870297 0.03912014139558801
75 2400 0.10600586682357382 0.043563991735761455 0.015128694382658485 0.015128694382658485 0.029433019245248784 0.043563991735761455
76 2432 0.12449521520898953 0.039360974404900044 0.013648046524282453 0.013648046524282453 0.026559180189149358 0.039360974404900044
77 2464 0.13326331746401326 0.03952404526490439 0.016250074380871362 0.016250074380871362 0.029337798616180515 0.03952404526490439
78 2496 0.14119087328936814 0.038819429786633816 0.013362475219429992 0.013362475219429992 0.03073404609035908 0.038819429786633816
79 2528 0.14558772244771906 0.041723409052939205 0.013379166103377641 0.013379166103377641 0.0350799173381281 0.041723409052939205
80 2560 0.138954559324846 0.04422822763391851 0.01103551250342949 0.01103551250342949 0.03223039269420125 0.04422822763391851
81 2592 0.12869701937357883 0.03451720031400499 0.011011636389693352 0.011011636389693352 0.030265860231079737 0.03451720031400499
82 2624 0.11702709802337151 0.032698239815871784 0.009648764827555034 0.009648764827555034 0.02883437514056999 0.032698239815871784
83 2656 0.11897827738107428 0.02990207276878696 0.008011314643207684 0.008011314643207684 0.027163698977337277 0.02990207276878696
84 2688 0.1126751536450038 0.02813293998850621 0.008159000976816235 0.008159000976816235 0.02551881464458393 0.02813293998850621
85 2720 0.1007958669051702 0.02757899459638151 0.007357003718243146 0.007357003718243146 0.024723734304394947 0.02757899459638151
86 2752 0.10846391171727432 0.0251850239364889 0.005980031836186741 0.005980031836186741 0.023258065892861002 0.0251850239364889
87 2784 0.1275971726432861 0.029988085365378787 0.006596066896106692 0.006596066896106692 0.023023681634226995 0.029988085365378787
88 2816 0.14099211177404145 0.030210929063967294 0.006503897000340757 0.006503897000340757 0.021487591780240577 0.030210929063967294
89 2848 0.11571549598988246 0.030664440455910286 0.006941386847106883 0.006941386847106883 0.01792471258684485 0.030664440455910286
90 2880 0.09924480776550494 0.027975230564875244 0.005623094895160227 0.005623094895160227 0.018036606744177546 0.027975230564875244
91 2912 0.11749839006098349 0.03242669128259036 0.005140134089112591 0.005140134089112591 0.016030205351385683 0.03242669128259036
92 2944 0.10529236048471458 0.0353286184532668 0.004853695405605635 0.004853695405605635 0.017804214369011584 0.0353286184532668
93 2976 0.09697308953159786 0.041870593977942266 0.00476577696264287 0.00476577696264287 0.015610162571126114 0.041870593977942266
94 3008 0.13036187579486408 0.03813839817017974 0.004946656307344573 0.004946656307344573 0.01439942641053786 0.03813839817017974
95 3040 0.13353326662613504 0.034590090588772306 0.0052938312831668196 0.0052938312831668196 0.014740999313091554 0.034590090588772306
96 3072 0.1401439928684073 0.026739827070855416 0.0045543741807205175 0.0045543741807205175 0.015543854878537678 0.026739827070855416
97 3104 0.19148665030407797 0.023245934003178422 0.004653184613586484 0.004653184613586484 0.01613801825047786 0.023245934003178422
98 3136 0.18110397000647355 0.030026406329360184 0.004097471778611736 0.004097471778611736 0.01484561259731894 0.030026406329360184
99 3168 0.15634599887952863 0.02489598419777298 0.003215159367772984 0.003215159367772984 0.01579410392969554 0.02489598419777298
100 3200 0.1496848889645392 0.027028317786492173 0.002557787217994984 0.002557787217994984 0.013003285715918411 0.027028317786492173
101 3232 0.1495624167981018 0.02272657520925561 0.002168336380348128 0.002168336380348128 0.0122264829445328 0.02272657520925561
