% # columns="iteration, evaluation, min max(neg(.)) min(pos(.)) max correlation, correlation matrix principal axes lengths  (sorted square roots of eigenvalues of correlation matrix)", seed=1, Sun Feb 22 04:05:11 2026
1 32 -0.17123192297572792 -0.11887338827538214 0.07521665549874229 0.08755480205643801 0.8890716051011587 1.0151527262472047 1.0858253190065692
2 64 -0.15586115874999287 -0.09529826763180228 0.13063314092043918 0.1453807193196624 0.8598811887918377 1.042151678964926 1.0837546858918403
3 96 -0.28269417976947286 -0.23256047590979614 0.12021908612893506 0.18767856961550208 0.8333409163905365 0.9617780901064964 1.1749577960337474
4 128 -0.42386172364961755 -0.31359218900300506 0.041070883172703965 0.04902237258466119 0.755656843067947 1.0019599583792758 1.1937583412605683
5 160 -0.4469093038542797 -0.39297719904336814 0.10300562796996915 0.21440113216350337 0.7434191957584947 0.9151919383489135 1.2687598730094485
6 192 -0.48707898088749046 -0.37714134773666813 0.12044193751235245 0.176365399444537 0.7039520037404613 0.9848086919717653 1.2387911109814485
7 224 -0.6625061299983116 -0.5202129341891741 0.0958746141311696 0.15894393442881344 0.5780490963784893 0.9789178217135146 1.3067437164599949
8 256 -0.5868517874917957 -0.4307449613484187 0.22244814788708087 0.28407235815553705 0.5768082821038344 1.0146103710255396 1.2797882640123872
9 288 -0.6753730895400515 -0.5467404015506155 0.2659189832265679 0.4081727568295264 0.523910362984757 0.9267964159111165 1.3662233840084455
10 320 -0.5533354960361361 -0.4335043970947915 0.3474947820357267 0.48799674280455485 0.5458539138995364 0.9625908538574776 1.332464766044674
11 352 -0.001962711096351935 0.03442300040710685 0.5271756809106639 0.6550408629083908 0.5735807711108821 1.0004104025611564 1.2923560366475142
12 384 -0.2350201930751084 -0.16700614629609253 0.40460198941664627 0.52712398787521 0.6390705863078328 1.0136558229465364 1.2506361014790606
13 416 -0.20294201782524324 -0.17344226605094798 0.32494153882556737 0.4615697220101106 0.722752276610327 0.9686235072906861 1.2407246462364159
14 448 -0.17296256641837549 -0.1260080314658144 0.4220873376832012 0.5578312591136454 0.6415804390957804 1.0041915324556119 1.2569701294438604
15 480 0.185924819443615 0.19505750806428063 0.4249932105105189 0.4925057560385994 0.7112420779236898 0.9318085263092168 1.2750951246429567
16 512 0.16664257809421384 0.16693951725755 0.3598794549226261 0.42389582831431527 0.7590139662078703 0.9457104752596956 1.2367414831263155
17 544 -0.2150212711096095 -0.12789069004161374 0.29044739028528727 0.3427628359929252 0.7263357968213987 1.0570152511032007 1.1641112786976433
18 576 -0.13731118619391253 -0.12070631137220472 0.35524621854453103 0.4972921870284018 0.705772131549222 0.9819003636510286 1.2400634557112171
19 608 0.011226286327263857 0.03626232515080258 0.289301251980306 0.34861152209993507 0.798219509979788 0.9967424164320309 1.1701923641747385
20 640 0.11105259526212606 0.12700601259686647 0.21910777800368125 0.23385494913787913 0.8680598191164034 0.9461070144886468 1.1624773836814961
21 672 -0.09871015510835662 -0.05565873477648517 0.2458147755859631 0.3032545253749077 0.8086097154625895 1.0206666639348707 1.1420988964146541
22 704 -0.21848074156798009 -0.20868061627580428 0.07780506388564153 0.16350016531394768 0.8832158588037736 0.9191112397949378 1.1726739852320958
23 736 -0.2552585606063619 -0.2411705894247863 0.0747092407456632 0.1659145462875708 0.860557781346096 0.9185704999204688 1.1898187011644021
24 768 -0.2330671582000474 -0.16423542647850295 0.14662896195768232 0.18141869304819963 0.8266157559199397 1.0202524270505762 1.1295093524014377
25 800 -0.25005387825070535 -0.15045110529081587 0.18733339961218365 0.20032546161996068 0.7732786928216067 1.0688166649187147 1.122350658225914
26 832 -0.42600575503167903 -0.31061081033769256 0.11226774199812638 0.13783231474941285 0.7354076205259721 1.0103226401970102 1.199343067840754
27 864 -0.4092723410296613 -0.32771958755175706 -0.02659536603076797 -0.007773379001675865 0.7621058087534425 1.0015135993199247 1.1900274142394833
28 896 -0.49291741559308283 -0.416629679301698 0.15178949448501156 0.2649748161225299 0.7068093880656752 0.9216485332856323 1.2849064051652435
29 928 -0.5785138490458779 -0.523171438017958 0.37313199221280313 0.6165573912618036 0.5599472691030993 0.8024819318317675 1.429154227124398
30 960 -0.5367622721931273 -0.5341697926586257 0.45477011986880744 0.7818242778434502 0.46695596378273185 0.7373648491644886 1.4960766046912073
31 992 -0.5823801600592704 -0.5533631769025956 0.3826651563289869 0.6656576175828396 0.5573079629780497 0.7366643359425633 1.4651735359852633
32 1024 -0.1994554320179324 -0.1935508371405615 0.28267996993346745 0.43551897741410617 0.7507972532609989 0.9355278897682967 1.2494362936786405
33 1056 -0.14400107851249125 -0.1300162135781278 0.32730155507555014 0.4657559463590793 0.7284862698467484 0.9753976486124628 1.2320337583548797
34 1088 -0.18840673412226638 -0.16487215754888024 0.1063320443667477 0.1731988684319042 0.8868815238602596 0.9519386567321714 1.1433520702103326
35 1120 -0.038864239967136296 -0.00047460604867316167 0.21996582699618122 0.25505633742600287 0.8392546790378745 1.014309358118714 1.125534588427134
36 1152 0.07714835859160205 0.08292868407065444 0.3274637443038049 0.40319510556913596 0.7720812871196812 0.9822545068306652 1.1996110077397855
37 1184 -0.025902756798058837 0.004911281091803787 0.3127268569378415 0.38451801099665817 0.7723367576896905 1.00612401784954 1.1794958217084424
38 1216 -0.17290461580502392 -0.0736841606051416 0.23555836738711608 0.23941875485131964 0.7580172409307302 1.082611740334839 1.1195363692801295
39 1248 -0.2141993317144591 -0.14465750740759825 0.1280901226469868 0.1494641750249876 0.8404175791857107 1.029351024212937 1.1109161811529296
40 1280 -0.16219483079032468 -0.09421349984443683 0.28580999600536067 0.34450316367607203 0.754520045776517 1.0399733453492743 1.1615312916510006
41 1312 -0.009204856851616695 -0.0023960357614364013 0.142680131577817 0.18423003293405452 0.9020960297126641 1.0008898093052152 1.0883208822794948
42 1344 -0.1833934380741704 -0.18083071794304062 0.10370221896224187 0.19598381113287291 0.8958529751108365 0.9104626689117354 1.169831259414443
43 1376 -0.02741667232834519 -0.005757274865425785 0.0873918034260855 0.0967820987270032 0.9344010587904158 1.0119741054079312 1.050144309757077
44 1408 -0.17398039476257166 -0.13197300587509503 0.10989320509849561 0.14850788653554917 0.8798714642310794 0.9970571965623994 1.1098212257904352
45 1440 0.019487224801979418 0.054165867367291815 0.2071036911657808 0.22340432319996473 0.8574425319074435 0.99077176406118 1.1327681210270928
46 1472 -0.0331473746187285 -0.022304239408149507 0.0869582886456929 0.11253599611972803 0.9378588956674636 1.0027527296215155 1.0558918765924878
47 1504 -0.02507541956003963 -0.009237307549002849 0.13934932962178662 0.17304009666767964 0.9033475990161459 1.0051883448463157 1.083309515668024
48 1536 -0.34448340401305866 -0.2879099422065261 0.24345578714373498 0.36400423512062274 0.7445266698169649 0.9391550099849676 1.250467074797012
49 1568 -0.45083833790322403 -0.3850241822680731 0.23226758725173766 0.37221735478985707 0.7060923889562233 0.9036886701771516 1.297990880419252
50 1600 -0.5426955305006471 -0.4518595293344304 0.21401142564642148 0.34513240947382207 0.6532734220658136 0.9165839509343258 1.3164754828374297
51 1632 -0.5310178729388781 -0.45841981154879785 0.3568211622305653 0.5559700921002727 0.5847275065460875 0.8716016514431933 1.3778259339589647
52 1664 -0.5969511945674646 -0.524185757933279 0.3877006024605516 0.6188972859576429 0.5285551235248582 0.8332929908821956 1.4234648828623158
53 1696 -0.46145098193505396 -0.35561846300844047 0.4586461257545259 0.6242351364155678 0.49157559436433984 0.9816124451474458 1.339697892271612
54 1728 -0.3886802402721036 -0.2729173340512687 0.4361859402209924 0.5567907920909112 0.5335933407060341 1.034268573529698 1.2827964236631695
55 1760 -0.39285378485660966 -0.22460833236501213 0.4780337762832353 0.5440023600077203 0.42273124329009887 1.1222742679915527 1.249719473862207
56 1792 -0.5685915362004573 -0.4053432973630623 0.4862609007607677 0.6202140612979827 0.33981580073011025 1.0411902956684427 1.3418077320465907
57 1824 -0.5856806533836414 -0.4639093826035915 0.4951311852368748 0.6930401037369803 0.3738524082120498 0.9501670153134992 1.3990772029749783
58 1856 -0.6629865743749075 -0.5053175189198985 0.3885063544075206 0.5287785900616514 0.40931751759055146 0.984124559895814 1.3652684792389291
59 1888 -0.6637251616447115 -0.462878372096016 0.2259527216669034 0.25471629670584767 0.48385741984545616 1.044709634684452 1.2940107327445072
60 1920 -0.7288995092776432 -0.5144499149317774 0.20470187485537356 0.22996954377189138 0.43721883418335056 1.035646026982601 1.3176786398171996
61 1952 -0.7483591030137982 -0.6034990728267301 0.3520946162433264 0.5257658157462771 0.3990280947160154 0.9174677210925646 1.4138704185251643
62 1984 -0.7140571220982865 -0.534197216750211 0.3540149229140175 0.47022573078735147 0.3775473655013972 1.0024692976685712 1.3610706425585837
63 2016 -0.8339764723975363 -0.6596094128172524 0.37129590084541453 0.5405639458193529 0.25438498241342256 0.9358382463629192 1.4350940935586418
64 2048 -0.7089473382139118 -0.5029906292348931 0.38167652894408116 0.47060887269138735 0.3056946709400069 1.051459806110155 1.342007095470689
65 2080 -0.5738379646953528 -0.4134721909732022 0.46278006705146707 0.5944983793375396 0.37315810571546976 1.0332387312149074 1.3390932575650776
66 2112 -0.630775033899197 -0.4224784750420077 0.38608744866257927 0.4473128643735857 0.35067671202972145 1.090597785963612 1.299085183077419
67 2144 -0.4984575882130338 -0.2899750556053689 0.3784558876926307 0.39278366951763233 0.42228443432193075 1.1473473618789425 1.2268944077298736
68 2176 -0.47472823954087295 -0.27688483805074865 0.3486183425592029 0.35927600127239573 0.47831862603308956 1.1369605862167849 1.215948978115201
69 2208 -0.3996416522656789 -0.23529793667491455 0.36221867290774507 0.3970471605112006 0.5415132537331155 1.1214828610216967 1.2037606026390646
70 2240 -0.5138667492098803 -0.3736661677831769 0.36691593056473254 0.4735760485873323 0.5266883157242944 1.0231217609468342 1.2945351599537787
71 2272 -0.4368490601972649 -0.33441962910604395 0.4120108280125633 0.5583915492942114 0.5514015218287105 0.9867463178697751 1.3123597318934406
72 2304 -0.37671656662945335 -0.30474439426995686 0.49006597396940005 0.6830305910230225 0.5050085833805315 0.9618480728885527 1.349005046466679
73 2336 -0.315611321681227 -0.2722426593619163 0.34925840808606107 0.5130567682494095 0.6733063599102264 0.9352481986058343 1.2930465392664654
74 2368 -0.4885564249510731 -0.360007604845679 0.30948315973543256 0.40409792782374226 0.5943438125531433 1.0125129318523194 1.2734099871257545
75 2400 -0.5954275011867038 -0.455543572582666 0.27104641134708923 0.37335914405296977 0.5594496735886443 0.9837213608731583 1.3112239880674164
76 2432 -0.40176345234311517 -0.34785206520098055 0.3817640810066978 0.5710580759337893 0.6164289265083858 0.9090823025242365 1.3392478283726843
77 2464 -0.08056868962433116 0.01640837135344915 0.5299558969265921 0.6041613444731928 0.5360035155653765 1.0318896715606474 1.2837071071813917
78 2496 -0.4656908876100498 -0.34180641293281006 0.4306697544486789 0.5642773355652688 0.5035409305706956 1.01454586074491 1.3103981180104645
79 2528 -0.5174673887858765 -0.4363122723460098 0.5253776917412193 0.7647858966637622 0.3978223210156293 0.9067228352450207 1.421123182889847
80 2560 -0.2878497757493578 -0.22918916872878267 0.5299573447837902 0.7243455756007393 0.4874362602160677 0.9816155924925917 1.3412071878729224
81 2592 -0.40593512869491855 -0.29842101673300303 0.5344976628028845 0.7046231106862648 0.4197884299986253 1.0103773690264892 1.3427267950697934
82 2624 -0.3504862949031675 -0.23642530148171095 0.578515579470709 0.7361015463667258 0.3743714386884989 1.0399720496426819 1.333530712753292
83 2656 -0.29821691974238884 -0.16656140375283224 0.5468894619971665 0.6530509012576095 0.42181859616539624 1.0791667482205742 1.2874269693711122
84 2688 -0.33362643022849664 -0.2352625453708981 0.5933077507318609 0.7711339645751821 0.36980154893779166 1.021519970455715 1.3489787857351079
85 2720 -0.29165579519712187 -0.1870282261875648 0.627800883904974 0.7947830182595966 0.3260852776671136 1.0396995669131255 1.3463629533856838
86 2752 -0.07725919262578869 0.04161712338890111 0.6682908644437063 0.7583057954472849 0.3317220415867592 1.0312313914601041 1.351488921298569
87 2784 0.009043417064225118 0.09167487108275048 0.6939122782102998 0.8120266265676243 0.35074572244242136 0.9967761213002105 1.372375605362487
88 2816 0.09164130038541438 0.15026029829058649 0.702017622063659 0.8273177320828444 0.37246162218726425 0.9684137225867973 1.3868839900666579
89 2848 0.05763896722891255 0.16136034653082548 0.6942756258075435 0.7681926729312033 0.3508149252351298 0.9739603341506944 1.3886432787916911
90 2880 0.31740503628632494 0.3905278316682511 0.7736343136876531 0.8282136789788609 0.3247526518933356 0.8366190845032183 1.4814196645560112
91 2912 0.19584253487926992 0.2665355115625436 0.7835788663929666 0.8852336746531673 0.25570680177665045 0.9154625097328254 1.4479442063832548
92 2944 0.31731949306552043 0.36153588344539483 0.8267374688293059 0.9375882735774018 0.20605023798903252 0.8639653094565072 1.4869792343810264
93 2976 0.37840936365586897 0.42455189604404076 0.833071981375316 0.9231028107642361 0.23002661529364035 0.8208773319118744 1.5077294724882822
94 3008 0.29459944495215507 0.3496831855726059 0.7947095333066264 0.8879679085975157 0.2814484207953679 0.8660708032096702 1.4733323285191124
95 3040 0.12621385535421964 0.16901321777881606 0.7392888297127128 0.8865813379327486 0.31024447399884 0.9616495068424307 1.406761739721014
96 3072 -0.07660045504175766 -0.03040759133092753 0.6648651282966189 0.850429837794971 0.3604773521084801 1.0094719736503854 1.3605228454646598
97 3104 0.16388134224420448 0.20768811911078705 0.772786140381263 0.917345370604839 0.25483827316923535 0.9461202432762532 1.4282555582916543
98 3136 -0.10815722278166152 -0.04975379866524463 0.7175556002856743 0.9149219758195638 0.2369896458684619 1.014272008287851 1.3838671182432474
99 3168 0.15252820517706145 0.19790414212947832 0.795147183260035 0.9488522600178037 0.18152732909766034 0.9517299095617942 1.4357081904189894
100 3200 0.19977092535668511 0.2575815226249679 0.8076458585526536 0.9331900399269327 0.18894756841182536 0.9221657376520634 1.4539288733263003
101 3232 0.05143750370611466 0.10581566962073072 0.7703239343958747 0.9374485234063066 0.1930557428347369 0.9862984607047542 1.4106540421272538
