% # columns="iteration, evaluation, sigma, max axis length,  min axis length, all principal axes lengths  (sorted square roots of eigenvalues of C)", seed=1, Sun Feb 22 05:31:51 2026
1 32 0.15068641267255395 1.0000333338888951 1.0 1.0 1.0000166668055563 1.0000333338888951
2 64 0.1556880119727522 1.1100615203603115 0.773048629385889 0.773048629385889 0.905474617615141 1.1100615203603115
3 96 0.1382447761751579 1.0095919867725218 0.5726934081046908 0.5726934081046908 0.8815839027768483 1.0095919867725218
4 128 0.14942234729757317 0.9006200478951923 0.5151090068947731 0.5151090068947731 0.7414828664111204 0.9006200478951923
5 160 0.1556372401547952 0.9110809267902436 0.4371717993170782 0.4371717993170782 0.6316298187984088 0.9110809267902436
6 192 0.16924763028084708 0.7555868229305787 0.38843639793640566 0.38843639793640566 0.7051570639890835 0.7555868229305787
7 224 0.16029255946728732 0.7932327917312728 0.3666410679202312 0.3666410679202312 0.7247177031428049 0.7932327917312728
8 256 0.15744498143110666 0.7683122963958987 0.3154134276841919 0.3154134276841919 0.659533220822928 0.7683122963958987
9 288 0.1689780468241062 0.781496606142186 0.24438182691828045 0.24438182691828045 0.5253374223668997 0.781496606142186
10 320 0.1670172499347561 0.7469046283263546 0.24670388755686495 0.24670388755686495 0.43778489917493213 0.7469046283263546
11 352 0.1578892510732847 0.6128007153021507 0.228407556190245 0.228407556190245 0.356165119343762 0.6128007153021507
12 384 0.1417392242018271 0.5067169404795575 0.2043803498438871 0.2043803498438871 0.290471453288435 0.5067169404795575
13 416 0.16247046584097624 0.4070952980783883 0.15343179154453612 0.15343179154453612 0.25932881348786113 0.4070952980783883
14 448 0.13704212103569297 0.3945652602601032 0.13914551416896898 0.13914551416896898 0.24703921589321448 0.3945652602601032
15 480 0.12361792247749728 0.3341795989649517 0.11798958179471389 0.11798958179471389 0.19340650299498754 0.3341795989649517
16 512 0.11160604476480061 0.33345078435952363 0.09831391750998175 0.09831391750998175 0.17916661955697463 0.33345078435952363
17 544 0.13298278786581127 0.3375702971855373 0.08856091974889689 0.08856091974889689 0.14535907245834273 0.3375702971855373
18 576 0.1869683526405348 0.3351151026887376 0.08428160104174279 0.08428160104174279 0.12532076913309928 0.3351151026887376
19 608 0.16096233019855893 0.3323250484223405 0.07492325657556068 0.07492325657556068 0.13393073785975904 0.3323250484223405
20 640 0.15594532513105938 0.27617687304092564 0.057983669394394546 0.057983669394394546 0.12012935776322073 0.27617687304092564
21 672 0.14060148023487884 0.24531011422867252 0.04132401891610708 0.04132401891610708 0.10304782949627737 0.24531011422867252
22 704 0.13895012906092954 0.2470624971098631 0.04075726053900324 0.04075726053900324 0.08364456797191507 0.2470624971098631
23 736 0.12814728618300444 0.19262247361938165 0.041388437157056 0.041388437157056 0.07743222414079053 0.19262247361938165
24 768 0.10764131071971059 0.20131338903414675 0.03940359615769665 0.03940359615769665 0.06281361380617148 0.20131338903414675
25 800 0.11464841462430858 0.17629889161965087 0.03462232553095385 0.03462232553095385 0.04854736276792313 0.17629889161965087
26 832 0.12754834146418237 0.13755121354470426 0.032095067828047316 0.032095067828047316 0.05371507550672128 0.13755121354470426
27 864 0.13166505973538595 0.13673887398236398 0.028402406060596207 0.028402406060596207 0.056060553426293555 0.13673887398236398
28 896 0.1288412167586175 0.13712152059831043 0.02370980494479682 0.02370980494479682 0.046476285422468656 0.13712152059831043
29 928 0.11936906811853475 0.13737507727613466 0.021540012253181407 0.021540012253181407 0.03905498015212541 0.13737507727613466
30 960 0.12647558526868857 0.1146157496848418 0.019550742240574952 0.019550742240574952 0.031692245344674734 0.1146157496848418
31 992 0.12373943373207179 0.12069345963355803 0.01408114340804576 0.01408114340804576 0.026391738617143324 0.12069345963355803
32 1024 0.12285821683855588 0.1083841703694998 0.011355962699105616 0.011355962699105616 0.02915912618529535 0.1083841703694998
33 1056 0.10617590212214814 0.10538076344663815 0.00966206670630467 0.00966206670630467 0.02936266548679313 0.10538076344663815
34 1088 0.10868496588757048 0.09498012358355401 0.007737747535307606 0.007737747535307606 0.028867267102884408 0.09498012358355401
35 1120 0.08970260480534735 0.08587879953548672 0.008307476436006184 0.008307476436006184 0.026248991659134288 0.08587879953548672
36 1152 0.07991217707589963 0.07084202620158382 0.007449401040979943 0.007449401040979943 0.022902063357656113 0.07084202620158382
37 1184 0.10418266146376762 0.0689143945374354 0.006397682585218195 0.006397682585218195 0.019762425398018348 0.0689143945374354
38 1216 0.11379286163936786 0.08485749429792216 0.006159723621469324 0.006159723621469324 0.01908587879716796 0.08485749429792216
39 1248 0.09343450238440412 0.06770381464005017 0.004706516736726489 0.004706516736726489 0.019686639074597494 0.06770381464005017
40 1280 0.08064125179938247 0.052704434313459524 0.0039909832593624265 0.0039909832593624265 0.017989261930560954 0.052704434313459524
41 1312 0.07972286144016089 0.056406895131646845 0.003759847110921699 0.003759847110921699 0.014252649195935283 0.056406895131646845
42 1344 0.07887065761878269 0.052383610669493264 0.003637387982817838 0.003637387982817838 0.01170086411583142 0.052383610669493264
43 1376 0.06718612167742243 0.05332482881823506 0.0030378965522845007 0.0030378965522845007 0.0102337024101461 0.05332482881823506
44 1408 0.06987779947171237 0.061764674094057045 0.0029377437334724525 0.0029377437334724525 0.009261420567333926 0.061764674094057045
45 1440 0.06754163542625793 0.06062745550905357 0.0025333446034169708 0.0025333446034169708 0.009501382821542318 0.06062745550905357
46 1472 0.0800504350249096 0.0686275354219066 0.0024217011557464583 0.0024217011557464583 0.009684509754488497 0.0686275354219066
47 1504 0.08074414930611602 0.07406004729396154 0.0021127562179323587 0.0021127562179323587 0.00999816953708954 0.07406004729396154
48 1536 0.11316276023831887 0.07938124693004528 0.0017017838531749087 0.0017017838531749087 0.008756785303117593 0.07938124693004528
49 1568 0.09911170971855839 0.08771819561872223 0.0015921563664014168 0.0015921563664014168 0.009528729934292535 0.08771819561872223
50 1600 0.09087021074026373 0.06174911579464236 0.001577331877603954 0.001577331877603954 0.009585595129479013 0.06174911579464236
51 1632 0.0815410911134808 0.05058918344170382 0.0014267391440576714 0.0014267391440576714 0.007800600583427422 0.05058918344170382
52 1664 0.07330719857249719 0.04165908470507477 0.0013327517048039325 0.0013327517048039325 0.006988544961343542 0.04165908470507477
53 1696 0.06857242888998541 0.03581349814870549 0.0012150413653452012 0.0012150413653452012 0.008050538817519597 0.03581349814870549
54 1728 0.06411537241640677 0.0292673514781168 0.0012054231896312475 0.0012054231896312475 0.007471964813778286 0.0292673514781168
55 1760 0.06133207525992248 0.02599085753532584 0.0010706703153719004 0.0010706703153719004 0.007188055151863339 0.02599085753532584
56 1792 0.05872985548188538 0.025298529604262897 0.0009336343772855132 0.0009336343772855132 0.0071606743398822765 0.025298529604262897
57 1824 0.06033858303131611 0.026646156113089594 0.000903130979016299 0.000903130979016299 0.006452571263905097 0.026646156113089594
58 1856 0.05868405527199954 0.02696934385456028 0.0008111108708233164 0.0008111108708233164 0.006552299016626987 0.02696934385456028
59 1888 0.05497377814807649 0.025186524602648506 0.0007554986525548805 0.0007554986525548805 0.007131294081093914 0.025186524602648506
60 1920 0.05439674217243961 0.024833457842840523 0.0006569072582413538 0.0006569072582413538 0.007062745685160683 0.024833457842840523
61 1952 0.05361070434793977 0.02421993822984536 0.0006277678015008785 0.0006277678015008785 0.0070236719573887945 0.02421993822984536
62 1984 0.07627596926641433 0.026897992460048432 0.0005616304665826655 0.0005616304665826655 0.0062771708622566 0.026897992460048432
63 2016 0.07725162050647931 0.023007518223984197 0.0005515425632400767 0.0005515425632400767 0.008142358614047046 0.023007518223984197
64 2048 0.0692535091248183 0.01909053608770462 0.0005269614354172135 0.0005269614354172135 0.007248280528963931 0.01909053608770462
65 2080 0.06827212866855761 0.015559247983492919 0.0005572729174916487 0.0005572729174916487 0.007086196708881238 0.015559247983492919
66 2112 0.07030156562400153 0.016951658157046558 0.0004465000652747243 0.0004465000652747243 0.006445485904765435 0.016951658157046558
67 2144 0.057590890512512725 0.018655873066484006 0.0005285387490274725 0.0005285387490274725 0.005605617077901363 0.018655873066484006
68 2176 0.06401332437133779 0.017773375238600456 0.00047484253316138717 0.00047484253316138717 0.004321925412975721 0.017773375238600456
69 2208 0.057237450726937186 0.018260910566569977 0.0004900756353383059 0.0004900756353383059 0.004836759748867426 0.018260910566569977
70 2240 0.04929281722360799 0.020790908286425006 0.00043673840946459915 0.00043673840946459915 0.003878825719549042 0.020790908286425006
71 2272 0.056704412033819526 0.021611350560828246 0.0003401162086111488 0.0003401162086111488 0.0032649684821046215 0.021611350560828246
72 2304 0.06166214185883673 0.023885154945539496 0.0002951427440936086 0.0002951427440936086 0.003770556634009351 0.023885154945539496
73 2336 0.056246800575951016 0.020328202449140555 0.000353581769198136 0.000353581769198136 0.0031569182450657406 0.020328202449140555
74 2368 0.05190091182107739 0.01939453803371655 0.00044432515806180743 0.00044432515806180743 0.002582998361823258 0.01939453803371655
75 2400 0.06103364181923077 0.017136151015766907 0.0004375421764574203 0.0004375421764574203 0.0024291390999703595 0.017136151015766907
76 2432 0.07843527274677534 0.015508237052192609 0.0004217062407720285 0.0004217062407720285 0.002729210796802154 0.015508237052192609
77 2464 0.07688311471662734 0.017205326665032723 0.0004688833785774719 0.0004688833785774719 0.002382101228545353 0.017205326665032723
78 2496 0.06983517524330977 0.01700468389739983 0.0004022074261777485 0.0004022074261777485 0.002662366049251866 0.01700468389739983
79 2528 0.07113063432365672 0.01518072996306781 0.0004072425773635638 0.0004072425773635638 0.002307883748081351 0.01518072996306781
80 2560 0.06293536087303021 0.014526813371252261 0.0004690021183829289 0.0004690021183829289 0.002289444901207878 0.014526813371252261
81 2592 0.0621988717021821 0.012113529249184072 0.0004254002352456179 0.0004254002352456179 0.002201253245215943 0.012113529249184072
82 2624 0.05318382845388719 0.012436885876825579 0.0003720149686649325 0.0003720149686649325 0.002188332935620688 0.012436885876825579
83 2656 0.05128927468362626 0.01221347624119286 0.0003056469927156008 0.0003056469927156008 0.0021072074404756 0.01221347624119286
84 2688 0.051625673762160505 0.010887172598980024 0.0002906413233120704 0.0002906413233120704 0.0017652568851759978 0.010887172598980024
85 2720 0.048903158049985226 0.01357956636417951 0.00023969827999464392 0.00023969827999464392 0.0016676607740056739 0.01357956636417951
86 2752 0.04968550368233778 0.013732516979553234 0.0002367001679782901 0.0002367001679782901 0.001457322032581748 0.013732516979553234
87 2784 0.05562579192265986 0.013707259557062354 0.00022702367783830724 0.00022702367783830724 0.0016628634159382807 0.013707259557062354
88 2816 0.04598240138469708 0.012808861665122294 0.0002617147324442368 0.0002617147324442368 0.0018574989166017766 0.012808861665122294
89 2848 0.039691095745296646 0.01412751058224826 0.00025668044520940007 0.00025668044520940007 0.0016143853311346478 0.01412751058224826
90 2880 0.03350204893108283 0.014170666520638166 0.00021348476700262564 0.00021348476700262564 0.0015675053242777887 0.014170666520638166
91 2912 0.030133622507192905 0.016476512176238262 0.00023356977888180339 0.00023356977888180339 0.0014980717397240924 0.016476512176238262
92 2944 0.028049916278093667 0.01670680712387136 0.00020255829583978126 0.00020255829583978126 0.0016749131877144522 0.01670680712387136
93 2976 0.030992945928631378 0.01788939557279089 0.00018196080924193442 0.00018196080924193442 0.0015242045927426541 0.01788939557279089
94 3008 0.026645919903786775 0.023128215798003237 0.000156182643789104 0.000156182643789104 0.0013322981269561314 0.023128215798003237
95 3040 0.02585817794348242 0.03168783042325937 0.00013117817077253375 0.00013117817077253375 0.0010956047850162604 0.03168783042325937
96 3072 0.025627127483756184 0.032042994123068054 0.00011910069833921615 0.00011910069833921615 0.001185989707623087 0.032042994123068054
97 3104 0.025244619985605076 0.02532761492004225 0.00010900888695172373 0.00010900888695172373 0.0013326492852708013 0.02532761492004225
98 3136 0.023797477403770372 0.02685816925476801 0.00010901604526733174 0.00010901604526733174 0.001090133374374705 0.02685816925476801
99 3168 0.0225889623493571 0.026180469277935596 9.298628871594691e-05 9.298628871594691e-05 0.001047046026562443 0.026180469277935596
100 3200 0.023047426467807105 0.022547330995015685 7.893255170235826e-05 7.893255170235826e-05 0.0009764774117963851 0.022547330995015685
101 3232 0.020995762539064204 0.02311510536214753 6.782763153582746e-05 6.782763153582746e-05 0.0011439398390245506 0.02311510536214753
