% # columns="iteration, evaluation, sigma, void, void,  stds==sigma*sqrt(diag(C))", seed=1, Sun Feb 22 05:31:51 2026, <python>{}</python>
1 32 0.15068641267255395 0 0 0.15877902444637196 0.12272243312349068 0.1410465498838465
2 64 0.1556880119727522 0 0 0.14902060519786542 0.10241344490246823 0.13710661932990426
3 96 0.1382447761751579 0 0 0.11345681739085246 0.07959332428744902 0.10896207504944493
4 128 0.14942234729757317 0 0 0.12250594645010153 0.0871330006290286 0.09543447568514397
5 160 0.1556372401547952 0 0 0.10925946397168688 0.0745866189894444 0.10967210214023022
6 192 0.16924763028084708 0 0 0.11560997244948816 0.07744084240851631 0.13250029046075645
7 224 0.16029255946728732 0 0 0.11066728568235415 0.06661404618148402 0.11052112199705595
8 256 0.15744498143110666 0 0 0.11559364710102245 0.053562790466294044 0.08503137498746074
9 288 0.1689780468241062 0 0 0.11573601252938026 0.0624078254011303 0.07648418451003712
10 320 0.1670172499347561 0 0 0.09410961012830987 0.052247818753175024 0.06231003141026826
11 352 0.1578892510732847 0 0 0.07297400047241298 0.04373446412172577 0.04803735771458293
12 384 0.1417392242018271 0 0 0.050527958845219066 0.03271563658707095 0.03911633679545038
13 416 0.16247046584097624 0 0 0.06063176510552661 0.030836623925129925 0.04005485531127031
14 448 0.13704212103569297 0 0 0.044357468479025476 0.019120579793752635 0.026983604745195712
15 480 0.12361792247749728 0 0 0.040512990752912745 0.013342858701544813 0.022760535439415083
16 512 0.11160604476480061 0 0 0.03737952515007964 0.010860538932424748 0.016281679914071683
17 544 0.13298278786581127 0 0 0.044104994327054066 0.011489928846343528 0.01766600325003893
18 576 0.1869683526405348 0 0 0.061329632283942906 0.014658660946820175 0.026603401374298317
19 608 0.16096233019855893 0 0 0.04401930413808899 0.00998934807044829 0.019991981350818477
20 640 0.15594532513105938 0 0 0.03764753040672557 0.007120638920189813 0.01718052774371057
21 672 0.14060148023487884 0 0 0.03444134487691619 0.006079827680881319 0.012436344464561192
22 704 0.13895012906092954 0 0 0.026429475270426234 0.006548946473518864 0.01112604567122544
23 736 0.12814728618300444 0 0 0.02510085502496776 0.00563409959145729 0.009696312842000987
24 768 0.10764131071971059 0 0 0.018651730029211097 0.0038999974571303983 0.006182889156258219
25 800 0.11464841462430858 0 0 0.01558056428915568 0.0037359491682487705 0.006591476951016909
26 832 0.12754834146418237 0 0 0.01695165969143753 0.003694521018632873 0.008211351791240972
27 864 0.13166505973538595 0 0 0.017642425288915634 0.003177997125678717 0.007196344673721818
28 896 0.1288412167586175 0 0 0.01736115571025259 0.002954576221448746 0.00601311051132936
29 928 0.11936906811853475 0 0 0.013538094983525652 0.002626752315974415 0.004094351207986872
30 960 0.12647558526868857 0 0 0.01514088911587081 0.0021642853046847177 0.0036600623956066325
31 992 0.12373943373207179 0 0 0.01331558532422211 0.002178083951627882 0.0035790834107963594
32 1024 0.12285821683855588 0 0 0.01283836817096732 0.002373402570229835 0.003404125765150367
33 1056 0.10617590212214814 0 0 0.009920546847704019 0.002067792888729619 0.0030125380654174513
34 1088 0.10868496588757048 0 0 0.009300669099944658 0.001930168761385865 0.0024175807480514766
35 1120 0.08970260480534735 0 0 0.006338122355002429 0.001481229275003775 0.0016381532996193942
36 1152 0.07991217707589963 0 0 0.005488673023948262 0.0010544380392629488 0.0013587524174350414
37 1184 0.10418266146376762 0 0 0.008828595567098136 0.0014301089948484482 0.0015918337669532864
38 1216 0.11379286163936786 0 0 0.007695458816245061 0.001519427572305007 0.0017695881800114058
39 1248 0.09343450238440412 0 0 0.004917261496932625 0.001082127898534019 0.0013651290478879545
40 1280 0.08064125179938247 0 0 0.004542294133629256 0.0007254613965745538 0.0009721551670562218
41 1312 0.07972286144016089 0 0 0.004163366019869724 0.0006845727020203882 0.0007696790125288829
42 1344 0.07887065761878269 0 0 0.004190097223100497 0.0006309553294444792 0.0006650682773942691
43 1376 0.06718612167742243 0 0 0.004133877612322144 0.0005308200286309578 0.0005250470623634323
44 1408 0.06987779947171237 0 0 0.004205696840328266 0.0005768633091666523 0.0006320878551689963
45 1440 0.06754163542625793 0 0 0.004611908519376956 0.0005802276161525286 0.0005774715524219374
46 1472 0.0800504350249096 0 0 0.005846973678018278 0.0009313868153656163 0.000873022755054253
47 1504 0.08074414930611602 0 0 0.0063118117296853335 0.0009798619687956594 0.000895723626991394
48 1536 0.11316276023831887 0 0 0.009844200685251743 0.0012378423702116572 0.0011352186959578865
49 1568 0.09911170971855839 0 0 0.006079457828513051 0.0008794373413423339 0.0008055724361435024
50 1600 0.09087021074026373 0 0 0.004581343866234886 0.0005979172678905614 0.000553096500187176
51 1632 0.0815410911134808 0 0 0.0033844756061718255 0.00046747754134302563 0.00044994145994698646
52 1664 0.07330719857249719 0 0 0.0026232080574899483 0.00043439200163580393 0.00042304437148781666
53 1696 0.06857242888998541 0 0 0.002005026000420997 0.00037592868314700574 0.0003683561254882389
54 1728 0.06411537241640677 0 0 0.0016661735294756742 0.0003266830710006659 0.0003334466287334806
55 1760 0.06133207525992248 0 0 0.0015466204662182978 0.00031876325385446014 0.00033167744957235623
56 1792 0.05872985548188538 0 0 0.0015556247237895366 0.00027531106898372025 0.00031567133926866357
57 1824 0.06033858303131611 0 0 0.0016219508000534547 0.0002699059857812891 0.00032125932714194565
58 1856 0.05868405527199954 0 0 0.0014732370294598884 0.0002860867701558342 0.0003308374208307283
59 1888 0.05497377814807649 0 0 0.00134454755624858 0.00029060901461119826 0.0003514736817012502
60 1920 0.05439674217243961 0 0 0.0013038961812770243 0.00027822897513888966 0.00032457932329549847
61 1952 0.05361070434793977 0 0 0.0014325514745163108 0.00024522377654484794 0.00028502430809386454
62 1984 0.07627596926641433 0 0 0.0017443951339545548 0.00043564274635806734 0.0004842943781224925
63 2016 0.07725162050647931 0 0 0.0014623936744423212 0.0003947732019497179 0.00044239269645183945
64 2048 0.0692535091248183 0 0 0.0010761996255523368 0.0003406554801662566 0.0003593656023340721
65 2080 0.06827212866855761 0 0 0.0011540076612103385 0.0003100814211203426 0.0003257137569776526
66 2112 0.07030156562400153 0 0 0.0013008810588738464 0.00029549986834152006 0.0003117697895985637
67 2144 0.057590890512512725 0 0 0.0010113430606435853 0.0002011429851931947 0.00021714686880612674
68 2176 0.06401332437133779 0 0 0.001156908137510846 0.0002381720644458306 0.0002609769464632451
69 2208 0.057237450726937186 0 0 0.0011818352882675106 0.00017553689551112167 0.00019624357174430015
70 2240 0.04929281722360799 0 0 0.0010623155021607096 0.00011911819424357902 0.00013531436910248077
71 2272 0.056704412033819526 0 0 0.0013504275910464435 0.00015663341249219108 0.0001794076635582049
72 2304 0.06166214185883673 0 0 0.0012518110056921959 0.00013517787068842446 0.00015581495991263912
73 2336 0.056246800575951016 0 0 0.0010889780804860145 0.00010129304425201777 0.000124978512676268
74 2368 0.05190091182107739 0 0 0.0008881797525644644 8.474766052313541e-05 0.00010660740400022278
75 2400 0.06103364181923077 0 0 0.0009444693908514858 0.00010653127042662028 0.0001447271199570748
76 2432 0.07843527274677534 0 0 0.0013459998696915274 0.000122578662433143 0.00017516622617582496
77 2464 0.07688311471662734 0 0 0.001307357768544739 0.00012486635879393164 0.00016523624127045425
78 2496 0.06983517524330977 0 0 0.0010601095327188253 9.810186338196664e-05 0.00013131884549697146
79 2528 0.07113063432365672 0 0 0.0010331852594105614 9.964340229894394e-05 0.00013395607549898338
80 2560 0.06293536087303021 0 0 0.0007620952705364266 8.701610254738169e-05 0.00011293885813434614
81 2592 0.0621988717021821 0 0 0.000773493550029493 8.485999831847992e-05 0.00010937934281925657
82 2624 0.05318382845388719 0 0 0.000649276142100835 7.033414413645878e-05 9.080103609154726e-05
83 2656 0.05128927468362626 0 0 0.0005583654434388465 5.5963539045024084e-05 7.294363670453805e-05
84 2688 0.051625673762160505 0 0 0.0007004935869259362 5.603849918970496e-05 7.218605960858684e-05
85 2720 0.048903158049985226 0 0 0.0006706462708206845 5.0900504713320735e-05 6.20745564656021e-05
86 2752 0.04968550368233778 0 0 0.0006810032891930086 5.066666491702018e-05 6.672853674264488e-05
87 2784 0.05562579192265986 0 0 0.0007123648741051448 6.454260780122429e-05 8.318130948455857e-05
88 2816 0.04598240138469708 0 0 0.0006486886310288725 4.804469807444019e-05 6.742940905339518e-05
89 2848 0.039691095745296646 0 0 0.0005614012365903748 4.0286827380536845e-05 5.913922487392773e-05
90 2880 0.03350204893108283 0 0 0.0005518035507718602 2.9852322914869386e-05 4.361640931318726e-05
91 2912 0.030133622507192905 0 0 0.00050342039806393 2.847926996723172e-05 4.230676402502803e-05
92 2944 0.028049916278093667 0 0 0.0005016773854408537 2.436747427547095e-05 3.713812121095019e-05
93 2976 0.030992945928631378 0 0 0.0007166585767217442 2.4051059749907662e-05 3.700357512357629e-05
94 3008 0.026645919903786775 0 0 0.00084415786342733 1.8228203741129195e-05 2.9308332329246748e-05
95 3040 0.02585817794348242 0 0 0.0008283957775774709 1.819245527885534e-05 3.022258183068199e-05
96 3072 0.025627127483756184 0 0 0.0006488476194766359 2.0218517616529664e-05 3.2545635867094256e-05
97 3104 0.025244619985605076 0 0 0.0006778508710769218 1.649762729092411e-05 2.6979040426392055e-05
98 3136 0.023797477403770372 0 0 0.0006228141045583053 1.521046612097782e-05 2.573482173489934e-05
99 3168 0.0225889623493571 0 0 0.0005090959482534235 1.3886207655754888e-05 2.293238931212549e-05
100 3200 0.023047426467807105 0 0 0.0005323449887946992 1.723387734448607e-05 2.87262407514462e-05
101 3232 0.020995762539064204 0 0 0.00044902010122452367 1.2654936675344756e-05 2.1619774077434598e-05
