% # columns="iteration, evaluation, min max(neg(.)) min(pos(.)) max correlation, correlation matrix principal axes lengths  (sorted square roots of eigenvalues of correlation matrix)", seed=1, Sun Feb 22 05:31:51 2026
1 32 -0.2130761056998585 -0.17855928979506744 0.08040285083855955 0.13220674847831082 0.8817488667731902 0.9665105495359209 1.135066647197409
2 64 -0.3902584304020379 -0.291004238631825 0.03818665569944471 0.048662762039655 0.7783535654708229 1.000829245406462 1.180045146872775
3 96 -0.34478328988073637 -0.30315213281267517 -3.4701583962390425e-06 0.05941492699163556 0.7959898539575772 0.9756588649711267 1.1893233082723333
4 128 -0.5536018874576158 -0.4513397901747078 0.03515434946592433 0.09505696539656033 0.6663985695461092 0.976982708340849 1.2654713485930367
5 160 -0.4852147527873995 -0.37423605055314174 -0.02053398140528767 -0.013611993923594055 0.7153287466689372 1.0011487439586453 1.2190184480388617
6 192 -0.4354546131982155 -0.3836479811626358 -0.10388949839577688 -0.06244330284240355 0.6934343057536891 1.0252203365786856 1.211640262235201
7 224 -0.5647397618214167 -0.47449926100044254 0.029337773354788106 0.10704295065222416 0.6530319980397303 0.9658906666716836 1.280860815847205
8 256 -0.6495987062398733 -0.5380457364698422 0.07077321565863955 0.16215989659810245 0.5907487409435175 0.954490144993984 1.3190771350391202
9 288 -0.6896070122169242 -0.5732922496091116 0.09042345636883073 0.19534726242033223 0.556526473351243 0.9436685763163977 1.3415542860921472
10 320 -0.6243382266463272 -0.5092146216168083 0.13958059019092267 0.24072205576398087 0.608625544530992 0.9453558179895125 1.3175269727552956
11 352 -0.6053416135486995 -0.49991752986201965 0.13150943708605695 0.23656100904873592 0.6261329189214313 0.9386129712813754 1.3141397406612725
12 384 -0.6640005151092023 -0.5321828621355545 0.18356965170015152 0.29033617000507245 0.5628778723966065 0.9493698732992667 1.3348652907458507
13 416 -0.6221858610021025 -0.453249811640441 0.054885482433456464 0.0553278644297608 0.606982583955998 1.0046809175322902 1.2736515994260655
14 448 -0.49270471876833427 -0.37891545398363247 0.11234740640807253 0.16231242842060573 0.7009769218840854 0.9888168750821434 1.2372843418304047
15 480 -0.39366575668594067 -0.3176206707990042 0.12256673497693121 0.19325078434863988 0.7689810461758697 0.9645449019820941 1.2158623617345092
16 512 -0.30591026708660285 -0.2952056717806519 0.06314649680730589 0.1718926243640075 0.8191381363603099 0.9116479445159501 1.223891636878037
17 544 0.02469152711516282 0.06964841443983402 0.2836943681303098 0.31008613203579716 0.7997381315214809 0.9885941508075382 1.1760529435274811
18 576 0.21769953572127188 0.2200311108012506 0.29651420303663456 0.3196769920351171 0.8246574809462992 0.8985146592178804 1.2298826961502793
19 608 0.19461907633301223 0.21145192958330422 0.2923777521600056 0.30252017310194745 0.8260321034247705 0.8994902769232003 1.228245987509128
20 640 0.2505289849286957 0.2735255793603601 0.37170907478889237 0.3814403121667387 0.7714939589540077 0.8672920610905316 1.2855355117875233
21 672 0.03626017798931582 0.09820068971306323 0.3274070716510451 0.34186868723995834 0.7569370559485141 0.9820194047266236 1.2094148097622932
22 704 -0.1014152229073042 0.005612539002270905 0.34195578373380675 0.3470424367347436 0.6856018401217069 1.0493865191589797 1.1952983101423382
23 736 0.10212705428538232 0.15829036343593594 0.5169596759375157 0.5803528042874886 0.6113643249706256 0.9556380457504503 1.3088122812945597
24 768 0.09955596813369505 0.1285752963157742 0.45885203817188647 0.5399249572751781 0.6684361012834364 0.9656539406423004 1.2730693796580752
25 800 -0.143494098980774 -0.12534865461265793 0.23521043578300335 0.3372513548801077 0.8088925487493178 0.9745995743072672 1.1814603312587042
26 832 0.12467007464120211 0.1399066489360803 0.3808682448247977 0.4459522024928253 0.7411942633264348 0.956327007124658 1.2393827977892777
27 864 0.07808643748203704 0.10437594145922818 0.4161400624739856 0.49377193216838033 0.7032049762513063 0.9745282159989709 1.2473161257665446
28 896 -0.08968378327347545 -0.01918495989058499 0.454814332214915 0.5423152728671913 0.6259498441325941 1.0274578439475268 1.2460004701207301
29 928 -0.2200039402653231 -0.12641359497108268 0.38105729652259973 0.45662391505958677 0.6494270358780144 1.0564268013763212 1.2092174901168486
30 960 -0.358643529442207 -0.25157129916465565 0.40584822303008966 0.5179158334841201 0.5797909015460625 1.032033433754081 1.264416664750257
31 992 -0.6608671547440115 -0.5220370658629795 0.2941241530569402 0.42734780381588133 0.5082223496300734 0.9508129617778209 1.3556049406267943
32 1024 -0.7653958254451554 -0.6124127249033506 0.3081458472114567 0.4620156040412546 0.40974597618172104 0.9301140167047125 1.4024963996147424
33 1056 -0.8350359415412585 -0.689097704791065 0.3486090372705576 0.5485730478742384 0.3208305924798842 0.8785871097188461 1.4577902529393212
34 1088 -0.786630215956478 -0.6024609385533067 0.22014787631084504 0.3101815371957245 0.41288867892748915 0.9828377378597984 1.3651201118773935
35 1120 -0.8012808747726854 -0.6234594756412599 0.16843032385973677 0.2545721912286436 0.4259107390195939 0.9738868025380593 1.3675322805074768
36 1152 -0.7810226054351221 -0.6030091036444192 0.21935278377295805 0.31545991112138083 0.4239506474159369 0.9758418659504708 1.366747416757724
37 1184 -0.7898515771579745 -0.6121218091726179 0.2087958690927371 0.3047053271958322 0.42112669883627907 0.9732638689910712 1.3694560032523093
38 1216 -0.8746797925077902 -0.6678385173982619 0.15920911459159712 0.2280503834786886 0.3264802596282812 0.988405975939157 1.3843642103149059
39 1248 -0.8966145560882541 -0.6956198366004029 0.12743054871250364 0.20078595766228807 0.31102216534578414 0.9802137509617439 1.3937166911137746
40 1280 -0.8619164257894038 -0.690871897593836 0.11868535239519579 0.21749324086263866 0.3702931996880927 0.9582518810144217 1.3945021616322713
41 1312 -0.8264848798752127 -0.6795722572353189 0.2259275512932715 0.38084819816290777 0.39951231427211525 0.9077330725869308 1.4200037252334332
42 1344 -0.8334007288233976 -0.6925998747270096 0.2985717700267879 0.4881614641816657 0.36412142678072573 0.8770460457769294 1.4485184914754181
43 1376 -0.7905531049734748 -0.665071138739532 0.38761167745086494 0.613023983280388 0.35484341919465995 0.8498002273851977 1.4669443484298603
44 1408 -0.8578282049047271 -0.758219690615973 0.42136654830346076 0.7149534469878513 0.28408901497822964 0.7428102953293247 1.5386768006054623
45 1440 -0.8662930170312428 -0.7525109667083762 0.406635190751226 0.6792351929148934 0.2707943034979834 0.777779038413922 1.5237224854273683
46 1472 -0.9399279274440872 -0.8752301253200521 0.44812800363959104 0.824549577835437 0.180323861978724 0.5766588432019282 1.6232522549986164
47 1504 -0.9696611037916619 -0.9258232076399892 0.45186817847777405 0.8672607443653556 0.14327988962797406 0.47257538594615284 1.6601636599522471
48 1536 -0.9670136603536202 -0.9010214695427192 0.42087882929957826 0.7955200714361098 0.1493486046289029 0.5735559465271617 1.6274914962907583
49 1568 -0.9619407279927189 -0.8576090529535114 0.32377165120327683 0.6132335442163321 0.18506715516156086 0.7314305898398064 1.55908929838127
50 1600 -0.9433401066769656 -0.8091016962323192 0.2752065290135421 0.5024041936508494 0.22440616930252658 0.8248708341517269 1.506396354929472
51 1632 -0.9386717364337706 -0.8019401718828746 0.2644294708168534 0.4831544538325334 0.23598860479009287 0.8355019240930739 1.4987481153436015
52 1664 -0.9509253299472483 -0.7403891448076663 0.13473284612788147 0.2159039913001487 0.20712698820788206 0.9764722515473964 1.4154859069287447
53 1696 -0.9484576240798813 -0.7423843029548094 0.11116352643281324 0.1896061484369489 0.2218717540088871 0.9761805912824987 1.4134512294297141
54 1728 -0.9534135640748895 -0.7154654580623184 0.06182065854011598 0.08296792472835628 0.2076581334443972 0.999859976095921 1.3989846774771524
55 1760 -0.9594109957401219 -0.7649555954332412 0.19123946221055743 0.315515747784943 0.17516355649364598 0.94576925106574 1.4404298845188706
56 1792 -0.9479976780889495 -0.7811381487599203 0.2778178189011037 0.463943612125749 0.17773809027508072 0.885837769764548 1.477734961663944
57 1824 -0.9576346822185113 -0.767876248539151 0.22189512495398728 0.36206048243900657 0.16545347933845483 0.9334980626239205 1.4495539014649255
58 1856 -0.9686111024990045 -0.7695288093472517 0.191487617971261 0.31274413392567907 0.14371555369218003 0.9492894350021027 1.4415947447949233
59 1888 -0.9811492078790772 -0.8453341204136653 0.2905446733533221 0.533355850476906 0.11294049779592676 0.8076299036211307 1.5280636055919044
60 1920 -0.9793923290554196 -0.8230453578273791 0.26143422544507566 0.46658044864118664 0.1133212522222364 0.8588902531225053 1.4998219317258774
61 1952 -0.9728258114606876 -0.8126355688707056 0.28113447195586616 0.4855342429747414 0.11293836634755927 0.862756438883252 1.497630212226047
62 1984 -0.9853603243728605 -0.7918711031777594 0.1863693922095917 0.3189603361436077 0.09141062465374045 0.9378206362174154 1.453319150078597
63 2016 -0.9870731380657616 -0.8030729917161611 0.18468683917571582 0.3299399697900743 0.09742156372134357 0.9244703225213963 1.4614594286873905
64 2048 -0.9822626416083416 -0.7439364629175409 0.09324174461907532 0.1339749684404799 0.11007770897397774 0.99611797536592 1.4126683535564668
65 2080 -0.9862662663691492 -0.7711125381452729 0.13310178615636467 0.2193528326997009 0.09573049695065246 0.9733517646255855 1.4294831283557843
66 2112 -0.9804826472997695 -0.815663453735262 0.2270032870757038 0.40973967378151815 0.12207465169495417 0.8844218033326203 1.484215568306515
67 2144 -0.9786310516077967 -0.8522114228449805 0.2957531845813317 0.5519884249606195 0.13039202538689976 0.7867196645351391 1.5375532801009604
68 2176 -0.979149056345916 -0.8357631146654947 0.26974603377018513 0.49486314156832373 0.12541674101062794 0.8313659365687595 1.514298953505358
69 2208 -0.9734179073758717 -0.843810336409002 0.3111367100932344 0.5665114879604435 0.13374719075814295 0.789827915296949 1.5356703921030643
70 2240 -0.9722504720754543 -0.8186890032679262 0.2763783895040174 0.48783938495380363 0.13119216490644706 0.8515995048119982 1.5025201826501766
71 2272 -0.9850242705022357 -0.8327331147526577 0.25571674029367003 0.46624220289286783 0.09968206528325393 0.8511616936962332 1.5051867847695932
72 2304 -0.968345259977297 -0.783845185317561 0.2111363578260506 0.35829679754751825 0.14980622175752387 0.9243477097249656 1.4570996559772245
73 2336 -0.9305753815899872 -0.7668096902014854 0.275835526882753 0.4596182411889972 0.22011284482987684 0.8872818466457464 1.4711496389401773
74 2368 -0.9260868836239391 -0.750028242329078 0.23826792727489018 0.3916413425146852 0.2383375046436331 0.9190648838703259 1.4486252010498333
75 2400 -0.9444342991989607 -0.7691375104328191 0.22765083050605017 0.384616822052865 0.20938806070599603 0.9138560757223494 1.456373479880464
76 2432 -0.9263111322390097 -0.787818130216531 0.2698366447716445 0.48389523441189086 0.25545039938131253 0.8418635666746975 1.491982181046974
77 2464 -0.951583645861053 -0.7181249043415574 0.022095024396560164 0.035376259123103736 0.21966561895355602 0.9993410927838553 1.3975208034670974
78 2496 -0.9340005500965445 -0.7179631433567034 0.016206907479009124 0.04489285101773892 0.25625152989357397 0.9966631980079922 1.3931969075344972
79 2528 -0.9126009052040254 -0.7068041429033851 0.04729805397850702 0.09286869063849751 0.29562220734636446 0.991035499713828 1.389408560802267
80 2560 -0.9232668006344721 -0.7341240239484923 0.0508051366667387 0.12330541351916914 0.27511642173763584 0.9785329293415309 1.4024208571910792
81 2592 -0.9381516835343889 -0.7300398772927827 0.004352960715611868 0.041038767143470635 0.24415429343186654 0.9954317542398361 1.3962465053312711
82 2624 -0.9498795977623553 -0.7694169851326078 0.026045342520817957 0.11073683910887906 0.20664379829257032 0.9748026150776428 1.4167068159167615
83 2656 -0.9392764331728631 -0.7298114453685256 -0.01767829186575534 0.010234438164163896 0.23728244339891513 0.998907216705681 1.3949485347022488
84 2688 -0.9489264083737984 -0.8081711400942363 0.08557997626942784 0.2427417467777539 0.19779148242050634 0.9141012110473775 1.457840013665291
85 2720 -0.9466673032421152 -0.8359245495850197 0.16005528622097773 0.3813058111658813 0.20822634672705875 0.8354602139988248 1.5028799084936033
86 2752 -0.9466065948960453 -0.7500203651064241 -0.045521154752738734 -0.0072743144244646965 0.19672444260724956 1.0011964572372614 1.3996089266993208
87 2784 -0.9588142400372923 -0.754589826282009 0.049484777192721895 0.11328523126234888 0.20186820357469534 0.9836616016692962 1.4112615214009487
88 2816 -0.9541948162712405 -0.8188167754854524 0.21484478529485063 0.4240205981024969 0.21382657503139624 0.8468394793918705 1.4957075556249788
89 2848 -0.9667316500547696 -0.8418499015632769 0.2555218810754037 0.49643072679680444 0.18077914168511441 0.8052864132334684 1.5227713861880807
90 2880 -0.9422802171772381 -0.7657574310181431 0.19915459105196026 0.3442691455828997 0.22567305571625618 0.923432392541192 1.4478757848411363
91 2912 -0.9601804489502722 -0.7264164277105877 0.09608218055555963 0.13648436207125758 0.18264651353727734 0.9964954639314154 1.4048619296773583
92 2944 -0.960691078817131 -0.758166728230272 0.16908385634580173 0.2756430339509673 0.17558394492448814 0.9599239852104475 1.4309843538286666
93 2976 -0.9591333256494267 -0.7747291033597796 0.22414286788064175 0.37269596933780175 0.1670059047502947 0.9242630345618037 1.4552824023951993
94 3008 -0.9545936366354224 -0.8128593507736538 0.32857745068751376 0.5673220986461345 0.15363326595311072 0.8189387784998614 1.5184650462429936
95 3040 -0.9628431648938551 -0.8105909017941924 0.3059210175211155 0.525839394193222 0.13512485519945755 0.8440781966292348 1.506410724697107
96 3072 -0.9751161187741669 -0.816428499427314 0.2761259795402848 0.48162318651596475 0.11245208841560936 0.8604330744106101 1.499002819300642
97 3104 -0.960451073188807 -0.8060210789412899 0.310177434060097 0.5278136108130423 0.13337869016005727 0.8483896369980911 1.5041426623978968
98 3136 -0.9703215364425091 -0.834884889007611 0.32997908944588084 0.5828304348288135 0.1152248593398987 0.7976402603961267 1.5331318425971392
99 3168 -0.9782619833863481 -0.8511655878970349 0.3285762118370962 0.5947270829258268 0.10308093150095668 0.7757262935177026 1.5451935280430675
100 3200 -0.9876524247921087 -0.87649951896597 0.3428442289306174 0.6381392390700079 0.0728887380789594 0.7280938363322101 1.5698938172234138
101 3232 -0.9830958549215137 -0.864287937514771 0.3286599364836061 0.6075013104096557 0.09774103250051984 0.7543805855074122 1.5560708925930162
