% # columns="iteration, evaluation, min max(neg(.)) min(pos(.)) max correlation, correlation matrix principal axes lengths  (sorted square roots of eigenvalues of correlation matrix)", seed=1, Sat Feb 21 02:08:12 2026
1 32 -0.1281995538682495 -0.09665967821670086 0.06322879767821561 0.0849850806583058 0.9203935687126598 0.999060076834951 1.0745951058640255
2 64 -0.25507467657347466 -0.21084157488104793 0.1971150487450859 0.28886748826137043 0.8070336436088444 0.9604747341319737 1.1942298703254524
3 96 -0.11848202241156189 -0.08438893087594121 0.2906799887162874 0.3816098703780763 0.7713990563495035 1.005046582181457 1.1810270375857057
4 128 -0.36081105928299123 -0.35397735518848683 0.3408250730174811 0.565592178324966 0.6582946229407662 0.8468915181350634 1.3599349050297085
5 160 -0.2415382789130675 -0.21081758709794712 0.2992465559149877 0.438547245104179 0.7361259637365909 0.9494381660717428 1.2476721261289765
6 192 -0.1271584911659745 -0.0824146147241984 0.4040540652366966 0.5214664154485522 0.6703054616210803 1.011769748887906 1.2357234979380518
7 224 -0.10763343251218216 -0.04015064418310613 0.38306057783580927 0.45664819684637176 0.6884058959851304 1.0324222524564337 1.2083880233624023
8 256 -0.4536542135129128 -0.38713975506027737 0.3758238442261675 0.5636305855356804 0.6006564214842077 0.9040911202314477 1.3497522400975788
9 288 -0.32582090014262965 -0.27813838078344366 0.18137438020456045 0.2868627811747092 0.7919807644547551 0.9307275148026737 1.2274008155133762
10 320 -0.431287401791343 -0.40240523601028366 0.11901673921105119 0.26394189850377014 0.750462245730019 0.8704406987904565 1.295816116438995
11 352 -0.3788257048099245 -0.3323382296353218 0.16404097203652335 0.2830132307525357 0.7777207167307094 0.9047095274490623 1.2556477044580483
12 384 -0.4360747157169203 -0.37137969666370746 0.13767966757948058 0.24267110327399705 0.746776651529933 0.9249053988178136 1.2597121242440283
13 416 -0.16788185856159132 -0.1161466868373751 0.3454412375729895 0.44756870731889487 0.7128150444404789 1.01271418858982 1.210910684009428
14 448 -0.2976383575406078 -0.19131967429664742 0.26678623787654193 0.313169525356978 0.7067559873846355 1.061808201993435 1.1717761375260367
15 480 -0.111009424762885 -0.04416061056703162 0.3487185014608363 0.4128293912742723 0.7165970113572387 1.03484061474431 1.189787218535101
16 512 0.03307305775719218 0.045730078665950115 0.24024813807787032 0.2924304703064191 0.8384976115277017 0.9912868226136499 1.1464171102940124
17 544 -0.09563271926563324 -0.017467895275797486 0.28218896525983383 0.3039097614485418 0.7599633080979489 1.0439133601919994 1.154426553210498
18 576 -0.18795275445047915 -0.11182286944379259 0.3356724170425765 0.4087076275313463 0.7059370953080988 1.0420454821666747 1.1898714344684416
19 608 -0.23072479616350566 -0.15427515383086368 0.29401193683602855 0.3669913247256841 0.7282156090874178 1.0330814769554792 1.184248575533417
20 640 -0.013229635001902326 0.026773245482174243 0.32060479055381375 0.3785457584269503 0.7677199638346486 1.004446876325304 1.1839309649511094
21 672 0.04046536513984414 0.07048177457544406 0.2625040965447362 0.296495127765567 0.8237378513787066 0.9829868592952776 1.1641274786975857
22 704 -0.12395902802135192 -0.06353598831757554 0.2214906478125899 0.2560764868188687 0.8114250166434579 1.0418328273907322 1.1207915962105517
23 736 -0.043226101906365055 -0.0367478355480158 0.03612030312152294 0.05393141631968659 0.9688535202254224 0.9915438277879929 1.0383466155009808
24 768 -0.46964624460199833 -0.39601865915135287 -0.012356732536298022 0.0419029908847414 0.715005881405127 0.9862418832656151 1.2312975015197467
25 800 -0.361987681939878 -0.28432644872478796 0.061898978028877005 0.09964622039834188 0.7966654366924054 0.9869576794776714 1.1795078299442312
26 832 -0.18814209046045832 -0.13730336736227108 0.14624678661720936 0.18992478151218226 0.8514394287584696 1.007577352395012 1.1224253997910547
27 864 -0.21908567439676707 -0.207924040162057 -0.1572544829880368 -0.15152626483140674 0.7969505262960543 1.0692001620192388 1.1052967348972291
28 896 -0.23063957499615795 -0.22178908644518186 -0.10532224745361163 -0.07535045634073098 0.8112815670509976 1.036423301944204 1.12589917761332
29 928 -0.25583778774164373 -0.25054138165721795 -0.14925817590111226 -0.12079351340016949 0.76640764053238 1.058395622171863 1.1368456515732575
30 960 -0.26284173684819484 -0.23148526803881156 -0.015365428868361751 0.025318048712404874 0.8445345429516782 0.9895753306782442 1.143460568045284
31 992 -0.2756476933116201 -0.24247150594824618 0.12058682901818032 0.20843008664361526 0.8439862953330884 0.9300240856965103 1.1927876312715098
32 1024 -0.5767468999826328 -0.4433265031089997 -0.015336255032471761 -0.006093235880595598 0.6489711345542486 1.0004523038570894 1.256157495787218
33 1056 -0.5585929686902369 -0.4104461671620623 0.03441296726177731 0.034552543874882574 0.6612355316446143 1.002084987880861 1.2484363214655678
34 1088 -0.7274117903251246 -0.5556888035125888 0.02293314422651004 0.04408413999367372 0.5220914169683373 0.9975577671321855 1.316168322655671
35 1120 -0.7358858019131087 -0.5927267234330656 0.08634479797298715 0.16954289329496172 0.5138928274696942 0.964993504170516 1.343391863450093
36 1152 -0.7983510818138282 -0.6657557015657045 0.049755273863360205 0.15566355209159133 0.4396020470237032 0.9529577955207751 1.3779047427920241
37 1184 -0.7942899267338419 -0.6566408004928502 0.0401232357474524 0.13472878825322818 0.4448265046838985 0.9621852132511743 1.3697915885752465
38 1216 -0.8369251606189556 -0.6601365793044064 0.017239422847943456 0.06624284225084406 0.400796046450897 0.9899749952778124 1.3635659272195186
39 1248 -0.8158499374288567 -0.6499062043933244 0.011383765393104359 0.06587002228638156 0.4237213304314848 0.9881283972058235 1.357962630109099
40 1280 -0.7831723845441807 -0.6323446802855117 -0.024216093823205657 0.027665730738894185 0.4495119012744816 0.9939521723235835 1.345361709632703
41 1312 -0.818958415590198 -0.6863488849783272 0.10237715876690268 0.23267630940344197 0.4230005552252991 0.9276712260166917 1.4001773554445793
42 1344 -0.6648954901616857 -0.5800071577612663 0.06344189883107647 0.19303658529477133 0.5656998139345165 0.9228846377395631 1.352134485152557
43 1376 -0.6590761291835742 -0.5266333645791985 0.00482834590670235 0.049539484797627084 0.5796927040623545 0.9906407298940081 1.2971458334096218
44 1408 -0.8074144537904212 -0.68959716080224 0.1364333732728399 0.29395959164301866 0.43736507168304306 0.8964813704290774 1.4159918596324237
45 1440 -0.6773584247655279 -0.5667936359265252 0.09579591363291876 0.2060943079803975 0.5674043760777372 0.9374800111859177 1.3413364613827083
46 1472 -0.752318457152582 -0.574097083488712 0.13714304687837667 0.19600171667020297 0.4809868891782847 0.9903518206305719 1.3371069081462064
47 1504 -0.7789613697668485 -0.598925708529821 0.11807505512703642 0.17703964844229464 0.460398220016298 0.9872632873446484 1.3466048716929777
48 1536 -0.8133603967391152 -0.6236512739322182 0.10418402595559127 0.1570866697779641 0.42440018587602923 0.9898344155356376 1.3565073947640742
49 1568 -0.7199817415872022 -0.5353841749770701 0.1768631696513208 0.22968138458398574 0.48864565258848724 1.00531385529679 1.3230908806860837
50 1600 -0.7649751727208213 -0.6578234029502756 0.26896052181738334 0.4707367269693906 0.46817732410885154 0.842735150044972 1.438960548475515
51 1632 -0.6566886052015266 -0.5660070640354803 0.1600707722760198 0.3114151765471402 0.5856766125496957 0.8883285513988511 1.3666950246056846
52 1664 -0.6905994665950035 -0.6088802150964358 0.3238550660337395 0.5530475749118967 0.5179920657429721 0.8057355403367029 1.443078119460499
53 1696 -0.6282276575408396 -0.5422033770536682 0.420998869018822 0.6560420038891474 0.47164784453947606 0.8462863393630815 1.4357394410368134
54 1728 -0.7584261681278408 -0.6248702902326855 0.3344044378400298 0.5206068026357795 0.41723009434022534 0.8902555599302097 1.4259607590639356
55 1760 -0.7564953561585726 -0.6093905666595576 0.420279037949237 0.6163974499864868 0.31983964667383574 0.9141111346386682 1.4360025884186844
56 1792 -0.6769060282026299 -0.5408549819790507 0.4938395891588975 0.7026867333146343 0.2972370318752024 0.931340089100355 1.429774732367502
57 1824 -0.695514497673424 -0.5442204583827289 0.45027730178838926 0.630482515888067 0.32416367328475265 0.9539933533519751 1.4088344809390454
58 1856 -0.8382187727380399 -0.6905197349193736 0.3980793611048101 0.6132466886275385 0.262776459543882 0.8749541576769858 1.4715310918473108
59 1888 -0.7631328647831322 -0.623487189749875 0.45613409687412365 0.676362184048866 0.2763879612840341 0.892781544969237 1.458269799392279
60 1920 -0.7802084345811783 -0.682065015003412 0.506222582872914 0.804175029253923 0.23779194072714846 0.7826866230097937 1.526714329233449
61 1952 -0.833571155171641 -0.6672189888367298 0.41269799979914956 0.6063181630095315 0.21113882949848967 0.9167522347512327 1.4542990527249302
62 1984 -0.8622214058731738 -0.6878373838200571 0.37755638194966074 0.5583036151531168 0.20635955159106448 0.922173297169815 1.4515550783398081
63 2016 -0.9112377081665056 -0.7158933574482809 0.3229548885111456 0.47389328644606304 0.14716323346768576 0.945650200411354 1.4436373094296577
64 2048 -0.9242796338502325 -0.7611158251820815 0.3597636148415445 0.570226286181269 0.1399914258533786 0.8721155499653953 1.489904986298151
65 2080 -0.9340870133970145 -0.7684722794489489 0.34865124355670163 0.5554110172771862 0.1262540995100759 0.8746707805462061 1.4896344947723221
66 2112 -0.9372393199961218 -0.7566981822075519 0.3190298504071818 0.49706472349018993 0.12684875417563737 0.9079398059480436 1.4695423445206053
67 2144 -0.9175520448009469 -0.6923189628440306 0.27444089509401237 0.37146109911644365 0.12569673988460764 0.9942031786222509 1.4127138313189243
68 2176 -0.9449560601240652 -0.7782138887719618 0.3307174427239781 0.533619048537188 0.12216907704542405 0.8754767191256765 1.4895016719973193
69 2208 -0.9527146213010739 -0.7562602347175198 0.2757729762263935 0.4233296599574773 0.10361410403909939 0.9367958939097989 1.4531612335174358
70 2240 -0.9366905857606117 -0.7646378266782321 0.3400548166644715 0.5362329386963264 0.11502017810375176 0.8881640983974688 1.4825433865309954
71 2272 -0.9303615233231831 -0.7462549119075023 0.341603005958176 0.5201157004977212 0.08806879665528622 0.9145243207436279 1.4682946413523743
72 2304 -0.9388958345917134 -0.6833900630168415 0.20822436096063524 0.24992339737825547 0.07043058069598063 1.0203428247119781 1.3978340578772603
73 2336 -0.9535512592287428 -0.6919586516694589 0.15227646753395063 0.17209556637580317 0.10446787032682822 1.0159660554624745 1.3988922182274792
74 2368 -0.9565667820514333 -0.6876388923284033 0.13806679116723675 0.14437412927608667 0.09171584739273102 1.0171933933877901 1.398894493443042
75 2400 -0.9600993325498614 -0.7269353492696894 0.2026096796218549 0.2792940393055311 0.0846355898636521 0.9926162383585323 1.4168803126147915
76 2432 -0.9129718908744746 -0.6663881877365335 0.24951155514345408 0.308227766298842 0.11055587834230327 1.0219121481929019 1.3940849899269878
77 2464 -0.8969683989957034 -0.6418455166229439 0.26276876410758626 0.3091839753116702 0.08832953297141646 1.036972027506809 1.3845168499420544
78 2496 -0.8966145068121326 -0.6458547684746104 0.2687519387449586 0.3228611028139594 0.09595122439017666 1.033123241476998 1.3868849016620257
79 2528 -0.896209861996449 -0.6621141462092058 0.30030972132631234 0.38702196138424183 0.09319613238137874 1.0145048126935885 1.4007478238179414
80 2560 -0.8477278519938444 -0.6464352882344052 0.40105928144325353 0.5489315742430338 0.09559595567938514 0.9803974199385433 1.424669193965951
81 2592 -0.7932770161573842 -0.6020088252151039 0.4544111763806999 0.6152829859703542 0.09806943399883322 0.9862472698701764 1.4204572182184059
82 2624 -0.7990708471079699 -0.6287880001916987 0.47820296043594357 0.676917100395553 0.09539915264048761 0.9400563981808435 1.451617363465571
83 2656 -0.7524960306975156 -0.5557159200803129 0.4718775620088572 0.6176286120880445 0.09665722476742362 1.0168373707800236 1.3988206254861373
84 2688 -0.7827349992661737 -0.5545139381113737 0.4055441335760666 0.49734242965041353 0.10186248093737967 1.0570678113538223 1.368295171802094
85 2720 -0.8230301015675293 -0.5985460310891497 0.3853735743811879 0.48886270572625423 0.09299442839402773 1.0323203101632228 1.3876839746542349
86 2752 -0.8646877572414998 -0.656130700664278 0.37870880812214114 0.5150982544737257 0.08192301651856201 0.9865195236668868 1.421290909275282
87 2784 -0.8698289115308147 -0.6738615882318989 0.39285958406569943 0.5524659848659831 0.08378302527036655 0.9603608399663649 1.438988346629549
88 2816 -0.8976338960840636 -0.7586722912675816 0.44852294815201793 0.7119597564754024 0.06898623093922426 0.8179382931694419 1.5251943641739112
89 2848 -0.8763349760564181 -0.7220134156595704 0.4498278023373699 0.6861199812728357 0.05811219905421705 0.8656718136338312 1.4990781445278283
90 2880 -0.8825548237515791 -0.7826843952839891 0.5041133052456828 0.8331754436213168 0.055708299402598145 0.7197884161232264 1.5744209162077611
91 2912 -0.862332327327957 -0.7768265686909037 0.5282311176080239 0.8777445877372799 0.04880593460039296 0.6926887866093943 1.5867577715749142
92 2944 -0.8387712162917172 -0.7775077189668781 0.551673259404046 0.9334700882028483 0.046642674922677346 0.6421283675661432 1.60794764232014
93 2976 -0.8710340828188862 -0.834412041581614 0.5449813055938889 0.968157046748451 0.03628977781692777 0.5344923195191645 1.647119003715585
94 3008 -0.8222244524875626 -0.7855291792081203 0.5614113263845604 0.9736962216360114 0.03550487428772126 0.5874844698908078 1.628987845730879
95 3040 -0.8402680126414017 -0.8072475872844262 0.5555624664858025 0.9768120590522366 0.030866082303269395 0.5574549810270214 1.6396009359266086
96 3072 -0.8623313417469528 -0.8319154727748233 0.5481465195505607 0.9777513146868925 0.03227436394072219 0.5242431354406856 1.6504931082484229
97 3104 -0.8573096258086899 -0.8274687065623745 0.5498636007224522 0.9791334505710791 0.029206989435772514 0.5283108465022562 1.6492527402542547
98 3136 -0.8949976958464297 -0.8757622645125683 0.536497625794532 0.988015491229704 0.025412244920341612 0.4436687534823277 1.6740705645197718
99 3168 -0.8589418085411926 -0.8317091912112846 0.5491360612532976 0.9821851947449171 0.025940171314014552 0.5180792888923154 1.6525498352343369
100 3200 -0.7684322503919493 -0.7246709444347843 0.5792245708608076 0.9700951033355065 0.03000702641471795 0.6589169422680415 1.6015392725618314
101 3232 -0.7567183809439002 -0.7092499055316066 0.5831669566806401 0.9665041020057623 0.03042337281573285 0.678652929207225 1.5932685335702104
