% # columns="iteration, evaluation, sigma, void, void,  stds==sigma*sqrt(diag(C))", seed=1, Sat Feb 21 02:08:12 2026, <python>{}</python>
1 32 0.1749748805852219 0 0 0.20951529112997702 0.14139237174111866 0.14520510585064603
2 64 0.18071532639601162 0 0 0.2061082978257217 0.11326617215157521 0.14699954122911857
3 96 0.23011349026222946 0 0 0.2081603269012264 0.13819135358374537 0.2347177317618527
4 128 0.2516802635447815 0 0 0.22894101610410134 0.13439792768059264 0.23296267419166738
5 160 0.28124796132627755 0 0 0.27484761476111375 0.11747791654319263 0.20085849643574621
6 192 0.25999688034514223 0 0 0.22052223990043082 0.09835015112808482 0.17700399730065147
7 224 0.25315868154808824 0 0 0.1981216976476411 0.0796525578845479 0.15667549953214593
8 256 0.28291425278985927 0 0 0.21411874688114965 0.07758373146487327 0.17359230917082494
9 288 0.2913236015835635 0 0 0.17203579972643498 0.06235127260326676 0.15904801892308218
10 320 0.2958699813178957 0 0 0.15171012933781153 0.05618363517545349 0.14926782829227123
11 352 0.2601557523855202 0 0 0.10339361411798256 0.04387023115297234 0.12095550511722857
12 384 0.24960522442398825 0 0 0.08185089065771346 0.03166634308231787 0.10983927856028894
13 416 0.29022550779218104 0 0 0.07520386959749162 0.033488782224693814 0.14116978924004037
14 448 0.28638195066295263 0 0 0.07180298682484948 0.026488175876597318 0.1184067461781757
15 480 0.25812537584552614 0 0 0.05900821512272567 0.020497927146485403 0.09885294009481876
16 512 0.26588048352140214 0 0 0.056349517568261925 0.01980109656336336 0.08849016527438536
17 544 0.23746261091206078 0 0 0.04919090181214058 0.01726177634307332 0.08086567788540464
18 576 0.2629304519511182 0 0 0.05695040734307526 0.021880185865438006 0.08765619679737852
19 608 0.2363175375908011 0 0 0.050188563716109864 0.016348921207383037 0.07978385425355167
20 640 0.21015396706644288 0 0 0.03876568091627121 0.010379186786668554 0.06554040129467177
21 672 0.18697788544989646 0 0 0.036305056555580695 0.009081138520026576 0.04624925548611476
22 704 0.205239602500179 0 0 0.03874783011591777 0.009341900593099011 0.05412234093279045
23 736 0.2320702703912706 0 0 0.04384678523074483 0.010096932226131464 0.05551944274201693
24 768 0.18838911401933228 0 0 0.03604292852763859 0.007495127377544449 0.054517083003173705
25 800 0.16286238928735353 0 0 0.028437439288473164 0.006219371551600076 0.04376792224405871
26 832 0.166443679206482 0 0 0.025346967953591683 0.006365037113138561 0.043656794306013366
27 864 0.2042881831459913 0 0 0.030127196045433548 0.007134387337391075 0.05965404293488606
28 896 0.20953066533600942 0 0 0.030366960627779733 0.005872953985397606 0.05273309949557444
29 928 0.18321687638163492 0 0 0.025342457428131685 0.004485063054204593 0.038357843453941554
30 960 0.18087091699957222 0 0 0.027050260341608293 0.0037305300828164582 0.03120322519379484
31 992 0.14601609381794775 0 0 0.024044913953594153 0.00233693550618738 0.019155630117465988
32 1024 0.186029964356304 0 0 0.031261511502486045 0.003545326317904157 0.025558088702630034
33 1056 0.16350680672030946 0 0 0.024379496533664998 0.0033077208114543006 0.02026462025063187
34 1088 0.16202009173121656 0 0 0.022276381779179708 0.0035046773046364275 0.02262255469195161
35 1120 0.1702453014016213 0 0 0.021675847902810685 0.0039037511105341543 0.02454820105536287
36 1152 0.1795484876701914 0 0 0.02279628894817894 0.004162999791675541 0.027689324239619256
37 1184 0.16051535645905507 0 0 0.018660003768664127 0.003342653624871642 0.02113715446853246
38 1216 0.1712889139753936 0 0 0.016298338023430285 0.00415195443348473 0.02203556697141098
39 1248 0.16454899638771525 0 0 0.01495163824268582 0.0036991809617153374 0.018651148907234596
40 1280 0.18786369086360982 0 0 0.016665431931344704 0.003953989918321167 0.019404090106578883
41 1312 0.21502472876609618 0 0 0.020044815361665764 0.004179318353711776 0.02308629158067308
42 1344 0.23287663256031374 0 0 0.02019892266518479 0.003894641165565315 0.019857740059789738
43 1376 0.21832343817984723 0 0 0.01982866186174496 0.0036903537573408167 0.017241694452178023
44 1408 0.2301927092435356 0 0 0.020607941094628622 0.0042471578231659994 0.01982558299908377
45 1440 0.26558678833950355 0 0 0.02614908801950163 0.004893925068288037 0.02301655713678504
46 1472 0.282633161377988 0 0 0.02579536642709803 0.005556967652634406 0.02626214103145087
47 1504 0.2357461744265664 0 0 0.018731450133506976 0.004028774135602798 0.020513286147812355
48 1536 0.23478514704062406 0 0 0.015245427501949784 0.0038861807441984116 0.019373001970657822
49 1568 0.22152890217908128 0 0 0.01413180995696602 0.0034335628241116984 0.015726973562651507
50 1600 0.21977119983451737 0 0 0.013258462060014055 0.0028713060938789395 0.013846033703044654
51 1632 0.2036438024287645 0 0 0.009421753880422426 0.002307009051661149 0.011461352357334897
52 1664 0.20659016281221054 0 0 0.009533436235003771 0.0024991539885312894 0.011777127516410446
53 1696 0.18753522278759605 0 0 0.008923194202778017 0.002120348977144675 0.00891808136816378
54 1728 0.226709143412047 0 0 0.010920300699864247 0.0030436991120478558 0.011526183237199082
55 1760 0.20992323850980085 0 0 0.011785341515366234 0.002878165071582026 0.010237845321589797
56 1792 0.20371029440419355 0 0 0.011601169003265637 0.002628311248644069 0.0088772454175667
57 1824 0.18161187299268478 0 0 0.009599440666901804 0.0025824129995060266 0.00792690627472574
58 1856 0.18236853735297925 0 0 0.007938741910434133 0.002775323505116114 0.00899592372608886
59 1888 0.1765289809771411 0 0 0.007141244466023267 0.0023380962510952175 0.007160424800038865
60 1920 0.16860920575732907 0 0 0.006442757404627025 0.002593578284296978 0.007228868460503363
61 1952 0.14346289062239886 0 0 0.004328707215603467 0.0020454859097435254 0.0072843418670374225
62 1984 0.13929709251451602 0 0 0.003588383946951785 0.0019434049385453247 0.007141575648075984
63 2016 0.12868637105322372 0 0 0.002793868793110628 0.0018817562785254987 0.007642980027935251
64 2048 0.11358820470482528 0 0 0.0022513289471399398 0.0015393777932463846 0.005851111989701032
65 2080 0.09948813648939812 0 0 0.0018718147104027586 0.0012836491935123036 0.005027657811988707
66 2112 0.10237884430416408 0 0 0.0016776282113803794 0.0011721853733302732 0.00494932655937979
67 2144 0.08751654884008109 0 0 0.0014001553656205878 0.0008631392274142756 0.003803069539991049
68 2176 0.09752848181651008 0 0 0.001376234642048653 0.0010391029731810343 0.00453245293804667
69 2208 0.10735431239527063 0 0 0.001522531777694158 0.00107019660744119 0.004878403565771629
70 2240 0.10740283551787966 0 0 0.0016257911696078925 0.0009837695996334072 0.0044682361888560606
71 2272 0.09484529253691741 0 0 0.0015026824842309106 0.0008397443030369255 0.003913677260581388
72 2304 0.10860435699991419 0 0 0.0016678038091121623 0.0009701548329583373 0.00509538789399265
73 2336 0.11355649093918191 0 0 0.0012947001331858612 0.0008846176383719695 0.004715976878042105
74 2368 0.10575563986834298 0 0 0.0012049018386493023 0.0007843245355362602 0.004230220439721545
75 2400 0.09067441417388906 0 0 0.0009669933417229161 0.0006450968222569173 0.00329641880357909
76 2432 0.11009504654359979 0 0 0.001347059445316864 0.000688661598253455 0.0035122073350567036
77 2464 0.12422224651395684 0 0 0.001923538174327576 0.0008228192587380243 0.004290161743878586
78 2496 0.10821888283625972 0 0 0.001727326641096282 0.0006611238015475877 0.003383446510855414
79 2528 0.1115908278570246 0 0 0.0017380920870827422 0.0006347388707760151 0.0031121905606565073
80 2560 0.12871499631886224 0 0 0.0024767997686115442 0.0006747704233439682 0.002973869458080235
81 2592 0.1226581916318958 0 0 0.0024313136133955917 0.0005860104840681424 0.0024583404835561446
82 2624 0.12461339633126 0 0 0.002459603156548427 0.0006239908578721419 0.002606475259064193
83 2656 0.10186386903247324 0 0 0.0020559515622281914 0.00044937376620975605 0.001968062350086685
84 2688 0.0894045769529528 0 0 0.0016425070612340578 0.00036865315153957487 0.0017636649828344697
85 2720 0.07910569810726763 0 0 0.0012596323328454354 0.0003226602717926081 0.0015482940590158195
86 2752 0.08052974008765128 0 0 0.0012143341362277809 0.00037129099358571477 0.0017229662980282993
87 2784 0.07942608881059293 0 0 0.0011490842385877228 0.0003422736408385269 0.0014959155284710107
88 2816 0.08451241401683281 0 0 0.0013449461943424793 0.00041427628778668174 0.0016280922817673068
89 2848 0.07023788790236712 0 0 0.0011465797710153037 0.0003319067703611997 0.001295162463149477
90 2880 0.08837774242533365 0 0 0.0019778231675958292 0.0005135589044726248 0.0016482756155784294
91 2912 0.07452227329490689 0 0 0.0017621562229077816 0.00041988729163988127 0.001220402277855192
92 2944 0.07431951777376272 0 0 0.00214466674553189 0.000452261703078054 0.0010611457970917146
93 2976 0.08253623092260393 0 0 0.0029731008912819708 0.0006041583300819544 0.0011579386018251902
94 3008 0.08674346176641233 0 0 0.0032700051424821262 0.0006255466944164912 0.0010479615054287315
95 3040 0.07531954697825143 0 0 0.0028002767909459116 0.000542685203737478 0.0009185348124795954
96 3072 0.07484945483150131 0 0 0.0026697244760014306 0.000531337244663196 0.0009001900319953314
97 3104 0.06829773288208375 0 0 0.0022989137722686072 0.0004592254830282531 0.0007441985692509428
98 3136 0.06752235599749755 0 0 0.0023306601939914132 0.00046532308714217603 0.0006931374409777594
99 3168 0.06265376373913212 0 0 0.0017043534825903475 0.00033998697175299314 0.0005449543941338471
100 3200 0.0557163961655462 0 0 0.001264381445867302 0.00024381074349932833 0.0004104661973821274
101 3232 0.050618101010249134 0 0 0.0010054990800108096 0.0001939505950055988 0.00033539974843876155
