% # columns="iteration, evaluation, sigma, axis ratio, bestever, best, median, worst objective function value, further objective values of best", seed=1, Sat Feb 21 02:08:12 2026, <python>{}</python>
1 32 0.1749748805852219 1.0000333338888951 20.327179834048206 2.0327179834048206e+01 160.1139636656979 200.0   
2 64 0.18071532639601162 1.5221661138774785 20.327179834048206 2.3286006558572424e+01 146.15093697389094 200.0   
3 96 0.23011349026222946 2.0023108869913164 19.684605195013454 1.9684605195013454e+01 200.0 200.0   
4 128 0.2516802635447815 1.9943805939525319 19.388436920345793 1.9388436920345793e+01 138.2645327753363 200.0   
5 160 0.28124796132627755 2.7334299426616604 19.388436920345793 2.0536437234573782e+01 124.90060913627174 249.27501371593763   
6 192 0.25999688034514223 2.8228195776161416 19.10801704459199 1.9108017044591989e+01 200.0 206.23737110364993   
7 224 0.25315868154808824 2.828677570159241 19.10801704459199 2.0724894325246073e+01 96.63328655754945 200.0   
8 256 0.28291425278985927 3.0324450558175977 18.832931454910604 1.8832931454910604e+01 83.02953014432097 200.0   
9 288 0.2913236015835635 4.0258194557653395 18.832931454910604 1.9406936320047524e+01 33.373313555076976 200.0   
10 320 0.2958699813178957 3.198539516443833 18.832931454910604 1.9114294939642381e+01 38.812341111806994 287.36892329683667   
11 352 0.2601557523855202 3.526243492889402 18.832931454910604 1.9493044917370462e+01 33.5595418701045 200.0   
12 384 0.24960522442398825 3.2591452021097798 18.832931454910604 1.8916267241246814e+01 21.877669992267425 261.45615767720466   
13 416 0.29022550779218104 4.071354353065153 18.725654681584853 1.8725654681584853e+01 21.005668676975006 200.0   
14 448 0.28638195066295263 4.897055446902165 18.725654681584853 1.9055132200694811e+01 25.01182283755533 229.396345031307   
15 480 0.25812537584552614 5.138827093214205 18.725654681584853 1.8817396846519827e+01 21.97074750446482 200.0   
16 512 0.26588048352140214 5.488782627971986 18.725654681584853 1.8814509026665220e+01 26.364315307076936 200.0   
17 544 0.23746261091206078 4.705425742870625 18.725654681584853 1.9162413418140758e+01 21.273083958395112 300.4749166737305   
18 576 0.2629304519511182 5.150151777166745 18.725654681584853 1.8845547070411609e+01 24.60487240157438 200.0   
19 608 0.2363175375908011 4.617585127138841 18.687912464391033 1.8687912464391033e+01 50.29981251665043 353.25846294397377   
20 640 0.21015396706644288 5.4593419407747765 18.687912464391033 1.8689469639785091e+01 20.251383017122084 294.13944040767007   
21 672 0.18697788544989646 6.947807947600946 18.687912464391033 1.8696923849803280e+01 19.843743368072364 225.1960074002549   
22 704 0.205239602500179 5.450659536429536 18.687912464391033 1.8720869445692301e+01 19.449715270079786 292.7275652778528   
23 736 0.2320702703912706 6.131801364757495 18.633096532253955 1.8633096532253955e+01 26.907772048331466 280.8719460176289   
24 768 0.18838911401933228 5.516317904844581 18.633096532253955 1.8682158028981902e+01 19.460690845640663 200.0   
25 800 0.16286238928735353 7.896185345184001 18.633096532253955 1.8656329331580711e+01 19.446616776692608 284.07231094151183   
26 832 0.166443679206482 7.364769314617153 18.633096532253955 1.8965503701501255e+01 20.340708488115805 258.58250964557334   
27 864 0.2042881831459913 7.06314569563833 18.633096532253955 1.8702668434181170e+01 19.496586709307365 178.21576289634103   
28 896 0.20953066533600942 8.830566028504943 18.633096532253955 1.8790503790784658e+01 23.963971383521333 427.22190997189705   
29 928 0.18321687638163492 9.485827895192534 18.55366900818133 1.8553669008181330e+01 20.01634763311958 337.0880706790481   
30 960 0.18087091699957222 9.207370330358726 18.49787005843918 1.8497870058439180e+01 19.510089457610555 200.0   
31 992 0.14601609381794775 8.88302467485336 18.49787005843918 1.8583926669740450e+01 20.84616111269192 265.820291576457   
32 1024 0.186029964356304 11.06277817404764 18.49787005843918 1.8900437668283828e+01 19.392856161451544 280.2733690965946   
33 1056 0.16350680672030946 10.856852900097651 18.49787005843918 1.8515872674211714e+01 19.30520838466226 266.66599845177603   
34 1088 0.16202009173121656 8.95422283646282 18.49787005843918 1.8603660964348474e+01 19.33518955618857 206.39871489125576   
35 1120 0.1702453014016213 9.642940514892857 18.49787005843918 1.8653008318919063e+01 19.64140138446221 207.01323000496154   
36 1152 0.1795484876701914 9.769900802393193 18.49787005843918 1.8711803417377485e+01 19.59669338601493 230.67284721554768   
37 1184 0.16051535645905507 11.860468583271864 18.49787005843918 1.8578858919882208e+01 19.471905223671335 276.21200409381436   
38 1216 0.1712889139753936 11.280086693035802 18.49787005843918 1.8540342469854149e+01 19.189423874692185 262.9269235168373   
39 1248 0.16454899638771525 10.063568788893475 18.141187597113397 1.8141187597113397e+01 19.02362259352656 200.0   
40 1280 0.18786369086360982 9.155117312205737 18.141187597113397 1.8616169678709173e+01 19.118292796593376 200.0   
41 1312 0.21502472876609618 8.388168835228667 18.141187597113397 1.8724530574029398e+01 19.396030698579416 214.09380660157836   
42 1344 0.23287663256031374 10.524821281008009 18.141187597113397 1.8724465384126269e+01 19.499480989873906 200.0   
43 1376 0.21832343817984723 7.926160703742469 18.141187597113397 1.8360653103159994e+01 19.160322974321247 331.1565266914284   
44 1408 0.2301927092435356 7.31107838989944 18.141187597113397 1.8419194340824788e+01 19.58841441512146 317.2015252666862   
45 1440 0.26558678833950355 9.541317176444434 18.141187597113397 1.8694779706333637e+01 20.041968418208608 219.09729204060966   
46 1472 0.282633161377988 7.795024591099064 18.141187597113397 1.8585307953429250e+01 19.51274292894222 234.5563527917956   
47 1504 0.2357461744265664 8.045069911437002 18.141187597113397 1.8714875542756314e+01 19.797610060651436 200.0   
48 1536 0.23478514704062406 8.75679007887959 18.141187597113397 1.8554756819489373e+01 19.348881701503913 200.0   
49 1568 0.22152890217908128 9.025276131017923 18.141187597113397 1.8530984861976858e+01 19.51137530166648 300.4525765449771   
50 1600 0.21977119983451737 7.238888160767228 18.141187597113397 1.8492177815959113e+01 19.582909754948265 200.0   
51 1632 0.2036438024287645 9.25715728161117 18.141187597113397 1.8445787266858780e+01 19.18012104706446 240.86849424362674   
52 1664 0.20659016281221054 7.211686821415157 18.141187597113397 1.8498433904619038e+01 19.23214925364641 200.0   
53 1696 0.18753522278759605 8.059300646585784 18.141187597113397 1.8684375934288013e+01 19.426685641809865 200.0   
54 1728 0.226709143412047 8.205390802198577 18.141187597113397 1.8576264728317280e+01 19.720354968803896 200.0   
55 1760 0.20992323850980085 7.849737595227856 18.141187597113397 1.8625321284285242e+01 19.13729871999964 226.66624319559088   
56 1792 0.20371029440419355 10.378718421210243 18.141187597113397 1.8461494702254399e+01 19.192312908884805 200.73773415830692   
57 1824 0.18161187299268478 11.651028950656213 18.141187597113397 1.8450223604803810e+01 19.261082598097698 200.0   
58 1856 0.18236853735297925 9.036669116530293 18.141187597113397 1.8575249099333114e+01 20.696775743879353 245.95046192377254   
59 1888 0.1765289809771411 10.62117004141665 18.141187597113397 1.8331754135793449e+01 19.069082307438613 174.39267830339574   
60 1920 0.16860920575732907 9.839494351321584 18.141187597113397 1.8349024850236184e+01 19.047927937154054 200.0   
61 1952 0.14346289062239886 11.093695754869884 18.141187597113397 1.8629388538131330e+01 19.428492198593972 200.0   
62 1984 0.13929709251451602 13.551649251522802 18.141187597113397 1.8402687341155865e+01 19.695924607861592 209.63095673938565   
63 2016 0.12868637105322372 14.230823444101746 18.141187597113397 1.8694219760525176e+01 19.16192505738198 200.0   
64 2048 0.11358820470482528 21.64181158218397 18.141187597113397 1.8581308031572100e+01 19.27552522176486 200.0   
65 2080 0.09948813648939812 21.899907178866968 18.141187597113397 1.8462983822833063e+01 19.22145747492978 201.81638140418764   
66 2112 0.10237884430416408 24.83290204254657 18.141187597113397 1.8349487768087911e+01 19.254940051138682 264.87180878601527   
67 2144 0.08751654884008109 26.143636938038302 18.141187597113397 1.8480401242298221e+01 19.300100290085094 200.0   
68 2176 0.09752848181651008 26.63817967867052 18.141187597113397 1.8541077971890005e+01 19.573204674103998 200.0   
69 2208 0.10735431239527063 28.200010802450823 18.141187597113397 1.8281031538445820e+01 19.53613092005271 295.2349733780357   
70 2240 0.10740283551787966 33.83303636666406 18.141187597113397 1.8679716139610374e+01 19.324716157282875 200.0   
71 2272 0.09484529253691741 30.895317151309445 18.141187597113397 1.8591562114719373e+01 19.84154056126947 200.0   
72 2304 0.10860435699991419 40.99286258528046 18.141187597113397 1.8705204761491352e+01 19.37642463848976 166.94957443812885   
73 2336 0.11355649093918191 54.79376671540726 17.96106775572473 1.7961067755724731e+01 19.290605790553503 200.0   
74 2368 0.10575563986834298 37.515064788876224 17.96106775572473 1.8760557894051807e+01 19.367147699773675 200.0   
75 2400 0.09067441417388906 42.98766341911856 17.96106775572473 1.8547102274014012e+01 19.39668907129032 239.9903029402115   
76 2432 0.11009504654359979 45.033453567749554 17.96106775572473 1.8432421866202478e+01 19.12630056502664 200.0   
77 2464 0.12422224651395684 33.97300843391395 17.96106775572473 1.8621733067707478e+01 19.182939987492702 200.0   
78 2496 0.10821888283625972 42.822074486346544 17.96106775572473 1.8343830952391514e+01 19.171432979542686 200.0   
79 2528 0.1115908278570246 38.75138880832996 17.748881195525996 1.7748881195525996e+01 19.115384740617987 200.0   
80 2560 0.12871499631886224 38.703300814430975 17.748881195525996 1.8683095570364845e+01 19.114733104921694 200.0   
81 2592 0.1226581916318958 34.64196422272139 17.748881195525996 1.8626701643353300e+01 19.36386818180097 200.0   
82 2624 0.12461339633126 32.49729810434993 17.748881195525996 1.8535718451622476e+01 19.253267570846166 200.0   
83 2656 0.10186386903247324 34.67708619142991 17.748881195525996 1.8550025266639139e+01 19.419898244429227 200.0   
84 2688 0.0894045769529528 34.44403427391526 17.748881195525996 1.8760401347097574e+01 19.40478980007288 200.0   
85 2720 0.07910569810726763 34.3163372069893 17.748881195525996 1.8512759252503191e+01 19.260270291967423 129.15737533708108   
86 2752 0.08052974008765128 37.50164609643317 17.748881195525996 1.8579820225838574e+01 19.34024289211797 200.0   
87 2784 0.07942608881059293 42.264828891056425 17.748881195525996 1.8589898045036549e+01 19.344743220082897 200.0   
88 2816 0.08451241401683281 39.71296822284535 17.748881195525996 1.8631762626679198e+01 19.130626024038566 200.0   
89 2848 0.07023788790236712 48.87914075549661 17.748881195525996 1.8506438464436339e+01 19.11432642010511 200.0   
90 2880 0.08837774242533365 56.53705250596476 17.748881195525996 1.8540770752391794e+01 19.58403866509296 200.0   
91 2912 0.07452227329490689 63.624690495838834 17.748881195525996 1.8096288953974998e+01 19.5665843179709 200.0   
92 2944 0.07431951777376272 76.38932940633433 17.748881195525996 1.8483037229805234e+01 19.219957292414048 200.0   
93 2976 0.08253623092260393 87.00834551725117 17.748881195525996 1.8525032705573942e+01 19.38517435114316 200.0   
94 3008 0.08674346176641233 115.70053420580649 17.748881195525996 1.8299619052936777e+01 19.23170325830041 132.97328816275237   
95 3040 0.07531954697825143 121.33548943760417 17.748881195525996 1.8664225532527059e+01 19.333305154756918 200.0   
96 3072 0.07484945483150131 138.56794507464338 17.748881195525996 1.8322898896497954e+01 19.172838772177386 200.0   
97 3104 0.06829773288208375 130.4754961637704 17.748881195525996 1.8666347336198072e+01 19.205880410308126 200.0   
98 3136 0.06752235599749755 143.0287218118026 17.748881195525996 1.8479825034784866e+01 19.349410034820735 200.0   
99 3168 0.06265376373913212 164.42192060637436 17.748881195525996 1.8406748312586434e+01 19.129876299248156 192.80056445117756   
100 3200 0.0557163961655462 160.70451693521707 17.748881195525996 1.8600141286541305e+01 19.060729069123607 200.0   
101 3232 0.050618101010249134 140.39842026762744 17.748881195525996 1.8543424565036133e+01 19.459145890113742 200.0   
