% # columns="iteration, evaluation, sigma, max axis length,  min axis length, all principal axes lengths  (sorted square roots of eigenvalues of C)", seed=1, Sat Feb 21 06:27:39 2026
1 32 0.17600506127786758 1.0000333338888951 1.0 1.0 1.0000166668055563 1.0000333338888951
2 64 0.19606326473037147 1.2477369556315048 0.7662052764903866 0.7662052764903866 0.8106573467662889 1.2477369556315048
3 96 0.19945417856164036 1.256284535930898 0.5568411475274364 0.5568411475274364 0.7547862768548311 1.256284535930898
4 128 0.1616944543053759 1.0302227813280809 0.5508549488286387 0.5508549488286387 0.8106783233932803 1.0302227813280809
5 160 0.19492585637494356 0.9250259350034329 0.43435409403380065 0.43435409403380065 0.6962158986290817 0.9250259350034329
6 192 0.19985929590393134 1.0189868336576358 0.3798890347801689 0.3798890347801689 0.652970259342639 1.0189868336576358
7 224 0.1921372087977419 0.8116754109939955 0.33273266149871034 0.33273266149871034 0.6577685888014235 0.8116754109939955
8 256 0.154160902983913 0.8082636074023403 0.29323930013835897 0.29323930013835897 0.5528435604586497 0.8082636074023403
9 288 0.1546005486328277 0.7320920623434504 0.2287053166496895 0.2287053166496895 0.4524031477481115 0.7320920623434504
10 320 0.16041907891359294 0.7091339740027686 0.24001003149541938 0.24001003149541938 0.40741490660584534 0.7091339740027686
11 352 0.14723180802849206 0.6345196641909657 0.23910084590381686 0.23910084590381686 0.33726292408280545 0.6345196641909657
12 384 0.1221902723105209 0.6172518689211791 0.19876217004236474 0.19876217004236474 0.3021941002919094 0.6172518689211791
13 416 0.10415310447732969 0.5583836858425153 0.169018053252753 0.169018053252753 0.29768663610802065 0.5583836858425153
14 448 0.0954883480293895 0.6070024117880104 0.14419833488943057 0.14419833488943057 0.24373951490364934 0.6070024117880104
15 480 0.0847066042580381 0.6239565651741791 0.13060217424054554 0.13060217424054554 0.22643506747826794 0.6239565651741791
16 512 0.08769032258149106 0.6316345822984684 0.11334487510969236 0.11334487510969236 0.20395818734402946 0.6316345822984684
17 544 0.11375458188617849 0.6489562844493814 0.10347064084936174 0.10347064084936174 0.24972641914949004 0.6489562844493814
18 576 0.14402102632188898 0.6007490306362454 0.10401977873584026 0.10401977873584026 0.262162117259741 0.6007490306362454
19 608 0.1369281829829898 0.540588825439504 0.12075789302654284 0.12075789302654284 0.3071629149988387 0.540588825439504
20 640 0.13924459524145166 0.4933269047553165 0.1175058468683187 0.1175058468683187 0.2824386851389062 0.4933269047553165
21 672 0.15045163869712477 0.42176790544227233 0.12320559044425952 0.12320559044425952 0.2203253016023875 0.42176790544227233
22 704 0.16895737802117214 0.33676931846680636 0.1299853728806058 0.1299853728806058 0.2333300307147263 0.33676931846680636
23 736 0.16469161420022213 0.370233791448013 0.12018648863725086 0.12018648863725086 0.20552533317521074 0.370233791448013
24 768 0.15541113981239885 0.3210897558131124 0.11381649209813793 0.11381649209813793 0.17770759079763693 0.3210897558131124
25 800 0.14343517042578185 0.3104209682287803 0.11479725445756139 0.11479725445756139 0.1679281250607005 0.3104209682287803
26 832 0.1638272089867261 0.27372596659868476 0.11632634597660986 0.11632634597660986 0.14888079171749546 0.27372596659868476
27 864 0.16042961535992784 0.26799161140709205 0.11492417979330574 0.11492417979330574 0.14162732034184647 0.26799161140709205
28 896 0.13108679031826034 0.20920136698895805 0.11776411133856977 0.11776411133856977 0.1382541722288717 0.20920136698895805
29 928 0.11078824917083718 0.2101442193784445 0.11386224995674843 0.11386224995674843 0.11748420122924805 0.2101442193784445
30 960 0.10160376779519208 0.17243704864451673 0.09919791804386363 0.09919791804386363 0.1200177717407515 0.17243704864451673
31 992 0.08168778074784168 0.15333810927299854 0.09285734513410539 0.09285734513410539 0.115504768449988 0.15333810927299854
32 1024 0.0934316451398649 0.12716386466712506 0.08006348372416461 0.08006348372416461 0.1041232302181903 0.12716386466712506
33 1056 0.09915093106517169 0.14868263393636605 0.0692424832786647 0.0692424832786647 0.08862883422984262 0.14868263393636605
34 1088 0.08946237647553687 0.1884244686814184 0.06101145899681147 0.06101145899681147 0.08003605704106657 0.1884244686814184
35 1120 0.10220622261667758 0.19714716939610316 0.053063126546203446 0.053063126546203446 0.08408329558877427 0.19714716939610316
36 1152 0.10369669017005514 0.19006155454370405 0.04639304766387249 0.04639304766387249 0.09875231244449714 0.19006155454370405
37 1184 0.12156317142193648 0.1627941210443019 0.04676582744594122 0.04676582744594122 0.10106447117490581 0.1627941210443019
38 1216 0.13685388733847836 0.15776148357681993 0.0455465472873345 0.0455465472873345 0.0841223430586289 0.15776148357681993
39 1248 0.12152283312009064 0.1503932278896173 0.043332624589244646 0.043332624589244646 0.0924879494809728 0.1503932278896173
40 1280 0.10609937551361892 0.1496701195404022 0.041241082380945995 0.041241082380945995 0.09043979657767852 0.1496701195404022
41 1312 0.08977244669191654 0.12459981047537774 0.0350214140394555 0.0350214140394555 0.08150436499028246 0.12459981047537774
42 1344 0.0823044747829112 0.11269015460314837 0.037860584054354454 0.037860584054354454 0.07320513558114038 0.11269015460314837
43 1376 0.07760564843880363 0.098908125119529 0.03425464826028101 0.03425464826028101 0.06149219971643533 0.098908125119529
44 1408 0.09491301755479396 0.11529274203147485 0.033002797675314256 0.033002797675314256 0.06509419511564667 0.11529274203147485
45 1440 0.08229375508382798 0.13552359777734488 0.026912680893344598 0.026912680893344598 0.0693557874628301 0.13552359777734488
46 1472 0.06713813933237632 0.14091362679291414 0.02200913482879488 0.02200913482879488 0.07269513061264309 0.14091362679291414
47 1504 0.07235267817413132 0.12362783637415062 0.021803236986149763 0.021803236986149763 0.05679454287792806 0.12362783637415062
48 1536 0.07759429021145754 0.13456359994787362 0.023831076061692998 0.023831076061692998 0.043948756502302296 0.13456359994787362
49 1568 0.08020444901690862 0.16760732633781522 0.02168255039103119 0.02168255039103119 0.03550999258920485 0.16760732633781522
50 1600 0.07858881673863442 0.18258622212649336 0.017318169373410797 0.017318169373410797 0.03482409163431352 0.18258622212649336
51 1632 0.08033696330225315 0.15794509515838234 0.015076987781084022 0.015076987781084022 0.035840140858387715 0.15794509515838234
52 1664 0.08421573426009342 0.13102849221980836 0.014067415284820762 0.014067415284820762 0.03526956122878925 0.13102849221980836
53 1696 0.07713476583492307 0.13718298162165543 0.012808721225583145 0.012808721225583145 0.04076316011927514 0.13718298162165543
54 1728 0.08010562690206918 0.1303790324613731 0.013582698324107223 0.013582698324107223 0.04302835760336884 0.1303790324613731
55 1760 0.08395137450950174 0.10731734472395982 0.013389563580430669 0.013389563580430669 0.0514572855174132 0.10731734472395982
56 1792 0.07393088457745282 0.11101308982540417 0.011350264088713096 0.011350264088713096 0.04788894477006727 0.11101308982540417
57 1824 0.0780423785532394 0.09708741124860747 0.010760619278557843 0.010760619278557843 0.043848205120744874 0.09708741124860747
58 1856 0.06572426111463861 0.09284690880004527 0.011598633494248575 0.011598633494248575 0.051316388477326294 0.09284690880004527
59 1888 0.06308829587576315 0.08667834259996535 0.010546266041243646 0.010546266041243646 0.048882118712741666 0.08667834259996535
60 1920 0.05724771836370254 0.0831161165880567 0.008837419675350119 0.008837419675350119 0.05310872298714551 0.0831161165880567
61 1952 0.058955216971282656 0.06713069789762245 0.007941477946513724 0.007941477946513724 0.05573254936229074 0.06713069789762245
62 1984 0.062135951926112175 0.06212245156830578 0.008023931794745934 0.008023931794745934 0.0516122459795862 0.06212245156830578
63 2016 0.062017565995360645 0.05704223068788274 0.007612209835265552 0.007612209835265552 0.05490603428078014 0.05704223068788274
64 2048 0.06044260812378343 0.05616297745241166 0.008007838251448863 0.008007838251448863 0.04829695468996643 0.05616297745241166
65 2080 0.04964488600636391 0.04884299257990591 0.008299309821479531 0.008299309821479531 0.04679078731829217 0.04884299257990591
66 2112 0.04986616593529486 0.047964978087433344 0.006984162067847855 0.006984162067847855 0.03773726724428603 0.047964978087433344
67 2144 0.04933915755969231 0.05233694258316286 0.007481776832677875 0.007481776832677875 0.03566657918578898 0.05233694258316286
68 2176 0.04535889299186482 0.04971002813587118 0.007293391340804025 0.007293391340804025 0.030378649293832095 0.04971002813587118
69 2208 0.04279997752316685 0.05061897040853757 0.006302928564438427 0.006302928564438427 0.0284941235704597 0.05061897040853757
70 2240 0.03434679535289156 0.05049938498527698 0.005446424071384805 0.005446424071384805 0.026903183977406868 0.05049938498527698
71 2272 0.0387146751096153 0.047971975472693426 0.004175752739438709 0.004175752739438709 0.023835948873884467 0.047971975472693426
72 2304 0.037842056918001125 0.05061070093641828 0.0035644539143391144 0.0035644539143391144 0.029501337676352105 0.05061070093641828
73 2336 0.03265163939812745 0.04374188885783833 0.0033890217668372013 0.0033890217668372013 0.024724583126893684 0.04374188885783833
74 2368 0.02918228955404606 0.03629638996277243 0.0030198122391021757 0.0030198122391021757 0.02193555213404776 0.03629638996277243
75 2400 0.024429850140682295 0.03438388761931309 0.0035104810323978316 0.0035104810323978316 0.022785486333562827 0.03438388761931309
76 2432 0.033050945956768385 0.02962751696715585 0.0033054209418182275 0.0033054209418182275 0.021141349666337343 0.02962751696715585
77 2464 0.045130027379342005 0.029634003667405633 0.0038230206371608834 0.0038230206371608834 0.01780846563743764 0.029634003667405633
78 2496 0.04228732430293793 0.033878574136544715 0.003302989499350207 0.003302989499350207 0.021054845647618718 0.033878574136544715
79 2528 0.044669319076561076 0.034457858702654394 0.0031724812424256785 0.0031724812424256785 0.019226682667707683 0.034457858702654394
80 2560 0.04895193915384963 0.02980705779603877 0.002998702836934113 0.002998702836934113 0.021197026982810865 0.02980705779603877
81 2592 0.05862574474002155 0.029806522735143292 0.0029078766081875366 0.0029078766081875366 0.019772137577903536 0.029806522735143292
82 2624 0.06664416920308384 0.035885345004796856 0.0027293321073271937 0.0027293321073271937 0.015076608079542057 0.035885345004796856
83 2656 0.06842130132846574 0.04353295734308511 0.002388831341499933 0.002388831341499933 0.0133048814328949 0.04353295734308511
84 2688 0.0607733103458099 0.03694547680324393 0.002550576140451717 0.002550576140451717 0.01306892501799857 0.03694547680324393
85 2720 0.07064691325757085 0.030978974057365126 0.0024452238123083376 0.0024452238123083376 0.011980309328263744 0.030978974057365126
86 2752 0.0659290930520415 0.029656950725529097 0.002985800534865775 0.002985800534865775 0.010189669000444025 0.029656950725529097
87 2784 0.07492800936123738 0.034255316461240665 0.0024536693051795933 0.0024536693051795933 0.010932343747455149 0.034255316461240665
88 2816 0.0629745353742656 0.031046374548899556 0.0024812519118535977 0.0024812519118535977 0.010759307239904214 0.031046374548899556
89 2848 0.06109284237676304 0.031179834624380197 0.00225788003691084 0.00225788003691084 0.010351488635758067 0.031179834624380197
90 2880 0.06046647713164953 0.03084471959703366 0.0019708232550744234 0.0019708232550744234 0.011242647444094101 0.03084471959703366
91 2912 0.05223869137461054 0.0423932774008792 0.0023091572366070313 0.0023091572366070313 0.009890050164729148 0.0423932774008792
92 2944 0.04707596383024291 0.04226180703216206 0.0019345915516469465 0.0019345915516469465 0.010026039014629834 0.04226180703216206
93 2976 0.042318556581063066 0.036582554631370175 0.001824623757091839 0.001824623757091839 0.008745066708536156 0.036582554631370175
94 3008 0.03688277956079195 0.04045415569409826 0.0019433669293512574 0.0019433669293512574 0.007445380914365129 0.04045415569409826
95 3040 0.040712987824559344 0.04339920935115912 0.001841679153413316 0.001841679153413316 0.006644592094485429 0.04339920935115912
96 3072 0.03861915731382085 0.041372007151191596 0.0019828388317145555 0.0019828388317145555 0.007362289683082531 0.041372007151191596
97 3104 0.037337089625182146 0.03722828286742905 0.0016902790899933782 0.0016902790899933782 0.007454704246895588 0.03722828286742905
98 3136 0.030951101768259114 0.03465506219499783 0.0016639475960121893 0.0016639475960121893 0.0072348527725075076 0.03465506219499783
99 3168 0.02619534861570667 0.027041981619021462 0.0014875325827686226 0.0014875325827686226 0.007375786756259483 0.027041981619021462
100 3200 0.02590288422972185 0.024596083901836274 0.0011991798124557384 0.0011991798124557384 0.006620322188634718 0.024596083901836274
101 3232 0.022774828352318657 0.02344920649544799 0.0011097242857215689 0.0011097242857215689 0.005814601907514098 0.02344920649544799
