% # columns="iteration, evaluation, min max(neg(.)) min(pos(.)) max correlation, correlation matrix principal axes lengths  (sorted square roots of eigenvalues of correlation matrix)", seed=1, Sat Feb 21 06:27:39 2026
1 32 -0.1496510851650849 -0.12040578210191233 0.13602915560850193 0.19226216511546745 0.8783672057144346 0.9840553297565979 1.1225445024154053
2 64 -0.30356361683823013 -0.27783355550216265 0.11478201475717172 0.21992381017421564 0.8338284694944649 0.904988221783886 1.2189037705631065
3 96 -0.32836921753227394 -0.2995652358849148 0.042049902749740756 0.12711763398060008 0.8106811429830701 0.9414287401037946 1.2068587372672268
4 128 -0.24761532857170826 -0.2384473187893505 0.14753522886570525 0.2670280683016994 0.8513008178868852 0.889288118341775 1.2183815330352252
5 160 -0.44912019901990935 -0.38313130001349244 0.2142390919761103 0.3473736569662277 0.7154218193764725 0.9067903166226795 1.2906986255665571
6 192 -0.26392216890268333 -0.26071850414002495 0.14806055058949533 0.28111657073667706 0.8468534887130349 0.8671124856230346 1.2373177061414755
7 224 -0.28381999013119324 -0.267133086496612 0.09987146150833034 0.20551940720872985 0.845964126004178 0.9008922936616467 1.2135640785451118
8 256 -0.13072174597149622 -0.11993329713276109 0.07511630614617802 0.12934439173375592 0.9245208714811074 0.9552177954855126 1.1103243316182938
9 288 -0.10086846052112602 -0.09782363314823242 0.14502682365062 0.22293214854401056 0.8812847087105393 0.968253852383295 1.1339408007201648
10 320 -0.18931438626748487 -0.12530748121344637 0.06908196298711947 0.06987153933326956 0.8775585775106172 1.0200717018011147 1.090570798353835
11 352 -0.2626788701305655 -0.16175008057184664 0.1858803841885754 0.20082841621666386 0.769967694096213 1.0647105465975475 1.128512827579781
12 384 -0.18891262049851787 -0.12468373525215762 0.16791876041652226 0.2012240403930553 0.8294306783115186 1.033367791505775 1.1154352322542853
13 416 -0.06578781725231034 -0.024475558468540715 0.23411382109860998 0.27899802217055725 0.8236620392749227 1.0199879216560426 1.1319034785410202
14 448 0.02276898323308854 0.03124047336914694 0.17696642600592952 0.21707025341546532 0.8833055038093187 0.9944645056142375 1.1094195482384457
15 480 0.12363934933905099 0.1287298619087025 0.3126242165332387 0.3688318221717659 0.7940543413369621 0.9595724270198609 1.2036189016076215
16 512 0.22988405159730665 0.24440230626418386 0.4653787312601495 0.5245192849252609 0.6864983682681741 0.9032030591656358 1.3087949511970813
17 544 0.07372034733910338 0.10360932822635846 0.46044825828657787 0.5495055874193959 0.6610850177212184 0.9768833125099912 1.268331815056314
18 576 0.15441583442591286 0.18006791263155322 0.3378405075249238 0.3647792942837403 0.7847346509930534 0.9257606129272097 1.2357826730794725
19 608 -0.06549653155530635 -0.0173735090248057 0.33772367120856844 0.40796637542252584 0.7420274014828893 1.0181272320802146 1.1886178001129009
20 640 -0.04323563242375938 0.00287049250082385 0.193770620423815 0.21129787147356216 0.8512622111197289 1.0196900082735247 1.1115686820645356
21 672 -0.04007371430841908 -0.0022033593345012273 0.28049948870179087 0.336863416406637 0.7947818538160298 1.0117788753583608 1.1595797998513624
22 704 -0.1749319687306623 -0.09986762154335266 0.13873470539925645 0.14320446719281651 0.8386771141716022 1.0580867693400418 1.084929991618052
23 736 -0.24149934851217505 -0.17817890844754022 0.10528124538535218 0.1364475232650148 0.847032009150586 1.0050311135121615 1.1280289164497632
24 768 -0.27239604361468017 -0.2282766654357416 -0.04449602256006728 -0.027355186447114408 0.8377168441604315 1.008487132702314 1.1318940728636018
25 800 -0.2540585179845444 -0.20737815974772666 0.016791847528160778 0.044834825049972216 0.8630750332142368 0.9890789522861815 1.129966509763327
26 832 0.014695063899916299 0.0209028943693126 0.1472586462064281 0.18316939968273696 0.9028433797763165 0.9969808859178958 1.0912849970142748
27 864 0.07496303243571241 0.07917829335284118 0.2016581892119348 0.23826956024783721 0.8723834624509025 0.9757747779308764 1.1343767792035078
28 896 -0.023537797570404133 -0.017428334117781472 0.26765358237616244 0.35657142442152107 0.8016185272802647 1.0000591541271078 1.1650276498725658
29 928 -0.17709008024375544 -0.15761985501528233 0.1539717820888713 0.23836543589511605 0.8629051555408974 0.9518973333272597 1.1615877751359953
30 960 -0.18256081128877552 -0.1801479501797918 0.2241958282729785 0.3565642266482515 0.8020362161440867 0.9328889528805602 1.2192030633109023
31 992 -0.20503559480167316 -0.19960397567717852 0.22838339115401535 0.3656142276399187 0.7959209185843206 0.9239900717440879 1.2299399329553649
32 1024 -0.41079115116614706 -0.3154412138778789 0.323371117054692 0.4409586234106141 0.6417329366843795 0.985232255076426 1.2718082565903803
33 1056 -0.5493077230179491 -0.43867279254053315 0.43834020623884895 0.620042942021227 0.472036632603238 0.9455352751405098 1.3722771079288456
34 1088 -0.41557879257103214 -0.3535940553541072 0.5553303051924524 0.7963203548243807 0.4022581960943343 0.9295714152827209 1.4050214687200373
35 1120 -0.49600721572852075 -0.4894958074763949 0.5219767652720608 0.8526228812694202 0.3831344623860272 0.7884758107654628 1.4938252506802514
36 1152 -0.6013173919916575 -0.5723503365552913 0.4727031809450605 0.7920872980088115 0.43885544206989296 0.7388931892177023 1.5038094147508627
37 1184 -0.6093977177105191 -0.5581660866409018 0.4716859190233673 0.7637382898418397 0.43880233635283633 0.781318314879349 1.4822260962637874
38 1216 -0.6355131667219578 -0.6171060873406384 0.44540656260786404 0.7811703665427121 0.4590053976204618 0.6825818465201011 1.5242690273558972
39 1248 -0.6127305073726107 -0.6101045499085352 0.45544833680969243 0.8080066749183595 0.43799129994097397 0.6743854302531552 1.5340690703610067
40 1280 -0.668974440048549 -0.6545805922259685 0.43991586731502963 0.7903541726727819 0.45135269907857206 0.6426718854487591 1.5437789960639523
41 1312 -0.5677285278777202 -0.5519112658643168 0.3878555650754122 0.6852939133752518 0.5544713034431563 0.7194527006596612 1.4747709602414767
42 1344 -0.5294622203295752 -0.5128101911851879 0.3908353198952472 0.6753984611110049 0.5636160817171463 0.7520496535289304 1.4549083239355076
43 1376 -0.5823853871949456 -0.5403552815134945 0.46402264220571804 0.7567851777640046 0.4613601883066068 0.7790554299331982 1.4765566070209741
44 1408 -0.7254822157980896 -0.6782016674595147 0.49399071605346 0.83744096221921 0.3459195104980826 0.6882581309013404 1.5513350500472038
45 1440 -0.7724920230860979 -0.7547198367472765 0.5162147342059112 0.9220874048514859 0.26559741500177547 0.5731414552670722 1.6127513402253666
46 1472 -0.7281046216699569 -0.6949347676372801 0.5143395705872403 0.8842611626294037 0.3075409546333092 0.6535759363367223 1.574248092476154
47 1504 -0.6430777162966457 -0.5728775412219715 0.53629564956309 0.8358198714167696 0.3154230085199101 0.8082441143471003 1.499082978797211
48 1536 -0.7014795860774488 -0.6021287187400032 0.5390957590237682 0.8201530509409131 0.2430569057569686 0.8368255704769691 1.4968788545369143
49 1568 -0.7846919192019037 -0.6986873259849716 0.5309793694326559 0.8548636746882662 0.19350001248613805 0.749389169199399 1.5495075405607095
50 1600 -0.8300461944379812 -0.766940414683105 0.5194506547129273 0.8851418980900618 0.19908131602545306 0.6515708207944725 1.5924264802805779
51 1632 -0.7568210255419309 -0.7070812969260803 0.5391616920759209 0.9048362931274041 0.23208820609311562 0.67640171715784 1.5775347164542541
52 1664 -0.7485825928567147 -0.7086390522391941 0.5520897132189855 0.9323890944208582 0.20330838276336996 0.6608119507971443 1.5880784826896357
53 1696 -0.736756164444561 -0.7131444708100626 0.5484976533883358 0.9454333344866367 0.21157230340289424 0.631136533792983 1.5990321560695937
54 1728 -0.7912352649210258 -0.7831467815195239 0.5155474311765218 0.9403570186737018 0.24066667070289102 0.5283509283332938 1.6318470670201095
55 1760 -0.7925611234528552 -0.7878375867949645 0.5283284188491248 0.9623268840725971 0.19267905437944943 0.523633681534168 1.6397202656448495
56 1792 -0.7865821001877109 -0.7762005753810678 0.5285547729107697 0.953091697534739 0.21066681187522798 0.5438166037250759 1.6309147727233484
57 1824 -0.8245629739697848 -0.8103022218045541 0.5103376921778594 0.9362902446734332 0.24006973165521459 0.5047766987746335 1.6393800682932487
58 1856 -0.840409478470287 -0.8403313956832841 0.49591006588484 0.9412458036205451 0.24239212283058317 0.4387756872152897 1.6579270053589317
59 1888 -0.9060114343087277 -0.8992231822237127 0.49793034529244057 0.9568599357128099 0.2006838126016525 0.3626592010728 1.6817265863501427
60 1920 -0.9108703660553147 -0.9018255634740324 0.4946257103491725 0.9510646657089585 0.20860801843170698 0.3629174898314047 1.6807062772002932
61 1952 -0.9307313837964567 -0.9180509414619427 0.47376757131724134 0.9250266332424553 0.2362487406271166 0.3466344150922558 1.6804853807236024
62 1984 -0.9256093392962693 -0.919236595493982 0.48072899730885654 0.9410114511075154 0.23202089789866587 0.31870223639014567 1.6865927746371425
63 2016 -0.9201895428419048 -0.9053581766381378 0.47801616880561754 0.9243095844164356 0.2385706196783835 0.3730986715636461 1.6744794536523024
64 2048 -0.8881250801495054 -0.8785089774877359 0.4680328851111171 0.9072640699822987 0.2903031346639234 0.39005398415603304 1.6624024721613913
65 2080 -0.9046152147142873 -0.89525607334812 0.4561367126172583 0.8972418332395504 0.29552055142836586 0.36498349327769125 1.667169653430115
66 2112 -0.8953731392879639 -0.8853756688696993 0.42786910381165877 0.8556198909538468 0.32346020098447703 0.3970546193503608 1.6546060339644668
67 2144 -0.9067002112822627 -0.8896584511488174 0.39881801210409507 0.8112684063882871 0.3016117778300376 0.451725874509972 1.6446805372996924
68 2176 -0.9228910622901739 -0.9135808574464048 0.41645851331298506 0.8504947653890125 0.2677626641399403 0.3940603207566881 1.6652386073166265
69 2208 -0.9300944458911865 -0.9253700955941567 0.4310503389171536 0.8784661334572273 0.2512616191654519 0.35146751420366795 1.6773008630516624
70 2240 -0.9515467360932617 -0.9480212064004387 0.4516528212736766 0.9146853008055587 0.20954115632652243 0.2947757145013177 1.6938712412534733
71 2272 -0.9724216366047863 -0.9705296891169601 0.47539930673449615 0.9554836911971555 0.16105772983390404 0.21339566473552776 1.7112926979137237
72 2304 -0.9652325198679876 -0.9636725048407268 0.4686552204157509 0.9445377804739826 0.1773885160490594 0.23664042183991182 1.7066149610047785
73 2336 -0.9609925943256732 -0.9588505331243354 0.473164843696695 0.9483612414357008 0.1965353535838475 0.2313266753649599 1.7052453852910046
74 2368 -0.9393176782324502 -0.9387952930397968 0.4644278593278084 0.9316465249243568 0.24362546986420794 0.26175307789578506 1.694736544907652
75 2400 -0.9363366290263241 -0.9331712321844318 0.46391055215619936 0.9264390834278508 0.25198193830656634 0.28082136562417503 1.6904568800700714
76 2432 -0.8975765108679225 -0.8936009509480025 0.43706514121127027 0.8766449453444414 0.3195016854282735 0.356779266176519 1.6645201195044284
77 2464 -0.9326361178124682 -0.9324289709698718 0.4619671215147789 0.926558672167066 0.2566276906944341 0.27105612609832247 1.6913517685193142
78 2496 -0.9350392223557428 -0.9308618328385924 0.46098113377687433 0.9207513997982129 0.2546876923313012 0.29274731898168643 1.6880264176262145
79 2528 -0.9345787795546395 -0.9286405337815059 0.4718038354703781 0.9326803794478725 0.24225729880339206 0.29868574628323885 1.6888156282269862
80 2560 -0.9309511719553047 -0.9284998418121309 0.47167098994013706 0.9359432703810524 0.24889810922711922 0.2816783151910524 1.690771142991947
81 2592 -0.9520084335011423 -0.934658181548684 0.4704188116385283 0.9214275574151407 0.20244086014473137 0.34837281931372127 1.6845337862172045
82 2624 -0.9522635518989355 -0.9295028154405907 0.49727163239113964 0.9501023785433715 0.13483371836945776 0.37254761828348437 1.6861281506759707
83 2656 -0.908968397052763 -0.8828761009984308 0.5089402900035049 0.946786790949818 0.16447126783081034 0.4450289162032982 1.6658026491157478
84 2688 -0.8733175775778117 -0.8376895410140222 0.5078966193093815 0.9207973028533931 0.20500546213979537 0.5217236824388933 1.6388340854629704
85 2720 -0.8715522635641582 -0.816789862181653 0.4759273641662391 0.852070704899698 0.2532456959214701 0.5898198139652187 1.6087197408347063
86 2752 -0.9254434850195192 -0.8871726955148441 0.4772778774179375 0.8938239455575229 0.20327534599662564 0.47884895978729364 1.6520843826574294
87 2784 -0.8832947869728833 -0.8379382656797763 0.48327363351465674 0.8783210786196942 0.2382458433575192 0.546042075440206 1.626369260030396
88 2816 -0.9161132453239625 -0.8784327810871527 0.47894991750185245 0.8937303527947111 0.2146921642961207 0.48520874570155964 1.6487812916468236
89 2848 -0.9054055174543207 -0.8774433383450176 0.49717044042888336 0.9274128542442139 0.2011441867660886 0.45536003213908105 1.658972048366248
90 2880 -0.9297856261030609 -0.8750761846914796 0.47504440469757314 0.8703751597490095 0.17188859534871048 0.5413879758430219 1.6362620115377744
91 2912 -0.9602914986010999 -0.9211201729526904 0.46703123047099404 0.890577039297146 0.15374472430201372 0.4529615488864065 1.6646886780956147
92 2944 -0.9579940948665641 -0.9140772668888099 0.456681045590137 0.869683655105365 0.1662311634524598 0.47999103661778625 1.6558912419189324
93 2976 -0.9533892327947209 -0.8877515855414089 0.44820069411501373 0.8278804734138426 0.1481912227985251 0.5703767964393114 1.6287141159728138
94 3008 -0.9536096240760631 -0.8787276175978064 0.4458945786589954 0.8125533042663393 0.13048254494115835 0.6027614436352273 1.6185341972082194
95 3040 -0.9417421497434597 -0.8701348491965161 0.4560005334038155 0.8264383603903158 0.14895060932123214 0.5971210743509504 1.6190306169275492
96 3072 -0.896216196176171 -0.8223227183366804 0.48858829605156345 0.8516651563414877 0.163619062365802 0.63311148433623 1.6038698983496487
97 3104 -0.9141822163996731 -0.8513707602800549 0.4857720438285172 0.8686748557450896 0.16081627819453756 0.5822227022396845 1.623316004253139
98 3136 -0.928146186771272 -0.8836616203850177 0.47725085670611733 0.8864037826835747 0.18897109097782785 0.5022668079930588 1.6468205671423686
99 3168 -0.9464546333068924 -0.9118312113156466 0.4822432566302321 0.9123113239542792 0.16330939901697397 0.44072743811022663 1.6670600965440663
100 3200 -0.9489042583448722 -0.907495520481481 0.4731590809116556 0.8919685435126432 0.1637072389271492 0.4711745056788041 1.6586725189503753
101 3232 -0.9300391739070096 -0.8937626379839848 0.4954048974379799 0.92218420665561 0.1584409857869216 0.46386114199772654 1.6612432979450764
