% # columns="iteration, evaluation, sigma, void, void,  stds==sigma*sqrt(diag(C))", seed=1, Sat Feb 21 06:27:39 2026, <python>{}</python>
1 32 0.17600506127786758 0 0 0.21522724872453505 0.14157872618926015 0.14284272667749742
2 64 0.19606326473037147 0 0 0.2402635447724514 0.11791316242480596 0.15118988206153725
3 96 0.19945417856164036 0 0 0.20105370219499732 0.12624971864917572 0.15516938942531014
4 128 0.1616944543053759 0 0 0.14640241439328974 0.07728537032465382 0.11211843683864088
5 160 0.19492585637494356 0 0 0.17605227893963632 0.08144485199096095 0.1533257945489012
6 192 0.19985929590393134 0 0 0.15507579761520535 0.07257401931531549 0.13676392785427022
7 224 0.1921372087977419 0 0 0.15015490655464456 0.05924171365277311 0.11188725203344381
8 256 0.154160902983913 0 0 0.11225650087492972 0.035731140864681134 0.07047192144528214
9 288 0.1546005486328277 0 0 0.10909889078601247 0.038371235262555536 0.06315461297986703
10 320 0.16041907891359294 0 0 0.10091569077180854 0.03868258426206843 0.055489468592415825
11 352 0.14723180802849206 0 0 0.0891336499934362 0.03103747118006204 0.046763859684026104
12 384 0.1221902723105209 0 0 0.06755783572767175 0.021432017061882264 0.037167582796512395
13 416 0.10415310447732969 0 0 0.06312940285482013 0.016163485522882784 0.024907038116708975
14 448 0.0954883480293895 0 0 0.05956810533394621 0.012943481274979587 0.021377215269372543
15 480 0.0847066042580381 0 0 0.053474516979324295 0.010832911204389275 0.016625971406127347
16 512 0.08769032258149106 0 0 0.0568202182330748 0.011410527991877193 0.021013444012078816
17 544 0.11375458188617849 0 0 0.06807962075625444 0.014857971247162743 0.029049192151945565
18 576 0.14402102632188898 0 0 0.07766321395555958 0.019462832658966533 0.04371119299369871
19 608 0.1369281829829898 0 0 0.06718228239813104 0.018290185217135414 0.03833547245187712
20 640 0.13924459524145166 0 0 0.058516297688811926 0.017885463544573835 0.030668600415295365
21 672 0.15045163869712477 0 0 0.050380468582482955 0.02166229417286857 0.03427183522770525
22 704 0.16895737802117214 0 0 0.06185373917800973 0.020874933015703704 0.03563001669206494
23 736 0.16469161420022213 0 0 0.05209261630320446 0.01906489135404632 0.03044967033130923
24 768 0.15541113981239885 0 0 0.047356131901851374 0.018021122191933688 0.02755729782554651
25 800 0.14343517042578185 0 0 0.03866557839137418 0.016770068318258557 0.02235309661559311
26 832 0.1638272089867261 0 0 0.043730091833050044 0.019271419304126423 0.02316710860148225
27 864 0.16042961535992784 0 0 0.033039433848397 0.020104491928165966 0.02189781888468008
28 896 0.13108679031826034 0 0 0.026604762818312196 0.01654195490071025 0.015406319358871894
29 928 0.11078824917083718 0 0 0.01850449913367329 0.013708838079615466 0.011497469908854332
30 960 0.10160376779519208 0 0 0.014187232909089133 0.012513270681998898 0.010564483316211305
31 992 0.08168778074784168 0 0 0.009366918405335944 0.008462558431450325 0.00797937598217461
32 1024 0.0934316451398649 0 0 0.011960721306535775 0.008057991943806585 0.009767931002596736
33 1056 0.09915093106517169 0 0 0.01587812031870893 0.010128010424468651 0.009690828259686151
34 1088 0.08946237647553687 0 0 0.014888638359391209 0.009902406495765402 0.008394275805630768
35 1120 0.10220622261667758 0 0 0.01675045583690065 0.011322243574051524 0.009640127538752243
36 1152 0.10369669017005514 0 0 0.01391990350346142 0.011492318492993378 0.009617013783336821
37 1184 0.12156317142193648 0 0 0.013634103949276055 0.01497250782517167 0.009641632251634896
38 1216 0.13685388733847836 0 0 0.014749548573827403 0.016819797358377818 0.010887406374273967
39 1248 0.12152283312009064 0 0 0.013301741731636842 0.014565468504958934 0.009361354703669436
40 1280 0.10609937551361892 0 0 0.010194222358460596 0.010347154818260209 0.007236625373861249
41 1312 0.08977244669191654 0 0 0.008498608659993077 0.007564450413478011 0.005257036092806621
42 1344 0.0823044747829112 0 0 0.0071577871385908745 0.005460799797645938 0.004333346204508756
43 1376 0.07760564843880363 0 0 0.007806331288645293 0.004793985898758866 0.005311637358957101
44 1408 0.09491301755479396 0 0 0.010823639692959243 0.005777925163675271 0.008048451827844664
45 1440 0.08229375508382798 0 0 0.010036372170236176 0.005923911422063651 0.006141825411232417
46 1472 0.06713813933237632 0 0 0.007264256010127517 0.003945489757506389 0.004151920114759684
47 1504 0.07235267817413132 0 0 0.008645353572303149 0.004082686220934886 0.004057604270687099
48 1536 0.07759429021145754 0 0 0.011672878481480152 0.004586481582708105 0.004719160206675322
49 1568 0.08020444901690862 0 0 0.013176278812189269 0.004437386610152246 0.005556895555174211
50 1600 0.07858881673863442 0 0 0.011213248638010317 0.0038134391989298366 0.004809748792481884
51 1632 0.08033696330225315 0 0 0.009680623393307601 0.003419684148634653 0.0038344075894120367
52 1664 0.08421573426009342 0 0 0.010542530477010327 0.003748240159077774 0.004607075292153839
53 1696 0.07713476583492307 0 0 0.009228364239078822 0.0038175112892979237 0.0036763514686299335
54 1728 0.08010562690206918 0 0 0.007836811548306526 0.0037445492673342283 0.004075272358080795
55 1760 0.08395137450950174 0 0 0.00843674753696636 0.00429538370226773 0.0037813916739273014
56 1792 0.07393088457745282 0 0 0.006500747374721775 0.0033195145789048056 0.003063178512828179
57 1824 0.0780423785532394 0 0 0.006598225447965273 0.003409913675086176 0.003768095067637509
58 1856 0.06572426111463861 0 0 0.005250519832651355 0.0025352443851952185 0.0030431992673535762
59 1888 0.06308829587576315 0 0 0.004767151910621781 0.002615514002994117 0.003076721769846516
60 1920 0.05724771836370254 0 0 0.003432914147556928 0.002044918947514561 0.0030313423586171796
61 1952 0.058955216971282656 0 0 0.002748376328223284 0.001976159518837388 0.003381890824612314
62 1984 0.062135951926112175 0 0 0.0031047248783787956 0.002019250832269506 0.0032724442895126805
63 2016 0.062017565995360645 0 0 0.002806102625254712 0.0020971464969500473 0.0030129564546934585
64 2048 0.06044260812378343 0 0 0.00266051000522904 0.0017205394695254735 0.0026319214494461506
65 2080 0.04964488600636391 0 0 0.0017450450232024256 0.0011592939086449102 0.0022161060169718196
66 2112 0.04986616593529486 0 0 0.0017916705441720544 0.0010637202107516444 0.002402529681246273
67 2144 0.04933915755969231 0 0 0.0015176712631877248 0.0010430503993091869 0.002236130666118137
68 2176 0.04535889299186482 0 0 0.001353829679974043 0.0009148681394150074 0.002086639527088696
69 2208 0.04279997752316685 0 0 0.0012398718397895639 0.0007802329782642608 0.0019762779509060234
70 2240 0.03434679535289156 0 0 0.0010426917801438338 0.0005113475118891677 0.0014342245484551942
71 2272 0.0387146751096153 0 0 0.0011961148830285393 0.0007598976519546086 0.0017761016650064733
72 2304 0.037842056918001125 0 0 0.0010040663655400419 0.0006281222558122449 0.0014930252335936252
73 2336 0.03265163939812745 0 0 0.000858791799032094 0.0004330623942776665 0.0010010957385173153
74 2368 0.02918228955404606 0 0 0.0007443254000056304 0.00039472579436225275 0.0008658025920575318
75 2400 0.024429850140682295 0 0 0.0005196407328228864 0.00031411449992825184 0.0006545672294392617
76 2432 0.033050945956768385 0 0 0.0006654547812442047 0.00034988702232997175 0.0008697329680556078
77 2464 0.045130027379342005 0 0 0.0010241085207211046 0.0005432816006061328 0.0013852142148208023
78 2496 0.04228732430293793 0 0 0.0009692479014065132 0.00043852747195799604 0.0012924866574329928
79 2528 0.044669319076561076 0 0 0.0009077694387625355 0.0005234479362447255 0.001260644901106276
80 2560 0.04895193915384963 0 0 0.001153053712738516 0.0005071371127064357 0.001224449676940549
81 2592 0.05862574474002155 0 0 0.0015529633851894455 0.00047071330620062827 0.0016123187166962067
82 2624 0.06664416920308384 0 0 0.0023822264346753763 0.0006563335259930008 0.0017671608125413934
83 2656 0.06842130132846574 0 0 0.0021528720745991655 0.0006723491787720565 0.0014605438622292198
84 2688 0.0607733103458099 0 0 0.0015356194902509408 0.0004520787704296417 0.0012386385602312902
85 2720 0.07064691325757085 0 0 0.001747265153209177 0.000473856835946805 0.0012942084675100134
86 2752 0.0659290930520415 0 0 0.0018622552777702883 0.0004167874431741878 0.001415777670628938
87 2784 0.07492800936123738 0 0 0.0019551392788683913 0.00044110610320063665 0.001441784538724387
88 2816 0.0629745353742656 0 0 0.001648570037283738 0.00035926319164070327 0.0012057297843778912
89 2848 0.06109284237676304 0 0 0.001636361078880247 0.0003593050015281195 0.0011092373003275277
90 2880 0.06046647713164953 0 0 0.0020926973814887847 0.00036003713751570765 0.001561725636183424
91 2912 0.05223869137461054 0 0 0.0016928426377548398 0.00026004489724423276 0.0014916871857729103
92 2944 0.04707596383024291 0 0 0.0013041834414382653 0.00019918761128057214 0.001184112357951701
93 2976 0.042318556581063066 0 0 0.00130574262237719 0.0001927806552552664 0.0011378582605730437
94 3008 0.03688277956079195 0 0 0.0012423888505474396 0.00017111561291100223 0.0010266697374556846
95 3040 0.040712987824559344 0 0 0.0013429256899153764 0.00020054473878220288 0.0010439459632049233
96 3072 0.03861915731382085 0 0 0.0011849910367164583 0.00018131468142124435 0.0008468284617166019
97 3104 0.037337089625182146 0 0 0.0010725163841206321 0.00017444540779697616 0.0007552041372920719
98 3136 0.030951101768259114 0 0 0.0006940212235315518 0.00011599843018157473 0.0005095571182096675
99 3168 0.02619534861570667 0 0 0.0005287342121065343 9.022459837863155e-05 0.00039810531402703815
100 3200 0.02590288422972185 0 0 0.0004823275024959908 7.524291159209349e-05 0.00039261573758752987
101 3232 0.022774828352318657 0 0 0.0004099026974556238 6.67184901073177e-05 0.00030799523481339186
