% # columns="iteration, evaluation, void, void, void, xmean", seed=1, Sat Feb 21 06:27:39 2026, <python>{}</python> # scaling_of_variables: 1, typical_x: 0
1 32 0 0 0 0.3767087616682895 0.24303745464814092 0.26788303494783516
2 64 0 0 0 0.45957226413245567 0.2568817090747626 0.3316304116970795
3 96 0 0 0 0.46033021180110056 0.21719022562099488 0.24078972749926975
4 128 0 0 0 0.4715471051183158 0.2157330392110679 0.26352839078638485
5 160 0 0 0 0.530728404251045 0.20824834849654894 0.3550327269511129
6 192 0 0 0 0.533811230578932 0.18473206889297986 0.25614872829281393
7 224 0 0 0 0.4985446987236449 0.18349035833917687 0.210078461380486
8 256 0 0 0 0.49589810832022585 0.186663433162651 0.21142187977290577
9 288 0 0 0 0.539481405648926 0.19817056603074118 0.22956030659886326
10 320 0 0 0 0.5198035798262691 0.17853133820313644 0.24794919993672185
11 352 0 0 0 0.5291573338193305 0.17290507230326518 0.25852722649559073
12 384 0 0 0 0.5355212947517243 0.1734070592334824 0.24971186642404994
13 416 0 0 0 0.5197711108525852 0.1767221532140155 0.24860032603248253
14 448 0 0 0 0.528732472639613 0.17958054497401812 0.24066734898500383
15 480 0 0 0 0.5139864397786428 0.1762645583005672 0.2458733357587558
16 512 0 0 0 0.5170669989131731 0.17373025909091547 0.2552349389903035
17 544 0 0 0 0.4899813242617797 0.1654720430744961 0.2640888643027552
18 576 0 0 0 0.48653886908587574 0.16835800799624806 0.28451370214738425
19 608 0 0 0 0.46186076658403924 0.1649446344278537 0.2839066054357837
20 640 0 0 0 0.4691251594180007 0.17360066865107768 0.2886047244477353
21 672 0 0 0 0.47630026575267764 0.1613559865021131 0.30215447316619326
22 704 0 0 0 0.5104936767806021 0.16302681407171177 0.30873409837285015
23 736 0 0 0 0.5205474740571606 0.1687431704399132 0.311024866147523
24 768 0 0 0 0.5219231073710142 0.1725619161498289 0.3183207828545221
25 800 0 0 0 0.5181744164486612 0.17795910514913124 0.31722831288627223
26 832 0 0 0 0.5011442439008978 0.18465770884435234 0.32272829476158865
27 864 0 0 0 0.5033421194760022 0.1727047241140273 0.32298985519804574
28 896 0 0 0 0.5057888934276736 0.17779931394117218 0.32197403141215714
29 928 0 0 0 0.5028539578694053 0.17971888832087066 0.3195276627343293
30 960 0 0 0 0.505882347543811 0.18189632797670494 0.3175037584910596
31 992 0 0 0 0.5048450104375937 0.18257831059003574 0.3174455798667949
32 1024 0 0 0 0.4986804976518474 0.1846831420234986 0.31356931860771453
33 1056 0 0 0 0.49329534498670297 0.18734793832547322 0.31208007617671735
34 1088 0 0 0 0.49613819626269245 0.18552684674295727 0.3105174821536244
35 1120 0 0 0 0.5042227810173593 0.18020994566076032 0.30908199893550986
36 1152 0 0 0 0.5021058648032464 0.17846243495934724 0.30566345924155736
37 1184 0 0 0 0.5048369742303401 0.1715848403895512 0.30418396951472515
38 1216 0 0 0 0.49776727859766856 0.17568533382089455 0.29957514772919774
39 1248 0 0 0 0.4955707922597762 0.1785852781893709 0.29989374556479736
40 1280 0 0 0 0.49874054665262807 0.1782446654522945 0.3026331432773509
41 1312 0 0 0 0.4978921048773381 0.17803847994896344 0.3029944598329984
42 1344 0 0 0 0.4952015156005533 0.17915299349465297 0.30283540045832263
43 1376 0 0 0 0.4976143816454058 0.1780236018937144 0.3044058519801791
44 1408 0 0 0 0.5022785405487805 0.17634336502761877 0.30842489943888024
45 1440 0 0 0 0.4976716250908853 0.1785894844324599 0.3059529730358674
46 1472 0 0 0 0.49821215426485427 0.1782631853334945 0.30544811320618165
47 1504 0 0 0 0.49934428056849456 0.17884089029044944 0.30558576808392224
48 1536 0 0 0 0.5041916510633799 0.17727062469610683 0.30755282477741686
49 1568 0 0 0 0.5064724410240886 0.17704882463778607 0.3094045597805121
50 1600 0 0 0 0.5058618956054747 0.17795944268493855 0.30953608088449375
51 1632 0 0 0 0.5043654340086359 0.1783285539540227 0.3101533085976111
52 1664 0 0 0 0.5090509267135039 0.17626218298910049 0.3112074567625288
53 1696 0 0 0 0.510678527125936 0.1755859965138067 0.3107926900970027
54 1728 0 0 0 0.5104035128377432 0.17481981075857225 0.3100855644050798
55 1760 0 0 0 0.5141956213284232 0.1730448853006468 0.30957805919565495
56 1792 0 0 0 0.5137797821231429 0.17361613919590665 0.31090610176753974
57 1824 0 0 0 0.5129377428394943 0.1731126113276788 0.3099929116071692
58 1856 0 0 0 0.5120680538785349 0.1740103486058311 0.31070765006442536
59 1888 0 0 0 0.5112374931570507 0.17362633105137287 0.3094166019216459
60 1920 0 0 0 0.5117818085796032 0.17318409847685864 0.30875040690057914
61 1952 0 0 0 0.5115823769337124 0.17258803424354122 0.3072603820538857
62 1984 0 0 0 0.5101270885704878 0.17314965093253493 0.3072197032267505
63 2016 0 0 0 0.5100020652220729 0.17286416471886967 0.306964467963076
64 2048 0 0 0 0.5103157313359045 0.17302064532644423 0.30684695844058074
65 2080 0 0 0 0.5099769492814471 0.17307558280578228 0.30663030774967065
66 2112 0 0 0 0.5099795498754158 0.17254971527117044 0.3055297550345978
67 2144 0 0 0 0.5095085988630903 0.1724061173540263 0.3049965164115787
68 2176 0 0 0 0.5101691849074075 0.17246964616459645 0.30577152080091646
69 2208 0 0 0 0.5105818437423958 0.17245043675637492 0.30623939157323726
70 2240 0 0 0 0.510341970396875 0.1725038519796288 0.30610305376928953
71 2272 0 0 0 0.510727716080269 0.17212355329372397 0.30583940243249924
72 2304 0 0 0 0.5111145387289531 0.17208231270090804 0.30625193389084276
73 2336 0 0 0 0.511013367109578 0.17211812242518088 0.30627431253569315
74 2368 0 0 0 0.5111129926552503 0.1720858695659116 0.30637762429335247
75 2400 0 0 0 0.5111245455371003 0.1721576809142291 0.30650559538140304
76 2432 0 0 0 0.5111472300819265 0.1722287866834457 0.3064477593046488
77 2464 0 0 0 0.5113905458140183 0.17199472731164506 0.30601752233522267
78 2496 0 0 0 0.5109146203380192 0.17213074793579464 0.3059451157354433
79 2528 0 0 0 0.511255831728188 0.17185579555150937 0.30557540954773094
80 2560 0 0 0 0.5118222778932893 0.1716986037260081 0.30588447616934317
81 2592 0 0 0 0.5125555546044184 0.17161576301018697 0.30662224587479214
82 2624 0 0 0 0.5133525986551828 0.17142656272353018 0.30696528760870834
83 2656 0 0 0 0.5134080679710494 0.17122672307235007 0.3066639702988982
84 2688 0 0 0 0.5137226580694241 0.17122074428295214 0.30711484716576787
85 2720 0 0 0 0.5140562326627477 0.17127100591684938 0.30732245848002016
86 2752 0 0 0 0.5135381321222855 0.17140795984564403 0.30727907323733394
87 2784 0 0 0 0.5132439541823592 0.17144338048243957 0.3074259190519219
88 2816 0 0 0 0.5129792696405989 0.1714795074508676 0.3071636856315432
89 2848 0 0 0 0.5127337521692277 0.17155114246564562 0.3072811412091312
90 2880 0 0 0 0.5134547101442168 0.17144473011502645 0.30780688396142597
91 2912 0 0 0 0.513447429566525 0.1713909711491134 0.3076342963697863
92 2944 0 0 0 0.513893438665235 0.17132606501812678 0.30798594649175154
93 2976 0 0 0 0.5140166480356814 0.17128571588570615 0.3080620585099634
94 3008 0 0 0 0.5139907535512301 0.1712848525290214 0.3079477550244458
95 3040 0 0 0 0.5145085309663783 0.17123766568260096 0.3082640856083049
96 3072 0 0 0 0.5148172855021461 0.17118820524071454 0.3084351772051091
97 3104 0 0 0 0.5150587221647631 0.17112518488589235 0.30852144507217216
98 3136 0 0 0 0.5148267179801701 0.17115676806462155 0.30835920130708105
99 3168 0 0 0 0.5147458959985518 0.1711577998119315 0.30827698491414773
100 3200 0 0 0 0.5145725602876522 0.1711741164277215 0.3081067498555547
101 3232 0 0 0 0.514524623086945 0.17117068985533015 0.3080556204540895
