% # columns="iter, evals, sigma, 0, fitness, xbest" seed=1, Sat Feb 21 06:27:39 2026, <python>{}</python>
1 32 0.17600506127786758 0 36.12752005660785 0.48665288309590576 0.13581706183262376 0.297857459630632
2 64 0.19606326473037147 0 31.45009849843893 0.43290949166784176 0.2523199775907954 0.3800406750170865
3 96 0.19945417856164036 0 29.534618627938368 0.4285431620084948 0.20453300651342504 0.14976060655219428
4 128 0.1616944543053759 0 25.853652625076982 0.4949830797875741 0.17206378007393658 0.22204812796922924
5 160 0.19492585637494356 0 34.25550581482892 0.48703190557179854 0.27551401074510856 0.40015765843881046
6 192 0.19985929590393134 0 30.14865629534682 0.491624386495492 0.13500034755908802 0.28783862536418886
7 224 0.1921372087977419 0 44.374286538747334 0.4987943015394908 0.2115149007412442 0.2820491431915061
8 256 0.154160902983913 0 26.691250802231202 0.48766341518314943 0.19458128496408245 0.17678581651999606
9 288 0.1546005486328277 0 24.965932867581706 0.48243186104613767 0.22012764895669468 0.31303369125467173
10 320 0.16041907891359294 0 31.370114026184027 0.4995374123897491 0.16447539835949154 0.2672760869499696
11 352 0.14723180802849206 0 28.762199718359554 0.4800944179910666 0.17124549860665464 0.2560196859746025
12 384 0.1221902723105209 0 29.337429713985184 0.49732570220809585 0.18941847822922983 0.1618103383907067
13 416 0.10415310447732969 0 23.35317651843568 0.4940490293390896 0.17753701121234253 0.22501071876368356
14 448 0.0954883480293895 0 34.5342961936325 0.48633905248559683 0.17458582028136851 0.24201613458951834
15 480 0.0847066042580381 0 25.886280028214923 0.44240995643058934 0.1883911437548568 0.24450136716408266
16 512 0.08769032258149106 0 45.58176040932567 0.4774929516029475 0.1648358763961728 0.25684283899958127
17 544 0.11375458188617849 0 28.742936995771885 0.4774723353721987 0.16254821482271573 0.2844916311581501
18 576 0.14402102632188898 0 23.07690131401775 0.4822872834482362 0.18830504732259065 0.2570721222228496
19 608 0.1369281829829898 0 27.274337105211558 0.46456805541011986 0.18893854412882136 0.2595038803907671
20 640 0.13924459524145166 0 25.70412286752815 0.44284982011587737 0.1876861844755971 0.2926212482789491
21 672 0.15045163869712477 0 26.43973657514636 0.4737543818244896 0.13546555389762324 0.3042587824278215
22 704 0.16895737802117214 0 25.844780835614984 0.4895221664972511 0.18532776813482507 0.32446568330665293
23 736 0.16469161420022213 0 29.385807107854486 0.4883294422131674 0.17095621774847147 0.34218776217034164
24 768 0.15541113981239885 0 26.136500729809885 0.49837489420023406 0.19833288611527836 0.34166739127194345
25 800 0.14343517042578185 0 26.104905780437278 0.4788020487294355 0.17168614829266088 0.30924715712225664
26 832 0.1638272089867261 0 25.869909617580394 0.47948486862033307 0.16875878510457396 0.3378969498373179
27 864 0.16042961535992784 0 23.739144033954755 0.4809931189316621 0.17177839342902243 0.29338332908936166
28 896 0.13108679031826034 0 26.42983698830069 0.4976064221448082 0.1801793435061483 0.3349858815785819
29 928 0.11078824917083718 0 28.712550493934295 0.469338521788734 0.17858698940591874 0.30920277120680806
30 960 0.10160376779519208 0 27.98646280924157 0.48077860474866413 0.17554794000274804 0.30054755209429995
31 992 0.08168778074784168 0 32.79285826398377 0.4808073711490133 0.18076453375218268 0.32173697911089083
32 1024 0.0934316451398649 0 26.104945957348928 0.4751400369358319 0.18812126724939562 0.31281070704713376
33 1056 0.09915093106517169 0 23.16806843590142 0.4696090515245611 0.18572489101542747 0.30293504614334626
34 1088 0.08946237647553687 0 24.930767626026967 0.47718760796113296 0.19322301041985232 0.3040998841796868
35 1120 0.10220622261667758 0 25.627247915530862 0.4799600118622886 0.18126176576486455 0.3001908149141092
36 1152 0.10369669017005514 0 27.508291588080024 0.4777024045674395 0.1739909773800678 0.3038333607843994
37 1184 0.12156317142193648 0 24.502648726972534 0.4818974620523331 0.18287241044543506 0.30971885478364997
38 1216 0.13685388733847836 0 22.530748460546782 0.47570560539305273 0.19400374791116895 0.30331792510206396
39 1248 0.12152283312009064 0 26.193191070322968 0.47662954271271785 0.19345973981254053 0.3032901576470622
40 1280 0.10609937551361892 0 25.98817095952261 0.48329914261458434 0.18054689454444556 0.30924181780895776
41 1312 0.08977244669191654 0 30.16674104533643 0.4722698624016096 0.17846185624310618 0.29848598728080816
42 1344 0.0823044747829112 0 25.719903309387636 0.4754518210770244 0.17688335362568447 0.3008388494231474
43 1376 0.07760564843880363 0 24.686905959348806 0.4788483714519868 0.1809142775865929 0.30868990301258065
44 1408 0.09491301755479396 0 22.468283265462127 0.48258891780250734 0.1739431111656745 0.308622494915658
45 1440 0.08229375508382798 0 25.077403344048445 0.46977526864208163 0.18974557700663047 0.3051453712356221
46 1472 0.06713813933237632 0 25.71377008350266 0.48074155732294993 0.17849774473656713 0.3028941985746865
47 1504 0.07235267817413132 0 26.18779075966295 0.48558543990552067 0.17685314202803146 0.30866645824844535
48 1536 0.07759429021145754 0 26.045743876124643 0.4908764852875702 0.17093190330550595 0.31454685351472056
49 1568 0.08020444901690862 0 24.68932654924023 0.48738937282543926 0.17601361704763435 0.3153756455822648
50 1600 0.07858881673863442 0 28.604736994866215 0.4813675329956225 0.18045795199100198 0.30955954665965346
51 1632 0.08033696330225315 0 25.34409069514498 0.48578245050755164 0.17643562115589964 0.309697843237107
52 1664 0.08421573426009342 0 23.687768312467337 0.48694035037545397 0.1737330975066668 0.30584810701961
53 1696 0.07713476583492307 0 26.860944566479237 0.48999235183086604 0.16884621318550075 0.3104550906801601
54 1728 0.08010562690206918 0 23.750777314428582 0.4882528255687777 0.16993667574468857 0.30700243991137266
55 1760 0.08395137450950174 0 24.165940902391736 0.48744104915083375 0.17126823764795263 0.3066305590682499
56 1792 0.07393088457745282 0 25.26041624091826 0.48553541044939563 0.17644908456918473 0.3149696609133842
57 1824 0.0780423785532394 0 24.28439418371941 0.48392070846933166 0.17423999208716015 0.30613584074933864
58 1856 0.06572426111463861 0 26.27764662248502 0.4831806949279995 0.17617672200346499 0.306188732879722
59 1888 0.06308829587576315 0 26.441170699020944 0.4841059496092407 0.17779275360102176 0.3128232196256973
60 1920 0.05724771836370254 0 26.106578399421252 0.4861377650932639 0.17345738845239975 0.3079824272827081
61 1952 0.058955216971282656 0 25.639905917918455 0.4865969104007937 0.17132167919835037 0.30433806043157985
62 1984 0.062135951926112175 0 27.14307822795121 0.4849887067974682 0.17396859401115145 0.30579205431700174
63 2016 0.062017565995360645 0 24.654950676292113 0.4872663109015944 0.17076886614775955 0.30655725800628203
64 2048 0.06044260812378343 0 26.477836952959066 0.48603199295180055 0.1745869873630609 0.30921564785586747
65 2080 0.04964488600636391 0 24.85444933863451 0.4856142608982854 0.17285707599946276 0.30559937948177346
66 2112 0.04986616593529486 0 26.8573436901858 0.48569872941012765 0.1718941682925854 0.30470244517637723
67 2144 0.04933915755969231 0 24.382128805774673 0.48590060372786253 0.17287239710060326 0.3063968236299948
68 2176 0.04535889299186482 0 26.673714041205262 0.48671365342759376 0.17302157385697942 0.3091276604673987
69 2208 0.04279997752316685 0 23.68061811400198 0.48623352864177655 0.17183894212785308 0.3057791874321928
70 2240 0.03434679535289156 0 23.552009694275185 0.48544238209936347 0.17301012836180837 0.30549748891700795
71 2272 0.0387146751096153 0 25.149009913116334 0.48601044854542086 0.17127608832323912 0.3033113014037926
72 2304 0.037842056918001125 0 25.076982159833875 0.48637033526221485 0.17206512362247986 0.3063932868545686
73 2336 0.03265163939812745 0 23.6507647901181 0.48584175953494785 0.17235605396141276 0.305584756516847
74 2368 0.02918228955404606 0 30.686997406834276 0.4863967998479352 0.1721171659619942 0.30595213229691964
75 2400 0.024429850140682295 0 27.86166358717345 0.48619919580600746 0.17213109136457289 0.30579814880240264
76 2432 0.033050945956768385 0 24.481192201292803 0.48652928836148035 0.17208254173437146 0.3063910614676095
77 2464 0.045130027379342005 0 29.396173736127388 0.4869755673339633 0.1716124235790903 0.306421220323831
78 2496 0.04228732430293793 0 25.58785279303475 0.48610873552653794 0.1724772564006622 0.3063687540040771
79 2528 0.044669319076561076 0 26.38148008636344 0.48689837688189336 0.1713495581700396 0.30583235161296796
80 2560 0.04895193915384963 0 23.34283960032875 0.4873172328026419 0.17171969104650775 0.3071781700569588
81 2592 0.05862574474002155 0 23.706583322221054 0.48716037613002267 0.1717231468317465 0.3077277041281513
82 2624 0.06664416920308384 0 28.72116813228878 0.48828517908476543 0.17088427623875102 0.30853196249408793
83 2656 0.06842130132846574 0 23.990627351338873 0.48706593628122247 0.17131659979273764 0.3065097393538545
84 2688 0.0607733103458099 0 25.951091471934195 0.48744566317817467 0.1715054239973435 0.30763528006386237
85 2720 0.07064691325757085 0 25.45503091461572 0.4876273149457143 0.17134794120473265 0.3077139452483703
86 2752 0.0659290930520415 0 24.06986368323483 0.48719760260676814 0.17171311641539874 0.30816462102795406
87 2784 0.07492800936123738 0 23.385961899739655 0.4868421370713276 0.17144055361181723 0.30649457078409365
88 2816 0.0629745353742656 0 22.343781092500766 0.4866844847541737 0.17138435149868797 0.30634081969163274
89 2848 0.06109284237676304 0 25.27273260442821 0.4867632037540381 0.1719597360151393 0.307853573745347
90 2880 0.06046647713164953 0 25.528974282373134 0.4884247780946421 0.17103080629434522 0.31022014154941335
91 2912 0.05223869137461054 0 27.08991637245206 0.4866645568973822 0.1714980495045531 0.3061747547157527
92 2944 0.04707596383024291 0 23.71225459545872 0.487697711705072 0.17117185902867307 0.30818268746100014
93 2976 0.042318556581063066 0 24.803694542601235 0.48669387167677364 0.17150786434756152 0.3061799193960818
94 3008 0.03688277956079195 0 26.379258006341377 0.4874731875480619 0.17146622811475698 0.3078396959229288
95 3040 0.040712987824559344 0 24.25704939256592 0.4875219285123162 0.17138216237483775 0.30778069968653654
96 3072 0.03861915731382085 0 26.814841870060153 0.48840082591974937 0.17093008251632982 0.3088453487258487
97 3104 0.037337089625182146 0 25.540998420323493 0.48800606077538067 0.17106469907478278 0.3081092567740329
98 3136 0.030951101768259114 0 27.88283560291994 0.48793482984231723 0.1711814960097626 0.3085107562327866
99 3168 0.02619534861570667 0 23.592910348796913 0.48800818326663303 0.1711717690691797 0.3087022558144765
100 3200 0.02590288422972185 0 23.865276588455973 0.4876819151375173 0.1712427198045069 0.30793876065750864
101 3232 0.022774828352318657 0 25.550457897316974 0.48777766101752645 0.17116264314091484 0.30786523539989835
