% # columns="iteration, evaluation, min max(neg(.)) min(pos(.)) max correlation, correlation matrix principal axes lengths  (sorted square roots of eigenvalues of correlation matrix)", seed=1, Sat Feb 21 06:27:39 2026
1 32 -0.1896083613109092 -0.1412020297310488 0.1106344030748815 0.1461735490969979 0.8709969816979676 1.001940456606714 1.1124205945988954
2 64 -0.17035547115060057 -0.09175668557734543 0.23961171824235675 0.271469067275669 0.7769610921974778 1.0597012210083807 1.128434660671432
3 96 -0.06190076021509094 -0.0006858529223289639 0.27890133519413424 0.31088215727352664 0.7810955428842269 1.0265114270633293 1.1559256217399125
4 128 -0.22680279105157874 -0.1313245244508079 0.19107590743540784 0.20306445146337554 0.7800965849760542 1.073865469302619 1.112772336081448
5 160 -0.3009181902418927 -0.216989978668643 0.32187899069558656 0.4175737689104134 0.6844104273335644 1.0163621842263313 1.224169219279659
6 192 -0.2301142958681114 -0.12480440399171491 0.20387441209056348 0.20812412557492643 0.7615878148232964 1.0897114864254436 1.110185964901884
7 224 -0.15374768307623127 -0.07302057993080384 0.2300869535283857 0.2503956948693548 0.7838056099207741 1.0651039803192488 1.118571534129497
8 256 -0.11937635677286941 -0.07156347518492356 0.10862211158115326 0.12087109224856635 0.8890560244088791 1.0353098586712242 1.066636246337264
9 288 -0.21593410408093405 -0.1448856960312719 0.0797044996844917 0.08351949020675076 0.8600947327877695 1.021611404609107 1.1029719799719953
10 320 -0.08420830050411143 -0.08355937929620982 0.12576070728770916 0.1948851482744472 0.8972701648309219 0.9721134878536054 1.117989990132912
11 352 -0.2490222138004178 -0.2380215543370038 0.1737857931200867 0.30005424947570286 0.8324039847995575 0.8957395464878986 1.2266842588651212
12 384 -0.21850171093531384 -0.1914300464645532 0.12792643403049742 0.20730692972475365 0.8653043542662567 0.9433942310809182 1.1667286313668233
13 416 -0.2875873074910039 -0.2464289734210815 0.04267937411100274 0.0978904892184417 0.8432904556723033 0.9657685434282253 1.164539534707398
14 448 -0.21618346264678792 -0.17538493794303905 -0.02130526837160872 -0.010743903218214168 0.8801815946781114 1.0024766038447708 1.1046814106943914
15 480 -0.35746747608606366 -0.2947709991756992 -0.08417724319476898 -0.07667580144482337 0.7748564938060946 1.0201899361952622 1.1656800195990464
16 512 -0.4917646379504017 -0.41932407368815977 -0.123027443601051 -0.09670246450092335 0.6552385632247203 1.0328698605933704 1.226312470922903
17 544 -0.5470322630366211 -0.4561105746070708 -0.016113976394885602 0.039629867912959096 0.6587665591918506 0.9880230696237169 1.2608873995650283
18 576 -0.3404754654226892 -0.3098980392373532 -0.10510085116501745 -0.0674125479929082 0.7503242670538345 1.0300172332336528 1.1730635078766272
19 608 -0.4205852728303999 -0.35762056053612457 0.054968772313542455 0.1295338376358228 0.7598279322658983 0.9562517580117147 1.2281058947208237
20 640 -0.21980762762530334 -0.20334094198320593 0.01814941440486041 0.07551284755878512 0.8735228163030607 0.964256079361064 1.1433145248850813
21 672 -0.34374220638649433 -0.2909984718126858 0.029010447809551233 0.0829363531098217 0.8076536428285299 0.9725345283374573 1.1840068346159347
22 704 -0.16904676845936906 -0.16536559576492632 0.10874691586756312 0.19643658038395018 0.8954942941752473 0.9224710459908612 1.1606623705488615
23 736 -0.1435516249405791 -0.11929724391655351 0.1724309035330016 0.2454192383254944 0.8568333374108917 0.9796476937227006 1.1428591462140496
24 768 0.05584242632659492 0.06875000254091118 0.2341661474457815 0.2763972861997553 0.8476025108620352 0.981332112187705 1.1482844896494906
25 800 -0.02873310757291741 -0.007074185236191775 0.20337351586369168 0.2518638272269272 0.8567290948870911 1.0061924366251966 1.119639244780298
26 832 -0.18275108967628645 -0.146431483214237 -0.015060118532810293 -0.0075892701010508235 0.9010099333840396 1.0014901759596562 1.0886682356896362
27 864 -0.23302350130233263 -0.1938603550706198 -0.06026042426910931 -0.05489026023365198 0.8570155057526206 1.0155939612722515 1.1108975329556352
28 896 -0.3566915764358123 -0.2700060673546326 0.01666563628085866 0.025537361744842727 0.8018524199945729 0.9992915807658844 1.1655252177277275
29 928 -0.22545454071058368 -0.1541831086856132 0.1339924366522048 0.1587795197398403 0.8331464656302185 1.027532062085168 1.118054036348368
30 960 -0.3356078498184122 -0.2223628013241438 0.1278877253738793 0.13139285244561857 0.7675091625348355 1.0368137555682317 1.1558317012824897
31 992 -0.34092664385936594 -0.22596222997556145 0.14286056955575238 0.1508370888490525 0.7573660792238798 1.041014657229577 1.158742898780499
32 1024 -0.47061137749766363 -0.3993199189992298 0.2862212376634466 0.4434434980525716 0.6627289504905605 0.9027436122097855 1.3213040183077127
33 1056 -0.6756920105617521 -0.5959339402454392 0.3753114314565348 0.6193018183742133 0.4930113799463779 0.8032869345912539 1.4531585873394393
34 1088 -0.8103765101860376 -0.6819841994932091 0.28058180411836897 0.47304482796273317 0.4072774317607977 0.8652554792241928 1.4441115085930312
35 1120 -0.8082926717673298 -0.580292433057443 0.18090570964044173 0.20663818516318314 0.3684817714167402 1.0242966251243448 1.3472333160564502
36 1152 -0.7160270419598483 -0.5323284181558214 0.30938028315643795 0.4062512264564976 0.41061394452332844 1.0080217997747123 1.3473263300856042
37 1184 -0.7133412965255685 -0.5647770828870038 0.35196763464634895 0.5089849935189017 0.42094729360912336 0.942135197552082 1.3911091422087105
38 1216 -0.6639975472125842 -0.46405792587620714 0.31942834447742263 0.3806508132589222 0.4136856501789679 1.0564921147858457 1.3086972889982376
39 1248 -0.6958267887568397 -0.46434647520821226 0.2586400630775237 0.26815526229080827 0.3960682173228235 1.0705660567498154 1.302696543851204
40 1280 -0.648347204973152 -0.44087336175612446 0.33274962203847336 0.3831501067529784 0.3986869776669117 1.0755066024426583 1.2978190328166221
41 1312 -0.561200657726368 -0.37277930536529513 0.3129370053008219 0.3530877564951214 0.490243998453041 1.0818579895785139 1.2606522567170977
42 1344 -0.5722596196400587 -0.3871330499918957 0.290857011629119 0.3317271291879609 0.5071026339626963 1.0693295559614944 1.264666445896027
43 1376 -0.6967682371448027 -0.5350324632721201 0.326499180724932 0.45194062151793335 0.43780052607855724 0.9770016447975388 1.3615426858634447
44 1408 -0.7718127601007405 -0.6261743824803769 0.40196032492022904 0.5990335164334007 0.33009315577165044 0.9039436823402105 1.4401126093712024
45 1440 -0.8401229630988248 -0.6411829700941667 0.33080007438839204 0.4558544295445869 0.24953496509993153 0.9812395454601792 1.405311800141761
46 1472 -0.8184501721211483 -0.6516447822372882 0.3651784030578118 0.537314074938985 0.2927300274951519 0.9283231326836169 1.4326637052452902
47 1504 -0.8445840957665364 -0.7376296854754867 0.3945468087489737 0.6649845631994108 0.31743808250709293 0.7742518826796599 1.516498297374983
48 1536 -0.8938168294427167 -0.8366637055158777 0.455782782665719 0.8294451547994122 0.2542539122103329 0.5825014010446004 1.6112253305812994
49 1568 -0.9148519971491991 -0.8650180210283049 0.47807725574936 0.8759417052210209 0.19984585225686888 0.5351055869527127 1.635152484066155
50 1600 -0.891136103058712 -0.8196827765759509 0.4780757137053546 0.8392085506496954 0.1997174475469111 0.6299195276790659 1.6010353930484886
51 1632 -0.8897095124065979 -0.7813168364665413 0.42094235910996014 0.7133027483620706 0.22973954459508078 0.7480226809379712 1.5452125453967864
52 1664 -0.9173363188702955 -0.8018735568216022 0.3984866860202778 0.683144004918878 0.20116730090224422 0.7559085492435913 1.5453588522502322
53 1696 -0.9111785567836486 -0.74494055438357 0.32736548931337595 0.5185628348122794 0.20621189096719011 0.8896981829113885 1.471704385856042
54 1728 -0.8535262232474627 -0.6223134451852479 0.28059025750725886 0.3503453803425462 0.2250521804626703 1.0246747322475298 1.3781847514620276
55 1760 -0.9036872092858915 -0.6612332506062492 0.22568229982211416 0.2788668579519262 0.18420154250214224 1.0184007610841463 1.388859129488323
56 1792 -0.8911773054629453 -0.6745745625977291 0.2779074977211591 0.37879877496223896 0.2009429948814648 0.9910465810770817 1.4062178305452877
57 1824 -0.8366264381319596 -0.6331441966997512 0.34723587358561514 0.47054698891519553 0.22293734796848472 0.9902559601133056 1.403457185788314
58 1856 -0.8001388396028378 -0.5330858064377278 0.27037615627971684 0.27114377735375517 0.21741715290173325 1.073584787582029 1.3416950046476863
59 1888 -0.7953584033283143 -0.572261267129969 0.37631070862780586 0.4694042310153856 0.17864564606042485 1.0414995639884184 1.372357238970811
60 1920 -0.7715789510737151 -0.5622267500279484 0.411996525720369 0.527385416590708 0.18424419423957508 1.0301918718126173 1.3801299881316347
61 1952 -0.6101226647590807 -0.4232976138357717 0.5193633141725338 0.6467585725853265 0.19934136989505863 1.0662706174707677 1.3503073681820996
62 1984 -0.654120468743073 -0.4337663638250301 0.45666240243281325 0.5331178862673849 0.19110999090142536 1.1053786472623506 1.3197026246674337
63 2016 -0.6634268764921564 -0.4802946490429493 0.498050755554701 0.6410336629713774 0.20564941478042734 1.0339539911256366 1.3742807072923038
64 2048 -0.6298812314677564 -0.4156354651659476 0.45332163637714307 0.5287282372563644 0.23972306934839835 1.105923529508012 1.3112841022839878
65 2080 -0.5313216795622018 -0.3247387085934915 0.5053850669909687 0.5755100212170786 0.23610772070238265 1.1374105807194108 1.2847374498675819
66 2112 -0.3890054315347367 -0.19491571490105514 0.5541673338787255 0.6097719668383043 0.2591585381489572 1.1502439405125278 1.2687693759776473
67 2144 -0.22179790257747153 -0.061973508304497854 0.637456948008923 0.7107760391737563 0.2595099054651059 1.090902214817727 1.3200708188090782
68 2176 -0.185320357529267 -0.014646549264451442 0.6452927449356384 0.694598701404186 0.2274321044201544 1.083749945889166 1.331826074479791
69 2208 -0.2046374374925774 -0.019380361674130292 0.6280433496701969 0.6585941776331923 0.20902553428180912 1.0953844265818824 1.3253079959089076
70 2240 -0.21169868673055692 -0.023842407631189083 0.6364081213553673 0.6686353519181849 0.17345817719999748 1.0983188525812628 1.3280090206120714
71 2272 -0.28126926052032114 -0.08117702320442216 0.6184608081190985 0.651581181244373 0.12966047178672235 1.1279114305508116 1.3080535030681528
72 2304 -0.2549310973498415 -0.053463251295035846 0.6165819560683936 0.6384625124680645 0.1434396922517733 1.1187429296355353 1.3144730168692
73 2336 -0.3925419064087818 -0.17740671034578337 0.5650358765862971 0.597381542833992 0.15150068604977174 1.1705376182996041 1.2676313447812573
74 2368 -0.42876319831980275 -0.19699352631821604 0.5161308850809887 0.5220693502124703 0.1812445407929405 1.1946566037413306 1.2409456134617607
75 2400 -0.45763879551613995 -0.2368968499174236 0.5254527417817787 0.558827326749463 0.19094891586086643 1.1841721194248884 1.2495098651504626
76 2432 -0.4099299128338427 -0.19569332964526093 0.5235777504632821 0.5490981939775481 0.24508495905107644 1.1780037267941665 1.2458894744342242
77 2464 -0.4392280481515577 -0.20478116610092814 0.5051299431559968 0.5073200975243423 0.1896816880895741 1.199561672804002 1.2349383184366556
78 2496 -0.4423514416146292 -0.2280389586719071 0.5383255968316341 0.5794679657234257 0.19581860011656763 1.1750578652995933 1.2573361082248258
79 2528 -0.5545813951427221 -0.3396391097861214 0.504799841828916 0.5713372070106612 0.19163739024933366 1.1423644068420364 1.2877416948436775
80 2560 -0.5516554447760944 -0.31686380624749927 0.4734059149872761 0.5020375168702728 0.18986631369786638 1.1763697389577346 1.257022283090994
81 2592 -0.564175226147914 -0.4117783526244765 0.5810524677256595 0.7595992009856006 0.17813174223892755 1.0215021793959693 1.3873724733813229
82 2624 -0.8378486233949961 -0.7426581001802188 0.5197254179789178 0.8453294008171861 0.12876690704603017 0.7368440004114785 1.562203572748254
83 2656 -0.8702825459728993 -0.75705509888348 0.4732217940363326 0.7700866445868507 0.157613896305214 0.7660204414399103 1.545435389457513
84 2688 -0.8497830885640448 -0.7338366401454927 0.4680186208855187 0.7526905928106371 0.1968956439211516 0.7859135481343191 1.530872953665261
85 2720 -0.7627091976544172 -0.6598225567599492 0.5089142201984991 0.7956065049568471 0.2434198439529835 0.8057479550860585 1.5137757470789852
86 2752 -0.7439805359898009 -0.6386556271636487 0.5383589274827789 0.8253722035387692 0.19238383290593455 0.8242557138219424 1.5111555112126287
87 2784 -0.7736795160429907 -0.6627433065323415 0.5051875467383974 0.7835616216513278 0.22693056925433042 0.8185949598798729 1.5094385739065952
88 2816 -0.7462474424071259 -0.6338661928554046 0.5286633010658712 0.8037918828212419 0.20224784655496242 0.8391862736223198 1.501619860926115
89 2848 -0.8087234065947805 -0.6791631792608672 0.4857590990772177 0.7445062978559994 0.1888083690690461 0.8430116883821847 1.5012270624460864
90 2880 -0.8087061741605241 -0.7421363925090131 0.537987977561129 0.898126319266332 0.1688609768868875 0.680073987650292 1.5839776961201935
91 2912 -0.7159373861266342 -0.6386242948827684 0.5760700992432022 0.9036551393746599 0.1482948356231398 0.7793769755735834 1.5396688513031884
92 2944 -0.6730027940080657 -0.5945101063484183 0.5874593466966426 0.9029564767186821 0.16024013657099329 0.8120349060869512 1.5214869075769482
93 2976 -0.7757608156333105 -0.7272477635584245 0.560036538346701 0.9406182535735235 0.1469550911353712 0.6611075217429264 1.5941584130456798
94 3008 -0.8291591350733959 -0.7939402034372487 0.5459903385113238 0.9574149208580341 0.130806142118233 0.5728163655531521 1.6293468521277545
95 3040 -0.8238515131862417 -0.7802445780794401 0.543343787280818 0.9409329739607691 0.1488755130270202 0.6021176014332303 1.6171859743595465
96 3072 -0.8834996840796435 -0.8375044402056021 0.513643691285686 0.9180311579087406 0.16541030662492348 0.5493356945349928 1.634279573748631
97 3104 -0.8655070708209811 -0.8124813798330603 0.52077548348317 0.9121687469339927 0.16065115682783845 0.5903741543341037 1.620385621913552
98 3136 -0.7724239425570523 -0.6845165752921897 0.5396327433555906 0.8597751489733215 0.1819693207097276 0.7631922954839132 1.5441582452697122
99 3168 -0.7759827149170218 -0.6869416320848722 0.545742331063223 0.8675959026137718 0.1564179212919548 0.7639904708574674 1.5465613451582476
100 3200 -0.7580815116507947 -0.6791753651205436 0.5571747426150963 0.8903852986633917 0.1581187394690692 0.7519278943007005 1.5522895689919542
101 3232 -0.8440489117413867 -0.7609860122370354 0.5173956484140013 0.8604599691266622 0.15358231541603706 0.6988211739502594 1.577359007718354
