% # columns="iteration, evaluation, sigma, axis ratio, bestever, best, median, worst objective function value, further objective values of best", seed=1, Sat Feb 21 06:27:39 2026, <python>{}</python>
1 32 0.17600506127786758 1.0000333338888951 36.12752005660785 3.6127520056607850e+01 200.0 200.0   
2 64 0.19606326473037147 1.628463016264754 31.45009849843893 3.1450098498438930e+01 200.0 214.89146044202553   
3 96 0.19945417856164036 2.2560914212414573 29.534618627938368 2.9534618627938368e+01 200.0 276.86203804977066   
4 128 0.1616944543053759 1.8702251536793673 25.853652625076982 2.5853652625076982e+01 200.0 247.8293843311228   
5 160 0.19492585637494356 2.1296586073652826 25.853652625076982 3.4255505814828922e+01 155.33942292920597 207.8426595282185   
6 192 0.19985929590393134 2.682327575596634 25.853652625076982 3.0148656295346822e+01 200.0 235.59955308188546   
7 224 0.1921372087977419 2.4394221094436848 25.853652625076982 4.4374286538747334e+01 150.5881805805205 231.63702814490716   
8 256 0.154160902983913 2.7563277058053868 25.853652625076982 2.6691250802231202e+01 184.4236381890335 220.9291741514802   
9 288 0.1546005486328277 3.2010277376489853 24.965932867581706 2.4965932867581706e+01 94.00817607526729 284.1011032437038   
10 320 0.16041907891359294 2.954601395551679 24.965932867581706 3.1370114026184027e+01 107.25786598599738 246.2892943155457   
11 352 0.14723180802849206 2.6537742340159434 24.965932867581706 2.8762199718359554e+01 100.3083232610887 200.0   
12 384 0.1221902723105209 3.1054796231577484 24.965932867581706 2.9337429713985184e+01 72.44268008033202 200.0   
13 416 0.10415310447732969 3.3036925647670143 23.35317651843568 2.3353176518435681e+01 99.93206497049208 298.6032022162047   
14 448 0.0954883480293895 4.209496678678378 23.35317651843568 3.4534296193632500e+01 96.33525965840336 200.0   
15 480 0.0847066042580381 4.777535816708259 23.35317651843568 2.5886280028214923e+01 93.67752301641254 200.0   
16 512 0.08769032258149106 5.572678797230029 23.35317651843568 4.5581760409325668e+01 109.69645355611843 200.0   
17 544 0.11375458188617849 6.271888132926206 23.35317651843568 2.8742936995771885e+01 93.68515575102622 200.0   
18 576 0.14402102632188898 5.775334632866854 23.07690131401775 2.3076901314017750e+01 79.29274260689719 200.0   
19 608 0.1369281829829898 4.476633467931421 23.07690131401775 2.7274337105211558e+01 99.99029848163089 200.0   
20 640 0.13924459524145166 4.198317938239758 23.07690131401775 2.5704122867528149e+01 102.59280072202405 200.0   
21 672 0.15045163869712477 3.4232854525630305 23.07690131401775 2.6439736575146359e+01 109.71240167013812 200.0   
22 704 0.16895737802117214 2.5908247289957447 23.07690131401775 2.5844780835614984e+01 52.01666952532624 200.0   
23 736 0.16469161420022213 3.080494285555339 23.07690131401775 2.9385807107854486e+01 66.62272697449501 200.0   
24 768 0.15541113981239885 2.8211180110546166 23.07690131401775 2.6136500729809885e+01 53.37642357031584 200.0   
25 800 0.14343517042578185 2.7040800731304744 23.07690131401775 2.6104905780437278e+01 59.09391793756526 200.0   
26 832 0.1638272089867261 2.353086605623491 23.07690131401775 2.5869909617580394e+01 57.8947952780873 200.0   
27 864 0.16042961535992784 2.331899273843696 23.07690131401775 2.3739144033954755e+01 80.8195734451647 200.0   
28 896 0.13108679031826034 1.7764441527309434 23.07690131401775 2.6429836988300689e+01 89.44717683503639 200.0   
29 928 0.11078824917083718 1.845600446664892 23.07690131401775 2.8712550493934295e+01 72.0806630041407 200.0   
30 960 0.10160376779519208 1.7383131828257525 23.07690131401775 2.7986462809241569e+01 72.08576713367353 200.0   
31 992 0.08168778074784168 1.6513298872754363 23.07690131401775 3.2792858263983767e+01 69.47628510630244 200.0   
32 1024 0.0934316451398649 1.5882879279301796 23.07690131401775 2.6104945957348928e+01 107.07557726296051 200.0   
33 1056 0.09915093106517169 2.1472747206075264 23.07690131401775 2.3168068435901422e+01 70.01315880354332 200.0   
34 1088 0.08946237647553687 3.0883455629419663 23.07690131401775 2.4930767626026967e+01 99.24629684147672 200.0   
35 1120 0.10220622261667758 3.71533270329335 23.07690131401775 2.5627247915530862e+01 80.43878399904676 200.0   
36 1152 0.10369669017005514 4.09676803129513 23.07690131401775 2.7508291588080024e+01 94.02329415172518 200.0   
37 1184 0.12156317142193648 3.4810486617067378 23.07690131401775 2.4502648726972534e+01 42.547244477225995 200.0   
38 1216 0.13685388733847836 3.463741885451105 22.530748460546782 2.2530748460546782e+01 67.08161630223489 200.0   
39 1248 0.12152283312009064 3.4706697162983655 22.530748460546782 2.6193191070322968e+01 92.3429791776865 200.0   
40 1280 0.10609937551361892 3.6291511012706126 22.530748460546782 2.5988170959522609e+01 65.73074378503935 200.0   
41 1312 0.08977244669191654 3.557817806414163 22.530748460546782 3.0166741045336430e+01 55.0666015392738 200.0   
42 1344 0.0823044747829112 2.9764505069801626 22.530748460546782 2.5719903309387636e+01 94.23379392408705 200.0   
43 1376 0.07760564843880363 2.8874366003697975 22.530748460546782 2.4686905959348806e+01 60.602795550234696 200.0   
44 1408 0.09491301755479396 3.493423289920436 22.468283265462127 2.2468283265462127e+01 79.78610241071218 200.0   
45 1440 0.08229375508382798 5.035678099644816 22.468283265462127 2.5077403344048445e+01 103.8972347846923 200.0   
46 1472 0.06713813933237632 6.402506408773267 22.468283265462127 2.5713770083502659e+01 64.19223853437593 200.0   
47 1504 0.07235267817413132 5.6701597314510535 22.468283265462127 2.6187790759662949e+01 51.72335480126256 200.0   
48 1536 0.07759429021145754 5.646559962274486 22.468283265462127 2.6045743876124643e+01 71.01197712592278 200.0   
49 1568 0.08020444901690862 7.730055888957815 22.468283265462127 2.4689326549240231e+01 91.27337810438081 200.0   
50 1600 0.07858881673863442 10.543044024435083 22.468283265462127 2.8604736994866215e+01 58.17389103973462 200.0   
51 1632 0.08033696330225315 10.47590523065518 22.468283265462127 2.5344090695144981e+01 48.60110751315243 200.0   
52 1664 0.08421573426009342 9.31432601987607 22.468283265462127 2.3687768312467337e+01 92.92624159476674 200.0   
53 1696 0.07713476583492307 10.710123142320937 22.468283265462127 2.6860944566479237e+01 56.941401167135574 200.0   
54 1728 0.08010562690206918 9.598905118136223 22.468283265462127 2.3750777314428582e+01 82.84982690218567 200.0   
55 1760 0.08395137450950174 8.014999449332912 22.468283265462127 2.4165940902391736e+01 46.72702851830164 200.0   
56 1792 0.07393088457745282 9.780661397631933 22.468283265462127 2.5260416240918261e+01 85.0357008382876 200.0   
57 1824 0.0780423785532394 9.022474333058952 22.468283265462127 2.4284394183719410e+01 62.62023257200899 200.0   
58 1856 0.06572426111463861 8.00498686729651 22.468283265462127 2.6277646622485019e+01 52.44238037153946 200.0   
59 1888 0.06308829587576315 8.218865545491585 22.468283265462127 2.6441170699020944e+01 92.5292540781724 200.0   
60 1920 0.05724771836370254 9.405020881817954 22.468283265462127 2.6106578399421252e+01 72.32988580691467 200.0   
61 1952 0.058955216971282656 8.453174377584533 22.468283265462127 2.5639905917918455e+01 73.01907143750468 200.0   
62 1984 0.062135951926112175 7.742146014873098 22.468283265462127 2.7143078227951211e+01 46.53806908844045 200.0   
63 2016 0.062017565995360645 7.493517903778702 22.468283265462127 2.4654950676292113e+01 73.54380999701515 200.0   
64 2048 0.06044260812378343 7.013500484010158 22.468283265462127 2.6477836952959066e+01 79.85835831714878 200.0   
65 2080 0.04964488600636391 5.885187278283652 22.468283265462127 2.4854449338634510e+01 60.61807370557083 200.0   
66 2112 0.04986616593529486 6.867678272851647 22.468283265462127 2.6857343690185800e+01 61.82112703961836 200.0   
67 2144 0.04933915755969231 6.995255773277381 22.468283265462127 2.4382128805774673e+01 74.35017606157894 200.0   
68 2176 0.04535889299186482 6.815763176968251 22.468283265462127 2.6673714041205262e+01 61.98590439993658 200.0   
69 2208 0.04279997752316685 8.031023974178197 22.468283265462127 2.3680618114001980e+01 59.12295225283734 200.0   
70 2240 0.03434679535289156 9.27202588770085 22.468283265462127 2.3552009694275185e+01 55.10971963974158 200.0   
71 2272 0.0387146751096153 11.488222235864873 22.468283265462127 2.5149009913116334e+01 74.37473986783839 200.0   
72 2304 0.037842056918001125 14.1987250088495 22.468283265462127 2.5076982159833875e+01 43.85582466038117 200.0   
73 2336 0.03265163939812745 12.906936534273243 22.468283265462127 2.3650764790118100e+01 50.01764366316983 200.0   
74 2368 0.02918228955404606 12.019419450251569 22.468283265462127 3.0686997406834276e+01 66.02631657179644 200.0   
75 2400 0.024429850140682295 9.794637060274102 22.468283265462127 2.7861663587173449e+01 49.33365594471271 200.0   
76 2432 0.033050945956768385 8.963311326653153 22.468283265462127 2.4481192201292803e+01 50.900837917833115 200.0   
77 2464 0.045130027379342005 7.751463170079286 22.468283265462127 2.9396173736127388e+01 55.30463404650841 200.0   
78 2496 0.04228732430293793 10.25694273118628 22.468283265462127 2.5587852793034749e+01 57.12334991066891 200.0   
79 2528 0.044669319076561076 10.86148540197764 22.468283265462127 2.6381480086363439e+01 77.74051576504606 200.0   
80 2560 0.04895193915384963 9.939983858658579 22.468283265462127 2.3342839600328752e+01 64.20120013899192 200.0   
81 2592 0.05862574474002155 10.250270816587893 22.468283265462127 2.3706583322221054e+01 69.0622029613762 200.0   
82 2624 0.06664416920308384 13.14803167722194 22.468283265462127 2.8721168132288781e+01 60.94000855238531 200.0   
83 2656 0.06842130132846574 18.223537420499106 22.468283265462127 2.3990627351338873e+01 46.59016423723057 200.0   
84 2688 0.0607733103458099 14.48514953829245 22.468283265462127 2.5951091471934195e+01 63.684590480541004 200.0   
85 2720 0.07064691325757085 12.66917731678737 22.468283265462127 2.5455030914615719e+01 84.46999439867498 200.0   
86 2752 0.0659290930520415 9.932663076189819 22.468283265462127 2.4069863683234828e+01 53.13535132381842 200.0   
87 2784 0.07492800936123738 13.960852992263108 22.468283265462127 2.3385961899739655e+01 50.81015170966921 200.0   
88 2816 0.0629745353742656 12.51238312425385 22.343781092500766 2.2343781092500766e+01 40.69083682992807 200.0   
89 2848 0.06109284237676304 13.809340671189714 22.343781092500766 2.5272732604428210e+01 59.000788343802704 200.0   
90 2880 0.06046647713164953 15.65067771430822 22.343781092500766 2.5528974282373134e+01 88.1183817439251 200.0   
91 2912 0.05223869137461054 18.358766015938315 22.343781092500766 2.7089916372452059e+01 58.90055004120135 200.0   
92 2944 0.04707596383024291 21.84533835898537 22.343781092500766 2.3712254595458720e+01 93.21932546146154 200.0   
93 2976 0.042318556581063066 20.04936880229871 22.343781092500766 2.4803694542601235e+01 90.33786970958447 200.0   
94 3008 0.03688277956079195 20.816529849873913 22.343781092500766 2.6379258006341377e+01 63.959657369735844 200.0   
95 3040 0.040712987824559344 23.56502177413707 22.343781092500766 2.4257049392565921e+01 70.6726717998716 200.0   
96 3072 0.03861915731382085 20.86503778797661 22.343781092500766 2.6814841870060153e+01 42.11930500915611 200.0   
97 3104 0.037337089625182146 22.024932502463184 22.343781092500766 2.5540998420323493e+01 54.758902103065104 200.0   
98 3136 0.030951101768259114 20.827015392823682 22.343781092500766 2.7882835602919940e+01 73.29176648288279 200.0   
99 3168 0.02619534861570667 18.179085239726607 22.343781092500766 2.3592910348796913e+01 49.198966740693095 200.0   
100 3200 0.02590288422972185 20.510755473332413 22.343781092500766 2.3865276588455973e+01 53.926767702690114 200.0   
101 3232 0.022774828352318657 21.130659928020556 22.343781092500766 2.5550457897316974e+01 49.77858263727961 200.0   
